80.934 82.986 -199.51
80.213 90.198 -207.405
97.655 98.21 -233.4795
86.737 83.995 -218.4525
87.119 76.437 -199.5985
84.098 75.058 -201.4445
76.427 65.588 -170.4385
86.599 80.51 -193.0585
91.603 83.448 -194.6575
84.23 78.866 -179.5905
78.447 74.518 -181.173
79.57 69.52 -181.0635
88.287 77.985 -200.4625
87.593 76.283 -207.182
88.697 74.946 -203.5715
85.185 73.216 -192.827
83.125 70.476 -187.8285
72.356 66.758 -170.3035
65.826 54.867 -163.9985
80.448 68.812 -199.971
66.414 60.876 -158.3055
72.677 66.466 -166.5635
62.83 61.83 -146.3685
75.995 73.752 -183.1085
74.048 74.675 -173.8965
67.812 64.832 -176.1975
78.536 73.133 -191.4395
59.833 55.698 -143.509
57.39 51.415 -139.004
72.879 66.095 -169.6585
66.799 58.693 -164.7325
74.584 66.838 -169.1805
70.433 63.465 -155.7645
69.069 62.303 -159.563
61.97 61.013 -145.744
64.036 58.189 -154.2825
66.624 62.165 -152.8275
69.888 62.852 -163.955
78.251 71.783 -178.148
80.494 73.929 -180.5195
80.735 75.452 -189.204
79.396 72.399 -190.6365
75.929 73.771 -180.1415
76.567 67.708 -171.5895
68.212 67.816 -161.1795
71.337 62.896 -161.6555
74.656 68.734 -174.317
71.748 67.476 -171.719
76.616 71.642 -179.0975
87.271 88.53 -208.3185
75.332 71.138 -185.0105
88.276 81.829 -204.0265
83.174 81.166 -186.9685
80.854 82.165 -192.893
78.397 77.75 -194.477
75.991 70.488 -182.2975
77.979 71.054 -188.6465
76.811 74.352 -180.6635
72.34 64.767 -174.9595
75.746 68.975 -176.123
72.838 64.779 -160.296
77.043 69.615 -180.071
69.396 60.207 -164.1855
81.112 70.303 -185.9735
69.062 60.63 -161.2215
71.809 64.172 -172.8525
79.464 66.416 -176.6265
89.662 81.761 -225.6025
84.176 83.264 -213.879
78.85 75.368 -190.9015
81.839 82.725 -201.2725
81.632 70.759 -188.0415
86.855 81.549 -211.883
82.988 76.292 -185.9845
100.426 84.492 -216.005
98.64 88.787 -221.6685
83.214 82.319 -205.8365
88.589 82.208 -206.033
85.218 75.213 -197.6875
100.257 84.837 -236.9925
90.961 83.886 -216.0675
87.319 74.578 -199.1
93.029 87.316 -224.1125
92.541 84.575 -218.7495
75.745 69.11 -180.9865
70.91 62.153 -164.7845
74.963 74.096 -181.2335
88.414 89.513 -215.9805
91.278 86.435 -213.696
67.638 68.114 -165.815
76.101 71.069 -196.1065
77.421 72.25 -182.483
74.754 69.167 -183.2395
71.381 62.289 -177.6305
93.153 81.103 -205.712
86.872 81.76 -196.5585
94.403 87.621 -222.2435
87.204 74.531 -195.5275
88.451 79.759 -202.55
90.348 83.34 -209.204
86.129 80.776 -212.6215
