52.055 66.959 -141.2435
46.775 62.896 -134.8485
48.705 58.225 -136.259
49.517 58.098 -133.263
45.649 58.938 -132.9575
43.946 54.302 -130.977
47.567 60.989 -143.896
48.5 55.711 -133.585
45.434 50.549 -121.026
42.848 50.881 -119.0115
49.023 53.435 -125.348
48.555 55.574 -130.1295
44.009 46.617 -115.751
45.26 51.208 -119.184
42.907 47.387 -110.193
42.149 44.142 -106.153
41.54 44.076 -110.4815
44.421 45.796 -110.941
40.797 48.075 -116.0945
40.588 44.731 -111.2155
41.653 46.253 -114.365
36.274 40.693 -102.685
39.189 44.597 -100.628
45.08 53.683 -120.8235
51.593 57.596 -141.805
45.725 55.62 -133.405
46.037 54.681 -125.6915
49.883 58.876 -137.856
48.884 60.874 -137.31
44.069 49.552 -126.222
48.589 60.014 -141.951
49.724 51.708 -136.802
58.178 63.6 -159.1065
57.187 62.347 -150.0505
54.625 60.092 -155.022
50.783 56.944 -144.2925
57.954 62.519 -157.9595
55.554 62.672 -150.1985
52.003 54.331 -150.2165
62.676 63.063 -160.8375
51.099 56.629 -131.7825
60.008 61.849 -147.9805
52.059 59.392 -144.9555
51.382 57.695 -144.532
52.786 57.62 -139.5235
49.434 52.779 -139.1955
52.738 55.548 -138.7585
50.358 60.091 -135.787
46.46 49.898 -126.0115
52.305 56.73 -140.8665
53.885 53.605 -139.1375
59.053 63.681 -156.1405
67.228 69.796 -174.5215
54.358 56.275 -149.1165
57.253 59.693 -152.745
53.51 55.403 -145.7965
55.376 55.55 -150.537
51.686 53.018 -138.1155
49.224 47.772 -134.0345
45.106 49.581 -130.2415
44.277 48.262 -118.565
43.441 42.678 -114.337
49.669 51.0 -132.841
48.981 51.957 -122.0255
49.335 50.931 -122.4825
34.422 42.419 -103.039
47.085 54.158 -121.886
50.434 58.975 -135.747
47.281 52.062 -126.0765
45.486 50.197 -130.366
54.517 52.192 -135.232
49.233 47.784 -127.883
44.721 50.646 -120.114
49.195 54.357 -126.224
53.668 54.466 -134.6925
45.184 48.635 -118.8905
52.006 56.779 -139.4705
51.628 57.623 -132.077
43.754 46.023 -121.2815
41.98 47.506 -110.244
42.233 42.825 -113.1575
42.607 40.862 -113.447
49.67 49.805 -133.166
57.724 60.465 -154.643
50.784 58.426 -139.496
53.405 58.796 -145.461
47.944 50.426 -131.929
51.467 50.105 -138.691
56.671 61.142 -148.439
51.781 52.411 -138.7415
46.427 45.839 -125.7565
48.222 49.805 -133.6835
42.057 42.325 -112.503
41.907 43.612 -118.3725
40.432 39.049 -116.4105
39.443 42.669 -111.5445
47.836 48.302 -128.0685
47.157 47.342 -131.766
52.546 57.074 -146.205
55.211 56.628 -144.148
53.915 54.917 -142.943
