BFII_lipid
""
WAVELENGTH	FLUORESCENCE
300.0	195.37673950195312
300.5	204.81687927246094
301.0	215.5983428955078
301.5	225.439697265625
302.0	240.97120666503906
302.5	258.3478698730469
303.0	274.7788391113281
303.5	293.3167724609375
304.0	310.86956787109375
304.5	330.58819580078125
305.0	352.8125305175781
305.5	369.8345947265625
306.0	393.3689880371094
306.5	411.5616760253906
307.0	435.7896728515625
307.5	455.0572814941406
308.0	480.6131896972656
308.5	504.8138732910156
309.0	526.7682495117188
309.5	551.4166259765625
310.0	574.0922241210938
310.5	597.1249389648438
311.0	622.3602905273438
311.5	646.3290405273438
312.0	672.7711791992188
312.5	696.7669677734375
313.0	723.67626953125
313.5	747.97314453125
314.0	774.8593139648438
314.5	804.2843627929688
315.0	826.6571044921875
315.5	856.2013549804688
316.0	878.4501953125
316.5	908.8114624023438
317.0	936.2064208984375
317.5	961.0175170898438
318.0	986.184814453125
318.5	1013.5471801757812
319.0	1037.616943359375
319.5	1064.4588623046875
320.0	1089.0240478515625
320.5	1115.923828125
321.0	1145.44482421875
321.5	1168.191162109375
322.0	1197.4439697265625
322.5	1219.689208984375
323.0	1249.0767822265625
323.5	1275.6490478515625
324.0	1299.8388671875
324.5	1323.822509765625
325.0	1350.3897705078125
325.5	1373.9017333984375
326.0	1400.0399169921875
326.5	1422.9134521484375
327.0	1448.2174072265625
327.5	1475.4957275390625
328.0	1495.775146484375
328.5	1521.91650390625
329.0	1541.235107421875
329.5	1566.5955810546875
330.0	1586.3880615234375
330.5	1609.1524658203125
331.0	1629.0762939453125
331.5	1650.606201171875
332.0	1670.257080078125
332.5	1690.6063232421875
333.0	1712.54541015625
333.5	1729.036376953125
334.0	1750.3468017578125
334.5	1766.8316650390625
335.0	1785.1104736328125
335.5	1800.9847412109375
336.0	1817.280029296875
336.5	1831.9464111328125
337.0	1847.7230224609375
337.5	1864.9083251953125
338.0	1876.8033447265625
338.5	1891.891357421875
339.0	1903.869384765625
339.5	1916.080810546875
340.0	1926.810546875
340.5	1938.1231689453125
341.0	1947.7789306640625
341.5	1958.038330078125
342.0	1968.1717529296875
342.5	1974.998046875
343.0	1983.7293701171875
343.5	1990.427001953125
344.0	1996.652587890625
344.5	2003.0308837890625
345.0	2008.489990234375
345.5	2013.0865478515625
346.0	2017.3148193359375
346.5	2021.7864990234375
347.0	2025.00634765625
347.5	2027.332275390625
348.0	2030.4774169921875
348.5	2031.8277587890625
349.0	2032.988037109375
349.5	2033.611572265625
350.0	2032.974853515625
350.5	2032.8101806640625
351.0	2031.67822265625
351.5	2029.8153076171875
352.0	2027.14794921875
352.5	2025.1915283203125
353.0	2021.88427734375
353.5	2018.392578125
354.0	2014.6484375
354.5	2010.94189453125
355.0	2006.7896728515625
355.5	2001.7435302734375
356.0	1996.7335205078125
356.5	1990.8116455078125
357.0	1983.52685546875
357.5	1977.6273193359375
358.0	1969.914794921875
358.5	1962.06103515625
359.0	1954.4735107421875
359.5	1946.0279541015625
360.0	1939.0423583984375
360.5	1930.1920166015625
361.0	1921.7633056640625
361.5	1911.3275146484375
362.0	1901.3565673828125
362.5	1890.9879150390625
363.0	1880.6663818359375
363.5	1870.6099853515625
364.0	1859.3477783203125
364.5	1848.684814453125
365.0	1835.305908203125
365.5	1822.7545166015625
366.0	1810.5694580078125
366.5	1797.6656494140625
367.0	1785.4105224609375
367.5	1770.988037109375
368.0	1756.2332763671875
368.5	1742.7159423828125
369.0	1727.9239501953125
369.5	1714.626953125
370.0	1699.38037109375
370.5	1684.8592529296875
371.0	1667.78125
371.5	1651.5032958984375
372.0	1636.21240234375
372.5	1619.3197021484375
373.0	1604.2886962890625
373.5	1585.701904296875
374.0	1568.638427734375
374.5	1553.551513671875
375.0	1536.3870849609375
375.5	1520.9058837890625
376.0	1501.625244140625
376.5	1483.7774658203125
377.0	1467.8829345703125
377.5	1450.2227783203125
378.0	1433.2164306640625
378.5	1413.8697509765625
379.0	1395.4163818359375
379.5	1379.0714111328125
380.0	1360.7352294921875
380.5	1344.4068603515625
381.0	1324.7691650390625
381.5	1306.6593017578125
382.0	1289.9610595703125
382.5	1272.4254150390625
383.0	1255.793212890625
383.5	1236.053466796875
384.0	1218.4195556640625
384.5	1201.856689453125
385.0	1183.244873046875
385.5	1166.8135986328125
386.0	1147.844970703125
386.5	1130.6309814453125
387.0	1114.3128662109375
387.5	1096.3360595703125
388.0	1080.3155517578125
388.5	1061.585205078125
389.0	1044.40283203125
389.5	1028.633056640625
390.0	1010.0623168945312
390.5	996.2017822265625
391.0	977.776123046875
391.5	960.52294921875
392.0	945.0686645507812
392.5	927.2342529296875
393.0	913.9857788085938
393.5	897.1045532226562
394.0	881.3026733398438
394.5	867.092041015625
395.0	849.9777221679688
395.5	834.980712890625
396.0	821.0702514648438
396.5	804.8213500976562
397.0	793.0409545898438
397.5	777.1019287109375
398.0	763.0603637695312
398.5	749.9788818359375
399.0	734.2257690429688
399.5	720.2715454101562
400.0	707.9301147460938
400.5	695.4064331054688
401.0	681.9739990234375
401.5	667.5269165039062
402.0	654.64990234375
402.5	643.0794067382812
403.0	629.3642578125
403.5	617.0651245117188
404.0	605.8392333984375
404.5	594.62744140625
405.0	583.0249633789062
405.5	570.6558227539062
406.0	560.5426635742188
406.5	549.2756958007812
407.0	537.2626342773438
407.5	526.4140014648438
408.0	516.9954833984375
408.5	505.6448059082031
409.0	497.01605224609375
409.5	486.40386962890625
410.0	477.3309020996094
410.5	467.43743896484375
411.0	456.89215087890625
411.5	448.0259704589844
412.0	438.94122314453125
412.5	429.0735168457031
413.0	420.20306396484375
413.5	411.94122314453125
414.0	402.5286865234375
414.5	395.4795837402344
415.0	386.6925964355469
415.5	379.0901184082031
416.0	370.9089660644531
416.5	362.4992980957031
417.0	355.6519775390625
417.5	347.8549499511719
418.0	339.9809265136719
418.5	333.70672607421875
419.0	326.4947814941406
419.5	318.9870300292969
420.0	312.3557434082031
420.5	306.3340759277344
421.0	299.1164245605469
421.5	293.8791809082031
422.0	287.2109680175781
422.5	280.5984802246094
423.0	275.39154052734375
423.5	268.8415832519531
424.0	263.7242431640625
424.5	258.05767822265625
425.0	252.02821350097656
425.5	247.118896484375
426.0	241.8623504638672
426.5	236.43478393554688
427.0	231.7693328857422
427.5	226.75277709960938
428.0	221.558349609375
428.5	217.13665771484375
429.0	212.67681884765625
429.5	207.3921356201172
430.0	203.21810913085938
430.5	198.59402465820312
431.0	193.95053100585938
431.5	190.16275024414062
432.0	185.94061279296875
432.5	181.0310821533203
433.0	177.56314086914062
433.5	173.84793090820312
434.0	169.7537078857422
434.5	166.3004150390625
435.0	162.6204071044922
435.5	158.603759765625
436.0	155.3479461669922
436.5	152.0410614013672
437.0	148.4466094970703
437.5	145.4923095703125
438.0	142.32933044433594
438.5	138.9506378173828
439.0	136.30023193359375
439.5	133.22119140625
440.0	130.13003540039062
440.5	127.29473876953125
441.0	124.37236785888672
441.5	121.42181396484375
442.0	118.97679901123047
442.5	116.58483123779297
443.0	113.94912719726562
443.5	111.6779556274414
444.0	109.07109832763672
444.5	106.57284545898438
445.0	104.14664459228516
445.5	102.05460357666016
446.0	99.68710327148438
446.5	97.29916381835938
447.0	95.58441162109375
447.5	93.64306640625
448.0	91.5856704711914
448.5	89.8235092163086
449.0	87.8633041381836
449.5	85.69369506835938
450.0	84.09222412109375
