TRP_nolipid
""
WAVELENGTH	FLUORESCENCE
300.0	107.1427001953125
300.5	114.38247680664062
301.0	122.56066131591797
301.5	130.1661376953125
302.0	141.25454711914062
302.5	154.4141387939453
303.0	166.93411254882812
303.5	180.8855743408203
304.0	194.499755859375
304.5	209.8805694580078
305.0	227.53939819335938
305.5	241.14828491210938
306.0	260.69122314453125
306.5	275.75927734375
307.0	296.6496887207031
307.5	312.9923095703125
308.0	335.6257019042969
308.5	357.4669189453125
309.0	377.47467041015625
309.5	400.476318359375
310.0	422.51519775390625
310.5	445.2877502441406
311.0	471.07257080078125
311.5	494.8443298339844
312.0	521.6544799804688
312.5	547.1396484375
313.0	575.5132446289062
313.5	601.9902954101562
314.0	631.7977294921875
314.5	664.712890625
315.0	689.8124389648438
315.5	724.1715087890625
316.0	750.2420043945312
316.5	786.0475463867188
317.0	819.4008178710938
317.5	850.7371215820312
318.0	881.6544799804688
318.5	916.0570678710938
319.0	948.5816650390625
319.5	984.5491333007812
320.0	1017.2205810546875
320.5	1053.299072265625
321.0	1093.69921875
321.5	1123.9892578125
322.0	1165.1888427734375
322.5	1196.5628662109375
323.0	1239.0655517578125
323.5	1278.8031005859375
324.0	1313.7301025390625
324.5	1349.677001953125
325.0	1390.026123046875
325.5	1426.4849853515625
326.0	1466.4739990234375
326.5	1502.70068359375
327.0	1543.323974609375
327.5	1587.482666015625
328.0	1620.36279296875
328.5	1663.6485595703125
329.0	1696.1163330078125
329.5	1739.693603515625
330.0	1775.5533447265625
330.5	1814.67138671875
331.0	1850.400390625
331.5	1889.5140380859375
332.0	1924.28173828125
332.5	1962.24560546875
333.0	2003.48974609375
333.5	2033.974365234375
334.0	2074.055908203125
334.5	2106.239013671875
335.0	2141.7158203125
335.5	2172.604248046875
336.0	2206.5732421875
336.5	2237.67919921875
337.0	2270.00146484375
337.5	2304.623779296875
338.0	2330.2265625
338.5	2363.56396484375
339.0	2390.118408203125
339.5	2419.177490234375
340.0	2444.72314453125
340.5	2472.2724609375
341.0	2495.674072265625
341.5	2520.92822265625
342.0	2548.564697265625
342.5	2568.230224609375
343.0	2592.142822265625
343.5	2611.97216796875
344.0	2633.6123046875
344.5	2652.096923828125
345.0	2671.583740234375
345.5	2688.211181640625
346.0	2706.133056640625
346.5	2724.106689453125
347.0	2739.0068359375
347.5	2753.59765625
348.0	2766.946044921875
348.5	2780.45263671875
349.0	2792.029541015625
349.5	2803.664794921875
350.0	2814.78076171875
350.5	2823.6884765625
351.0	2832.751220703125
351.5	2839.787841796875
352.0	2847.398681640625
352.5	2853.505615234375
353.0	2859.665283203125
353.5	2864.17236328125
354.0	2868.54345703125
354.5	2871.689208984375
355.0	2875.02490234375
355.5	2877.83984375
356.0	2878.640869140625
356.5	2879.5380859375
357.0	2879.91455078125
357.5	2880.005126953125
358.0	2879.58056640625
358.5	2878.599853515625
359.0	2877.063720703125
359.5	2873.766845703125
360.0	2870.634765625
360.5	2866.632080078125
361.0	2862.846923828125
361.5	2855.834716796875
362.0	2849.45361328125
362.5	2843.615966796875
363.0	2835.881591796875
363.5	2828.588623046875
364.0	2819.22265625
364.5	2810.927001953125
365.0	2798.37451171875
365.5	2787.294189453125
366.0	2776.073974609375
366.5	2763.539794921875
367.0	2751.548828125
367.5	2736.93115234375
368.0	2722.934326171875
368.5	2709.843505859375
369.0	2694.68994140625
369.5	2680.666015625
370.0	2663.474853515625
370.5	2647.522705078125
371.0	2627.86279296875
371.5	2609.20556640625
372.0	2592.5830078125
372.5	2573.3388671875
373.0	2554.41650390625
373.5	2531.91015625
374.0	2511.19775390625
374.5	2492.384033203125
375.0	2470.390380859375
375.5	2449.720947265625
376.0	2423.16259765625
376.5	2399.799560546875
377.0	2378.306884765625
377.5	2354.647705078125
378.0	2332.3876953125
378.5	2305.09326171875
379.0	2280.52490234375
379.5	2258.276611328125
380.0	2232.578369140625
380.5	2209.0859375
381.0	2180.69580078125
381.5	2155.143798828125
382.0	2131.31787109375
382.5	2105.42236328125
383.0	2082.380615234375
383.5	2054.195068359375
384.0	2028.4384765625
384.5	2004.155517578125
385.0	1977.212158203125
385.5	1952.920166015625
386.0	1924.2325439453125
386.5	1897.1932373046875
387.0	1873.6619873046875
387.5	1847.609130859375
388.0	1824.56005859375
388.5	1796.078369140625
389.0	1770.140869140625
389.5	1746.68603515625
390.0	1718.637939453125
390.5	1697.87890625
391.0	1670.1109619140625
391.5	1644.81298828125
392.0	1622.0023193359375
392.5	1594.364013671875
393.0	1574.1138916015625
393.5	1547.04248046875
394.0	1523.2093505859375
394.5	1500.543701171875
395.0	1474.3306884765625
395.5	1450.3887939453125
396.0	1428.6484375
396.5	1403.3497314453125
397.0	1384.6195068359375
397.5	1359.145751953125
398.0	1336.3096923828125
398.5	1315.914794921875
399.0	1291.0614013671875
399.5	1269.1055908203125
400.0	1248.270751953125
400.5	1228.8402099609375
401.0	1206.988525390625
401.5	1183.9677734375
402.0	1163.14404296875
402.5	1144.9720458984375
403.0	1122.68359375
403.5	1102.9705810546875
404.0	1084.6697998046875
404.5	1066.508544921875
405.0	1046.6907958984375
405.5	1025.5091552734375
406.0	1008.5350952148438
406.5	989.6030883789062
407.0	969.6527709960938
407.5	951.3037719726562
408.0	934.89794921875
408.5	915.7410278320312
409.0	901.4556274414062
409.5	882.5392456054688
410.0	866.9097290039062
410.5	850.7115478515625
411.0	832.6199340820312
411.5	817.6836547851562
412.0	802.0828247070312
412.5	784.671142578125
413.0	768.8372192382812
413.5	755.057861328125
414.0	738.798828125
414.5	726.5658569335938
415.0	710.8483276367188
415.5	698.3829956054688
416.0	684.0465087890625
416.5	669.380126953125
417.0	657.2952880859375
417.5	644.6591796875
418.0	630.3624267578125
418.5	619.111572265625
419.0	606.629638671875
419.5	593.2431030273438
420.0	581.0156860351562
420.5	570.1651000976562
421.0	557.1324462890625
421.5	547.8788452148438
422.0	535.5178833007812
422.5	523.5386352539062
423.0	514.5758666992188
423.5	502.81402587890625
424.0	493.3310241699219
424.5	482.86651611328125
425.0	471.7831115722656
425.5	462.63446044921875
426.0	452.91021728515625
426.5	442.45037841796875
427.0	433.86114501953125
427.5	424.6205139160156
428.0	414.7198791503906
428.5	406.5967102050781
429.0	398.0325012207031
429.5	388.7928771972656
430.0	381.451416015625
430.5	373.9281311035156
431.0	365.1636047363281
431.5	358.15960693359375
432.0	350.6328430175781
432.5	342.37579345703125
433.0	335.5860290527344
433.5	328.3267517089844
434.0	320.657958984375
434.5	314.3719482421875
435.0	307.3915100097656
435.5	300.1229248046875
436.0	294.0047607421875
436.5	287.5623474121094
437.0	280.8574523925781
437.5	275.3747253417969
438.0	269.2926330566406
438.5	262.9018859863281
439.0	257.54522705078125
439.5	251.64874267578125
440.0	245.72634887695312
440.5	240.8693084716797
441.0	235.70761108398438
441.5	230.22596740722656
442.0	225.49221801757812
442.5	220.46517944335938
443.0	215.11659240722656
443.5	210.810302734375
444.0	205.8433074951172
444.5	201.1322021484375
445.0	196.26559448242188
445.5	192.46148681640625
446.0	188.25636291503906
446.5	183.6462860107422
447.0	179.80828857421875
447.5	175.60696411132812
448.0	171.0505828857422
448.5	167.64234924316406
449.0	163.6361083984375
449.5	159.71864318847656
450.0	156.34988403320312
