BFII_lipid
""
WAVELENGTH	FLUORESCENCE
300.0	128.1616973876953
300.5	135.33103942871094
301.0	143.31288146972656
301.5	150.56509399414062
302.0	161.9403076171875
302.5	174.82655334472656
303.0	187.2127227783203
303.5	200.96832275390625
304.0	214.18936157226562
304.5	229.0001220703125
305.0	245.94480895996094
305.5	258.90582275390625
306.0	277.2376403808594
306.5	291.3062744140625
307.0	310.8446960449219
307.5	326.1137390136719
308.0	347.2472229003906
308.5	366.8125305175781
309.0	385.1436767578125
309.5	406.03326416015625
310.0	425.1526184082031
310.5	444.8450927734375
311.0	467.5
311.5	488.9413757324219
312.0	512.32763671875
312.5	534.42724609375
313.0	558.803466796875
313.5	581.6300659179688
314.0	607.0283203125
314.5	635.0525512695312
315.0	656.4015502929688
315.5	685.6826171875
316.0	707.6441650390625
316.5	737.1597900390625
317.0	764.3301391601562
317.5	789.7437133789062
318.0	815.1163940429688
318.5	843.1779174804688
319.0	869.1456298828125
319.5	897.976318359375
320.0	923.8515625
320.5	952.5774536132812
321.0	984.8001708984375
321.5	1009.6914672851562
322.0	1042.5992431640625
322.5	1067.5999755859375
323.0	1100.25244140625
323.5	1131.1239013671875
324.0	1159.39208984375
324.5	1187.353271484375
325.0	1218.109375
325.5	1246.4141845703125
326.0	1278.081298828125
326.5	1306.232666015625
327.0	1337.2403564453125
327.5	1370.9053955078125
328.0	1396.26318359375
328.5	1430.0093994140625
329.0	1454.2232666015625
329.5	1486.087890625
330.0	1512.76513671875
330.5	1541.9200439453125
331.0	1567.8221435546875
331.5	1596.4136962890625
332.0	1621.921875
332.5	1649.572998046875
333.0	1679.1080322265625
333.5	1700.768310546875
334.0	1729.9720458984375
334.5	1753.1507568359375
335.0	1778.6998291015625
335.5	1800.5247802734375
336.0	1824.7900390625
336.5	1846.2022705078125
337.0	1869.0435791015625
337.5	1894.240234375
338.0	1912.71240234375
338.5	1935.3692626953125
339.0	1953.289306640625
339.5	1972.6234130859375
340.0	1989.8582763671875
340.5	2008.3092041015625
341.0	2025.2423095703125
341.5	2042.5946044921875
342.0	2059.663330078125
342.5	2072.310546875
343.0	2088.70068359375
343.5	2101.47216796875
344.0	2114.322998046875
344.5	2125.520751953125
345.0	2137.306396484375
345.5	2147.026123046875
346.0	2156.90380859375
346.5	2167.156494140625
347.0	2174.6396484375
347.5	2182.556396484375
348.0	2189.21923828125
348.5	2195.736083984375
349.0	2201.25439453125
349.5	2206.5673828125
350.0	2212.077880859375
350.5	2215.969482421875
351.0	2220.25048828125
351.5	2222.671630859375
352.0	2224.634521484375
352.5	2226.145263671875
353.0	2226.87890625
353.5	2227.67236328125
354.0	2227.407958984375
354.5	2226.76416015625
355.0	2226.1064453125
355.5	2224.0869140625
356.0	2222.036865234375
356.5	2219.7216796875
357.0	2217.19677734375
357.5	2213.9404296875
358.0	2209.4453125
358.5	2203.87646484375
359.0	2198.476318359375
359.5	2192.349365234375
360.0	2186.91455078125
360.5	2180.027587890625
361.0	2173.443603515625
361.5	2164.6611328125
362.0	2156.361572265625
362.5	2148.91162109375
363.0	2139.545166015625
363.5	2131.1279296875
364.0	2121.601806640625
364.5	2112.560302734375
365.0	2100.068603515625
365.5	2088.99267578125
366.0	2078.450439453125
366.5	2066.717041015625
367.0	2055.326904296875
367.5	2040.88623046875
368.0	2026.6927490234375
368.5	2013.605712890625
369.0	1998.85498046875
369.5	1985.3260498046875
370.0	1969.646728515625
370.5	1955.4285888671875
371.0	1938.2198486328125
371.5	1922.0986328125
372.0	1907.243408203125
372.5	1890.126953125
373.0	1873.633544921875
373.5	1854.8448486328125
374.0	1837.1614990234375
374.5	1820.654296875
375.0	1801.6131591796875
375.5	1783.6796875
376.0	1763.434814453125
376.5	1744.1873779296875
377.0	1726.7044677734375
377.5	1707.060546875
378.0	1689.1346435546875
378.5	1667.549560546875
379.0	1647.1953125
379.5	1628.9700927734375
380.0	1608.4903564453125
380.5	1589.6126708984375
381.0	1567.2381591796875
381.5	1546.447265625
382.0	1527.2374267578125
382.5	1506.7103271484375
383.0	1488.479248046875
383.5	1466.3839111328125
384.0	1445.4090576171875
384.5	1426.7181396484375
385.0	1406.7891845703125
385.5	1387.8389892578125
386.0	1365.8486328125
386.5	1345.6705322265625
387.0	1326.94287109375
387.5	1306.9716796875
388.0	1288.664306640625
388.5	1267.233642578125
389.0	1247.5523681640625
389.5	1229.3607177734375
390.0	1207.359375
390.5	1191.59619140625
391.0	1170.3348388671875
391.5	1150.72314453125
392.0	1132.923828125
392.5	1112.265869140625
393.0	1096.7886962890625
393.5	1076.5096435546875
394.0	1057.748291015625
394.5	1041.357666015625
395.0	1021.619873046875
395.5	1003.77099609375
396.0	988.099853515625
396.5	968.8209228515625
397.0	955.2191162109375
397.5	936.7384643554688
398.0	919.92236328125
398.5	904.695556640625
399.0	886.6616821289062
399.5	870.4325561523438
400.0	855.9544067382812
400.5	841.470458984375
401.0	825.503173828125
401.5	808.2381591796875
402.0	793.294189453125
402.5	779.3563232421875
403.0	763.5230712890625
403.5	748.71142578125
404.0	735.7067260742188
404.5	722.6942138671875
405.0	708.3797607421875
405.5	693.2509765625
406.0	680.944091796875
406.5	667.3785400390625
407.0	653.166259765625
407.5	640.4322509765625
408.0	629.0860595703125
408.5	615.1290283203125
409.0	604.4658203125
409.5	591.228271484375
410.0	580.5620727539062
410.5	568.9974975585938
411.0	556.63671875
411.5	546.482421875
412.0	535.2804565429688
412.5	523.096435546875
413.0	512.441650390625
413.5	502.7392883300781
414.0	491.7309265136719
414.5	483.2381286621094
415.0	472.3704528808594
415.5	463.3341369628906
416.0	453.7060546875
416.5	443.75433349609375
417.0	435.4801330566406
417.5	426.6999206542969
418.0	416.82373046875
418.5	409.159423828125
419.0	400.8865051269531
419.5	391.51922607421875
420.0	382.9729309082031
420.5	375.50067138671875
421.0	367.0315246582031
421.5	360.7076110839844
422.0	352.51019287109375
422.5	344.80242919921875
423.0	339.05853271484375
423.5	331.18939208984375
424.0	324.683349609375
424.5	317.7790832519531
425.0	310.2766418457031
425.5	304.3694763183594
426.0	297.8748779296875
426.5	290.8441467285156
427.0	285.15484619140625
427.5	279.0401916503906
428.0	272.43988037109375
428.5	267.22393798828125
429.0	261.4298400878906
429.5	255.3479766845703
430.0	250.44435119628906
430.5	245.16697692871094
431.0	239.3168487548828
431.5	234.60926818847656
432.0	229.50022888183594
432.5	224.04733276367188
433.0	219.75880432128906
433.5	214.95037841796875
434.0	209.7711639404297
434.5	205.8156280517578
435.0	201.0301513671875
435.5	196.32386779785156
436.0	192.4425811767578
436.5	188.27670288085938
437.0	183.9910888671875
437.5	180.62701416015625
438.0	176.73883056640625
438.5	172.45004272460938
439.0	168.95755004882812
439.5	165.32589721679688
440.0	161.52687072753906
440.5	158.5178680419922
441.0	155.0767364501953
441.5	151.4900665283203
442.0	148.55181884765625
442.5	145.3821563720703
443.0	141.93362426757812
443.5	139.34884643554688
444.0	136.42222595214844
444.5	133.3727264404297
445.0	130.3151092529297
445.5	127.81031799316406
446.0	124.9820785522461
446.5	122.15446472167969
447.0	119.78475189208984
447.5	117.34254455566406
448.0	114.52449035644531
448.5	112.42623138427734
449.0	109.99046325683594
449.5	107.2376937866211
450.0	105.08013153076172
