72.626 72.163 -185.9905
85.485 76.915 -189.983
80.655 71.383 -187.683
88.56 82.556 -186.697
81.172 71.345 -175.8705
77.041 65.927 -164.6185
67.105 71.211 -161.3455
84.87 72.256 -172.3275
69.523 70.568 -173.0415
97.835 82.37 -189.957
85.336 78.179 -171.31
77.063 71.143 -171.6405
56.882 57.559 -148.117
65.438 61.041 -154.711
54.659 50.926 -139.7185
66.476 56.871 -151.859
49.31 49.962 -129.1715
70.868 56.527 -151.096
50.596 48.191 -122.222
77.801 54.529 -136.45
59.362 53.595 -138.2835
53.69 59.364 -145.8255
50.951 51.233 -119.7735
55.509 49.218 -135.5525
47.492 51.595 -131.7335
62.92 49.492 -131.0595
67.268 54.952 -133.9815
85.627 58.349 -150.4375
59.838 52.516 -137.756
56.243 51.376 -146.496
75.963 64.925 -167.1315
70.285 61.712 -157.053
73.762 56.549 -164.3445
82.815 64.413 -168.7695
54.527 52.644 -147.449
71.703 53.984 -139.309
60.08 52.95 -139.8205
93.829 61.113 -163.5465
63.352 57.096 -148.7655
91.831 56.422 -154.5575
76.586 53.114 -151.121
71.133 54.196 -140.8535
63.416 53.815 -144.7595
115.418 52.398 -143.5285
74.923 49.404 -134.281
62.721 50.603 -134.9005
89.939 47.927 -125.6355
54.455 45.106 -124.239
65.562 43.585 -116.609
68.407 47.712 -124.9565
61.818 46.418 -126.592
58.528 44.089 -116.647
66.177 44.628 -129.813
60.537 52.24 -134.9675
56.629 53.984 -139.549
62.624 49.048 -131.7395
63.064 50.594 -124.6185
65.095 48.32 -124.8045
66.476 52.107 -131.4975
49.786 46.372 -124.8715
56.425 52.649 -121.4925
47.314 48.253 -131.0415
67.13 55.578 -135.603
68.865 54.3 -141.9065
65.273 57.968 -149.996
69.997 59.745 -154.0615
45.73 49.217 -130.487
61.791 47.967 -118.9785
46.28 42.465 -112.398
39.831 39.304 -93.9015
41.197 38.621 -90.152
52.356 47.247 -103.7045
56.766 46.911 -113.7715
53.428 38.981 -93.597
36.093 40.374 -96.41
47.199 43.954 -106.105
45.514 39.951 -108.332
55.631 49.192 -123.1605
58.087 47.745 -118.9595
49.358 48.893 -127.099
58.6 54.524 -128.965
62.376 53.083 -128.4505
45.583 44.353 -111.585
47.977 44.015 -120.693
52.916 42.684 -115.3895
54.016 49.413 -119.636
45.967 39.045 -107.9365
45.55 37.423 -98.3295
59.64 44.651 -108.5525
56.118 39.451 -110.3195
51.41 45.032 -127.5525
52.136 44.074 -121.1965
58.881 50.41 -129.298
58.965 44.273 -123.7005
55.447 42.245 -112.858
54.62 40.346 -115.0685
45.151 44.11 -109.902
60.01 48.285 -141.7
71.26 49.169 -136.2315
48.118 49.366 -121.1585
55.022 43.845 -122.0095
