 750000.000   28.592
 750500.000   29.144
 751000.000   27.767
 751500.000   27.616
 752000.000   27.617
 752500.000   27.302
 753000.000   28.246
 753500.000   28.147
 754000.000   27.785
 754500.000   27.694
 755000.000   26.627
 755500.000   27.276
 756000.000   27.435
 756500.000   28.951
 757000.000   28.045
 757500.000   27.626
 758000.000   29.024
 758500.000   27.420
 759000.000   27.557
 759500.000   27.219
 760000.000   27.430
 760500.000   29.378
 761000.000   28.859
 761500.000   27.816
 762000.000   27.447
 762500.000   27.285
 763000.000   27.629
 763500.000   29.631
 764000.000   27.671
 764500.000   27.253
 765000.000   27.280
 765500.000   28.878
 766000.000   29.246
 766500.000   28.016
 767000.000   28.289
 767500.000   27.854
 768000.000   28.849
 768500.000   27.755
 769000.000   27.070
 769500.000   28.736
 770000.000   28.729
 770500.000   27.981
 771000.000   28.066
 771500.000   29.008
 772000.000   27.365
 772500.000   27.163
 773000.000   26.505
 773500.000   27.461
 774000.000   27.125
 774500.000   27.939
 775000.000   28.469
 775500.000   27.473
 776000.000   27.396
 776500.000   28.020
 777000.000   27.324
 777500.000   26.732
 778000.000   26.877
 778500.000   27.233
 779000.000   26.604
 779500.000   26.858
 780000.000   26.978
 780500.000   27.007
 781000.000   26.860
 781500.000   28.144
 782000.000   27.782
 782500.000   27.523
 783000.000   27.421
 783500.000   27.460
 784000.000   28.445
 784500.000   27.221
 785000.000   27.642
 785500.000   27.672
 786000.000   27.219
 786500.000   28.091
 787000.000   28.777
 787500.000   28.201
 788000.000   29.544
 788500.000   28.640
 789000.000   27.835
 789500.000   28.233
 790000.000   28.251
 790500.000   28.260
 791000.000   28.570
 791500.000   27.457
 792000.000   27.488
 792500.000   27.348
 793000.000   28.312
 793500.000   28.082
 794000.000   28.227
 794500.000   27.469
 795000.000   26.251
 795500.000   27.515
 796000.000   26.574
 796500.000   28.063
 797000.000   27.890
 797500.000   27.310
 798000.000   28.833
 798500.000   28.363
 799000.000   27.325
 799500.000   27.345
 800000.000   27.279
 800500.000   27.121
 801000.000   28.148
 801500.000   29.523
 802000.000   27.737
 802500.000   28.306
 803000.000   27.453
 803500.000   27.322
 804000.000   25.946
 804500.000   28.398
 805000.000   28.275
 805500.000   27.260
 806000.000   28.803
 806500.000   28.191
 807000.000   28.752
 807500.000   28.289
 808000.000   29.046
 808500.000   28.193
 809000.000   29.029
 809500.000   29.122
 810000.000   27.952
 810500.000   29.003
 811000.000   27.406
 811500.000   28.225
 812000.000   27.144
 812500.000   27.759
 813000.000   27.751
 813500.000   27.696
 814000.000   28.161
 814500.000   27.056
 815000.000   27.747
 815500.000   26.811
 816000.000   28.016
 816500.000   27.511
 817000.000   27.165
 817500.000   28.217
 818000.000   27.115
 818500.000   27.747
 819000.000   27.397
 819500.000   27.711
 820000.000   29.093
 820500.000   27.696
 821000.000   28.677
 821500.000   27.677
 822000.000   27.015
 822500.000   28.054
 823000.000   27.870
 823500.000   26.605
 824000.000   26.495
 824500.000   27.573
 825000.000   27.368
 825500.000   28.070
 826000.000   28.437
 826500.000   27.963
 827000.000   29.356
 827500.000   29.322
 828000.000   27.009
 828500.000   28.296
 829000.000   27.026
 829500.000   27.929
 830000.000   27.899
 830500.000   27.734
 831000.000   27.558
 831500.000   27.689
 832000.000   29.073
 832500.000   27.083
 833000.000   27.784
 833500.000   27.152
 834000.000   28.348
 834500.000   27.079
 835000.000   29.260
 835500.000   27.465
 836000.000   28.738
 836500.000   29.150
 837000.000   28.963
 837500.000   28.902
 838000.000   29.488
 838500.000   29.375
 839000.000   28.921
 839500.000   29.478
 840000.000   27.997
 840500.000   28.080
 841000.000   28.379
 841500.000   27.719
 842000.000   28.203
 842500.000   28.844
 843000.000   28.796
 843500.000   27.772
 844000.000   27.741
 844500.000   28.339
 845000.000   27.980
 845500.000   29.094
 846000.000   27.563
 846500.000   28.206
 847000.000   27.602
 847500.000   28.325
 848000.000   28.251
 848500.000   28.421
 849000.000   29.408
 849500.000   28.961
 850000.000   29.471
 850500.000   29.801
 851000.000   28.789
 851500.000   30.022
 852000.000   30.613
 852500.000   30.356
 853000.000   30.674
 853500.000   30.320
 854000.000   29.940
 854500.000   29.005
 855000.000   28.546
 855500.000   29.273
 856000.000   27.915
 856500.000   28.666
 857000.000   29.668
 857500.000   29.458
 858000.000   28.373
 858500.000   28.903
 859000.000   28.552
 859500.000   27.466
 860000.000   28.282
 860500.000   27.931
 861000.000   27.230
 861500.000   27.517
 862000.000   28.703
 862500.000   27.888
 863000.000   29.208
 863500.000   28.603
 864000.000   28.975
 864500.000   29.323
 865000.000   29.145
 865500.000   28.482
 866000.000   28.741
 866500.000   30.036
 867000.000   27.135
 867500.000   28.860
 868000.000   27.538
 868500.000   28.148
 869000.000   28.187
 869500.000   28.817
 870000.000   26.685
 870500.000   28.989
 871000.000   28.343
 871500.000   28.184
 872000.000   28.498
 872500.000   28.559
 873000.000   28.324
 873500.000   29.318
 874000.000   28.473
 874500.000   28.918
 875000.000   28.133
 875500.000   29.277
 876000.000   28.484
 876500.000   28.288
 877000.000   28.640
 877500.000   28.658
 878000.000   28.675
 878500.000   29.906
 879000.000   28.910
 879500.000   28.075
 880000.000   27.870
 880500.000   28.876
 881000.000   28.500
 881500.000   29.272
 882000.000   29.055
 882500.000   28.672
 883000.000   29.571
 883500.000   28.386
 884000.000   27.949
 884500.000   29.138
 885000.000   28.583
 885500.000   29.907
 886000.000   27.263
 886500.000   27.856
 887000.000   29.191
 887500.000   29.966
 888000.000   29.411
 888500.000   29.942
 889000.000   28.278
 889500.000   28.186
 890000.000   28.430
 890500.000   29.533
 891000.000   27.815
 891500.000   28.027
 892000.000   29.454
 892500.000   28.052
 893000.000   28.531
 893500.000   28.353
 894000.000   28.375
 894500.000   27.522
 895000.000   28.037
 895500.000   28.018
 896000.000   28.455
 896500.000   28.496
 897000.000   29.205
 897500.000   29.591
 898000.000   29.720
 898500.000   28.634
 899000.000   29.163
 899500.000   28.722
 900000.000   29.418
 900500.000   28.105
 901000.000   27.329
 901500.000   27.039
 902000.000   28.064
 902500.000   28.667
 903000.000   28.291
 903500.000   28.016
 904000.000   29.199
 904500.000   29.361
 905000.000   28.980
 905500.000   29.638
 906000.000   29.537
 906500.000   29.954
 907000.000   28.059
 907500.000   29.781
 908000.000   29.152
 908500.000   28.386
 909000.000   30.594
 909500.000   28.831
 910000.000   29.247
 910500.000   30.142
 911000.000   29.631
 911500.000   30.040
 912000.000   30.410
 912500.000   29.707
 913000.000   30.747
 913500.000   31.144
 914000.000   29.215
 914500.000   31.372
 915000.000   31.078
 915500.000   31.221
 916000.000   31.094
 916500.000   29.628
 917000.000   31.302
 917500.000   31.075
 918000.000   30.698
 918500.000   28.966
 919000.000   30.872
 919500.000   29.888
 920000.000   29.352
 920500.000   29.866
 921000.000   31.001
 921500.000   30.030
 922000.000   30.717
 922500.000   30.675
 923000.000   29.936
 923500.000   29.118
 924000.000   29.082
 924500.000   28.798
 925000.000   29.537
 925500.000   29.573
 926000.000   29.674
 926500.000   29.428
 927000.000   29.644
 927500.000   30.024
 928000.000   29.341
 928500.000   29.453
 929000.000   29.924
 929500.000   29.820
 930000.000   30.465
 930500.000   29.935
 931000.000   29.358
 931500.000   29.468
 932000.000   29.280
 932500.000   29.732
 933000.000   30.125
 933500.000   29.590
 934000.000   29.223
 934500.000   27.683
 935000.000   27.861
 935500.000   29.436
 936000.000   29.808
 936500.000   30.140
 937000.000   30.682
 937500.000   29.121
 938000.000   28.973
 938500.000   30.259
 939000.000   29.439
 939500.000   29.851
 940000.000   28.865
 940500.000   28.922
 941000.000   29.942
 941500.000   28.393
 942000.000   28.165
 942500.000   29.852
 943000.000   29.375
 943500.000   29.858
 944000.000   28.574
 944500.000   28.471
 945000.000   28.475
 945500.000   28.478
 946000.000   29.052
 946500.000   27.748
 947000.000   29.040
 947500.000   28.503
 948000.000   28.263
 948500.000   29.071
 949000.000   28.594
 949500.000   29.320
 950000.000   30.565
 950500.000   28.945
 951000.000   29.583
 951500.000   27.352
 952000.000   28.822
 952500.000   27.387
 953000.000   29.742
 953500.000   28.767
 954000.000   29.168
 954500.000   28.556
 955000.000   28.060
 955500.000   28.822
 956000.000   29.908
 956500.000   29.004
 957000.000   28.289
 957500.000   29.439
 958000.000   28.445
 958500.000   28.140
 959000.000   28.897
 959500.000   28.241
 960000.000   28.317
 960500.000   28.978
 961000.000   29.322
 961500.000   29.125
 962000.000   28.540
 962500.000   30.291
 963000.000   28.922
 963500.000   27.939
 964000.000   30.269
 964500.000   30.098
 965000.000   28.517
 965500.000   29.536
 966000.000   30.276
 966500.000   29.039
 967000.000   29.940
 967500.000   28.649
 968000.000   29.005
 968500.000   30.010
 969000.000   29.965
 969500.000   29.449
 970000.000   28.750
 970500.000   29.692
 971000.000   29.043
 971500.000   28.994
 972000.000   29.201
 972500.000   28.919
 973000.000   29.255
 973500.000   29.889
 974000.000   29.452
 974500.000   29.499
 975000.000   29.338
 975500.000   28.606
 976000.000   29.108
 976500.000   28.641
 977000.000   28.750
 977500.000   29.527
 978000.000   29.409
 978500.000   29.463
 979000.000   29.208
 979500.000   28.873
 980000.000   28.232
 980500.000   28.246
 981000.000   27.856
 981500.000   28.374
 982000.000   28.612
 982500.000   28.640
 983000.000   29.692
 983500.000   27.977
 984000.000   28.758
 984500.000   29.036
 985000.000   28.430
 985500.000   29.240
 986000.000   29.310
 986500.000   28.971
 987000.000   29.740
 987500.000   28.666
 988000.000   28.586
 988500.000   28.924
 989000.000   29.464
 989500.000   27.564
 990000.000   29.279
 990500.000   29.683
 991000.000   28.392
 991500.000   30.003
 992000.000   28.844
 992500.000   29.782
 993000.000   29.990
 993500.000   29.308
 994000.000   29.463
 994500.000   30.022
 995000.000   29.279
 995500.000   28.125
 996000.000   29.914
 996500.000   29.554
 997000.000   30.186
 997500.000   29.432
 998000.000   28.580
 998500.000   29.086
 999000.000   29.898
 999500.000   29.240
1000000.000   28.854
