 750000.000 0.992855 0.501031 0.926301 0.928684
 750500.000 0.972100 0.506943 0.904612 0.902575
 751000.000 0.995856 0.522139 0.928200 0.921561
 751500.000 0.982800 0.496839 0.920204 0.915516
 752000.000 0.956014 0.526214 0.882224 0.879037
 752500.000 0.951430 0.491866 0.887920 0.883236
 753000.000 0.989623 0.501357 0.919368 0.928500
 753500.000 0.966845 0.504739 0.900559 0.896555
 754000.000 0.971156 0.529294 0.897087 0.895192
 754500.000 0.972811 0.539522 0.893398 0.896368
 755000.000 0.960663 0.548181 0.880267 0.877711
 755500.000 0.942084 0.568776 0.855244 0.848586
 756000.000 0.951286 0.515051 0.878430 0.879188
 756500.000 0.955183 0.542460 0.868659 0.880862
 757000.000 0.951022 0.557349 0.857071 0.873886
 757500.000 0.973248 0.564980 0.896269 0.878592
 758000.000 0.971851 0.543500 0.905902 0.879168
 758500.000 0.966783 0.534165 0.889529 0.890362
 759000.000 0.976579 0.529110 0.913092 0.890909
 759500.000 0.976150 0.518029 0.911818 0.897759
 760000.000 0.972639 0.513086 0.900332 0.904543
 760500.000 0.995360 0.530371 0.922505 0.921508
 761000.000 0.978193 0.518828 0.902943 0.910622
 761500.000 0.993034 0.520497 0.918909 0.925700
 762000.000 1.001268 0.515362 0.926530 0.938626
 762500.000 0.976085 0.528479 0.890457 0.912840
 763000.000 1.006624 0.506185 0.929773 0.951778
 763500.000 0.997945 0.540879 0.927660 0.915797
 764000.000 0.975025 0.509724 0.899870 0.912010
 764500.000 1.005420 0.540161 0.931195 0.928890
 765000.000 0.976131 0.558800 0.888665 0.896483
 765500.000 0.977387 0.547035 0.893934 0.901225
 766000.000 0.980614 0.561600 0.895446 0.897768
 766500.000 0.976198 0.545519 0.886203 0.907182
 767000.000 0.963441 0.537588 0.876808 0.893669
 767500.000 0.992176 0.561670 0.897781 0.920512
 768000.000 0.988288 0.542240 0.903347 0.918349
 768500.000 0.959417 0.536669 0.877795 0.884547
 769000.000 0.958999 0.528430 0.886117 0.880294
 769500.000 0.967903 0.526186 0.892549 0.894514
 770000.000 1.016139 0.529310 0.947066 0.942322
 770500.000 0.964154 0.566075 0.887893 0.866251
 771000.000 0.987067 0.569452 0.916890 0.885235
 771500.000 0.960024 0.573404 0.875384 0.864987
 772000.000 0.980428 0.599353 0.899775 0.868136
 772500.000 0.959817 0.592105 0.872194 0.855096
 773000.000 0.963949 0.605334 0.874377 0.852895
 773500.000 0.989695 0.600846 0.917842 0.869219
 774000.000 0.935745 0.626914 0.843285 0.804418
 774500.000 0.991195 0.617922 0.917826 0.860639
 775000.000 0.970909 0.639477 0.895153 0.821644
 775500.000 0.933315 0.617390 0.840570 0.808966
 776000.000 0.974391 0.585129 0.896001 0.868148
 776500.000 0.976739 0.523624 0.911405 0.896212
 777000.000 0.993606 0.549402 0.918755 0.910249
 777500.000 0.988776 0.574690 0.905525 0.897279
 778000.000 0.952561 0.590291 0.861940 0.850507
 778500.000 0.970169 0.562339 0.895571 0.874175
 779000.000 0.960921 0.575854 0.887784 0.852625
 779500.000 0.954274 0.560267 0.874423 0.861838
 780000.000 0.946053 0.567311 0.857368 0.856218
 780500.000 0.964516 0.508202 0.896610 0.893536
 781000.000 0.988187 0.493573 0.924782 0.924224
 781500.000 0.926812 0.537352 0.844207 0.846479
 782000.000 0.927491 0.556847 0.831186 0.848252
 782500.000 0.953953 0.542313 0.870043 0.876912
 783000.000 0.956284 0.526300 0.868870 0.892767
 783500.000 0.940553 0.537476 0.847063 0.873433
 784000.000 0.927245 0.526107 0.831684 0.866648
 784500.000 0.945687 0.533443 0.854699 0.879531
 785000.000 0.960954 0.550256 0.870686 0.886560
 785500.000 0.978199 0.501343 0.903834 0.919502
 786000.000 0.968495 0.503246 0.888823 0.912524
 786500.000 0.981259 0.518548 0.897283 0.922893
 787000.000 0.967024 0.511003 0.886042 0.907788
 787500.000 0.950841 0.514187 0.870874 0.886221
 788000.000 0.937990 0.535921 0.842279 0.873501
 788500.000 0.944512 0.523240 0.850231 0.887430
 789000.000 0.957859 0.512331 0.873216 0.899998
 789500.000 0.994234 0.495882 0.920523 0.940076
 790000.000 0.966497 0.504609 0.886250 0.910035
 790500.000 0.946225 0.518401 0.855921 0.888451
 791000.000 0.955485 0.510986 0.870471 0.898376
 791500.000 0.963060 0.495642 0.883348 0.910497
 792000.000 0.932858 0.516152 0.847242 0.869606
 792500.000 0.947805 0.506061 0.870548 0.884713
 793000.000 0.932422 0.535374 0.846334 0.857855
 793500.000 0.932065 0.524278 0.847966 0.862309
 794000.000 0.950456 0.508193 0.872061 0.887683
 794500.000 0.927749 0.525582 0.839873 0.860125
 795000.000 0.945738 0.522113 0.870400 0.871000
 795500.000 0.914111 0.523009 0.827652 0.844188
 796000.000 0.943836 0.526167 0.867937 0.866882
 796500.000 0.961346 0.512352 0.887179 0.893746
 797000.000 0.961906 0.529805 0.893878 0.877963
 797500.000 0.951453 0.533798 0.878092 0.868641
 798000.000 0.946823 0.521190 0.867562 0.876724
 798500.000 0.956658 0.508461 0.886199 0.886853
 799000.000 0.962609 0.544959 0.887672 0.876521
 799500.000 0.964178 0.519384 0.890070 0.892913
 800000.000 0.957700 0.516009 0.888074 0.882859
 800500.000 0.944026 0.539450 0.867647 0.859390
 801000.000 0.938522 0.541354 0.861731 0.852060
 801500.000 0.907960 0.512269 0.822604 0.842429
 802000.000 0.886005 0.538919 0.793267 0.806413
 802500.000 0.931398 0.522827 0.857742 0.852019
 803000.000 0.922532 0.551443 0.830470 0.841641
 803500.000 0.981606 0.565653 0.917580 0.874747
 804000.000 0.988751 0.545768 0.921858 0.898651
 804500.000 0.981137 0.536220 0.901083 0.908724
 805000.000 0.976418 0.493324 0.910661 0.913297
 805500.000 0.950924 0.543729 0.854505 0.884700
 806000.000 0.958281 0.563546 0.856930 0.885827
 806500.000 0.960018 0.549228 0.863800 0.891890
 807000.000 0.954053 0.519507 0.872509 0.888410
 807500.000 0.986878 0.529073 0.915213 0.911221
 808000.000 0.959600 0.523215 0.881366 0.889441
 808500.000 0.969761 0.517224 0.899492 0.896809
 809000.000 0.960849 0.522224 0.878220 0.895809
 809500.000 0.950952 0.543146 0.860783 0.879013
 810000.000 0.958796 0.548123 0.861637 0.892033
 810500.000 0.963962 0.562662 0.876089 0.879958
 811000.000 0.980650 0.565816 0.883784 0.906713
 811500.000 0.967221 0.534663 0.875739 0.904571
 812000.000 0.971234 0.552613 0.865053 0.912630
 812500.000 0.958513 0.516909 0.873236 0.898753
 813000.000 0.933098 0.529878 0.840054 0.868840
 813500.000 0.949319 0.527028 0.854799 0.891051
 814000.000 0.987351 0.521877 0.915383 0.916211
 814500.000 0.990284 0.538322 0.904942 0.923372
 815000.000 0.984454 0.529357 0.901892 0.919060
 815500.000 0.989107 0.543669 0.909191 0.913489
 816000.000 0.984098 0.530824 0.898485 0.920786
 816500.000 0.979675 0.533281 0.884757 0.923225
 817000.000 0.990072 0.527589 0.900871 0.933042
 817500.000 0.975077 0.517004 0.885264 0.922262
 818000.000 0.979959 0.513214 0.901475 0.919018
 818500.000 0.978414 0.513578 0.904427 0.912600
 819000.000 0.996665 0.519042 0.913651 0.939425
 819500.000 1.021448 0.537406 0.929413 0.966489
 820000.000 0.999434 0.559063 0.899497 0.935997
 820500.000 1.022686 0.581881 0.942859 0.929625
 821000.000 0.996020 0.579566 0.891798 0.923533
 821500.000 0.948492 0.595856 0.830941 0.868197
 822000.000 1.003145 0.575345 0.887104 0.945847
 822500.000 1.001352 0.545750 0.908643 0.939114
 823000.000 0.986517 0.575517 0.877226 0.919611
 823500.000 0.962614 0.543831 0.867679 0.897012
 824000.000 0.983641 0.534779 0.896051 0.919893
 824500.000 1.032036 0.576764 0.944522 0.951534
 825000.000 0.982210 0.629514 0.884713 0.866296
 825500.000 0.965195 0.588896 0.853757 0.887414
 826000.000 1.014109 0.644723 0.904128 0.907590
 826500.000 0.982425 0.657978 0.876887 0.853495
 827000.000 1.013014 0.639549 0.927374 0.885071
 827500.000 0.954166 0.629640 0.841462 0.846380
 828000.000 1.041918 0.625646 0.953974 0.932569
 828500.000 1.028090 0.657970 0.930389 0.902988
 829000.000 1.045846 0.678885 0.923745 0.934558
 829500.000 1.060080 0.661161 0.965953 0.936662
 830000.000 1.020522 0.618732 0.914430 0.929473
 830500.000 1.025888 0.649293 0.916335 0.918500
 831000.000 1.009221 0.576917 0.908939 0.937042
 831500.000 1.001433 0.606097 0.895454 0.914627
 832000.000 1.070344 0.548171 0.991173 1.004169
 832500.000 1.047810 0.555810 0.951518 0.990707
 833000.000 1.084607 0.514269 1.017362 1.026278
 833500.000 1.028047 0.585508 0.951888 0.929974
 834000.000 1.090424 0.551077 1.021172 1.015663
 834500.000 1.043185 0.587878 0.952234 0.961311
 835000.000 1.058562 0.598713 0.981366 0.958942
 835500.000 1.033689 0.567235 0.941140 0.964119
 836000.000 1.005004 0.528848 0.919200 0.946286
 836500.000 1.043272 0.556055 0.956693 0.975896
 837000.000 1.026153 0.575368 0.945302 0.938795
 837500.000 1.055353 0.599110 0.952811 0.980183
 838000.000 1.054249 0.572800 0.965907 0.980717
 838500.000 1.051082 0.589060 0.959763 0.970262
 839000.000 1.038962 0.555771 0.959065 0.964467
 839500.000 1.064102 0.563661 0.981828 0.991425
 840000.000 1.046512 0.552639 0.969892 0.971738
 840500.000 1.029050 0.544788 0.950787 0.957652
 841000.000 1.018033 0.581598 0.932620 0.929917
 841500.000 1.032640 0.578214 0.943727 0.952752
 842000.000 1.027786 0.552925 0.937234 0.963616
 842500.000 1.076643 0.536615 0.995139 1.019835
 843000.000 1.092143 0.556782 1.006802 1.030483
 843500.000 1.072182 0.560248 0.998200 0.994417
 844000.000 1.071071 0.594197 0.985731 0.984708
 844500.000 1.074991 0.551202 1.001913 1.001777
 845000.000 1.044562 0.594212 0.940959 0.971455
 845500.000 1.113275 0.587456 1.032101 1.033647
 846000.000 1.081108 0.601757 0.998029 0.989654
 846500.000 1.043534 0.615756 0.955273 0.941395
 847000.000 1.059904 0.619229 0.965257 0.965207
 847500.000 1.071825 0.659213 0.979813 0.950273
 848000.000 1.103069 0.653364 1.027200 0.975448
 848500.000 1.159189 0.630324 1.083507 1.056476
 849000.000 1.148374 0.613056 1.059855 1.066956
 849500.000 1.161492 0.652808 1.064170 1.067478
 850000.000 1.169015 0.653222 1.073714 1.074072
 850500.000 1.131124 0.649959 1.050439 1.016373
 851000.000 1.077008 0.603093 0.998815 0.979050
 851500.000 1.085669 0.545408 1.015475 1.014246
 852000.000 1.091384 0.586847 1.010678 1.008157
 852500.000 1.057112 0.526168 0.973530 1.005166
 853000.000 1.061493 0.538905 0.980972 1.000406
 853500.000 1.081280 0.542848 0.992462 1.028916
 854000.000 1.111375 0.561320 1.032364 1.043769
 854500.000 1.081057 0.564093 0.998431 1.011090
 855000.000 1.061926 0.611639 0.964401 0.975296
 855500.000 1.020647 0.579991 0.923905 0.945224
 856000.000 1.092094 0.566828 1.020543 1.011206
 856500.000 1.046944 0.607246 0.967202 0.942314
 857000.000 1.050149 0.570009 0.976757 0.962633
 857500.000 1.068407 0.572297 0.989162 0.988444
 858000.000 1.076078 0.615051 0.999604 0.968706
 858500.000 1.089297 0.626777 1.020784 0.968651
 859000.000 1.067715 0.600505 0.986667 0.972581
 859500.000 1.018809 0.556180 0.933202 0.946437
 860000.000 1.039177 0.568525 0.946745 0.969654
 860500.000 1.052794 0.606244 0.968465 0.954619
 861000.000 0.970579 0.558220 0.867483 0.905490
 861500.000 1.018703 0.552848 0.929737 0.951556
 862000.000 1.043971 0.580402 0.952908 0.966878
 862500.000 1.066855 0.582531 0.963650 1.004189
 863000.000 1.117106 0.554926 1.019306 1.071879
 863500.000 1.102744 0.547380 1.016358 1.048560
 864000.000 1.105891 0.537805 1.022953 1.053718
 864500.000 1.084258 0.597628 0.986908 1.009993
 865000.000 1.071232 0.586245 0.968738 1.006450
 865500.000 1.117103 0.566573 1.032675 1.052813
 866000.000 1.111209 0.619281 1.009682 1.032764
 866500.000 1.106708 0.599999 1.017444 1.026847
 867000.000 1.076256 0.575356 0.981429 1.011145
 867500.000 1.051233 0.582262 0.937628 0.995996
 868000.000 1.058023 0.606444 0.956206 0.978121
 868500.000 1.111354 0.529622 1.040019 1.052651
 869000.000 1.049076 0.514621 0.961652 1.005739
 869500.000 1.077920 0.546987 0.994997 1.017157
 870000.000 1.055301 0.534547 0.966563 1.003661
 870500.000 1.062981 0.516688 0.976777 1.019214
 871000.000 1.086607 0.525417 1.004691 1.037286
 871500.000 1.072097 0.530250 0.986369 1.022105
 872000.000 1.092661 0.501386 1.018418 1.048452
 872500.000 1.089977 0.511976 1.011463 1.044472
 873000.000 1.087398 0.536554 1.001226 1.036592
 873500.000 1.087750 0.518171 1.019461 1.028882
 874000.000 1.069645 0.500598 1.001520 1.017172
 874500.000 1.061787 0.516901 0.981373 1.012178
 875000.000 1.060201 0.600807 0.978888 0.963774
 875500.000 1.089039 0.615178 1.014819 0.981688
 876000.000 1.049494 0.592650 0.965881 0.958496
 876500.000 1.022862 0.562234 0.920053 0.964307
 877000.000 1.080774 0.571730 0.985326 1.019020
 877500.000 1.096547 0.563893 1.007184 1.035584
 878000.000 1.074672 0.636910 0.959220 0.992009
 878500.000 1.011078 0.587274 0.886322 0.956086
 879000.000 1.022434 0.568315 0.913167 0.966378
 879500.000 1.003769 0.568537 0.876104 0.961411
 880000.000 1.016108 0.562189 0.903136 0.966043
 880500.000 1.060580 0.558268 0.946384 1.020957
 881000.000 1.015394 0.563543 0.889768 0.976106
 881500.000 1.008618 0.585225 0.887370 0.951162
 882000.000 0.995386 0.564597 0.885834 0.937079
 882500.000 1.021851 0.570420 0.909524 0.967339
 883000.000 1.045472 0.553102 0.934527 1.003375
 883500.000 1.038414 0.561158 0.931572 0.986855
 884000.000 1.075611 0.543513 0.977387 1.031108
 884500.000 1.066033 0.566093 0.949051 1.025521
 885000.000 1.133900 0.532817 1.038795 1.099304
 885500.000 1.177478 0.584427 1.079574 1.125112
 886000.000 1.187980 0.536044 1.105637 1.145782
 886500.000 1.136738 0.552764 1.038756 1.095347
 887000.000 1.164576 0.522153 1.076740 1.131576
 887500.000 1.179186 0.519159 1.108315 1.132727
 888000.000 1.131894 0.549137 1.033166 1.092420
 888500.000 1.148307 0.565831 1.040447 1.111092
 889000.000 1.160652 0.576101 1.054982 1.117742
 889500.000 1.134442 0.549475 1.029115 1.101325
 890000.000 1.144469 0.539140 1.048441 1.108927
 890500.000 1.146596 0.511480 1.065750 1.109924
 891000.000 1.117581 0.540444 1.026278 1.073614
 891500.000 1.121558 0.549903 1.024943 1.078370
 892000.000 1.112421 0.565200 1.012755 1.062938
 892500.000 1.122733 0.535001 1.036035 1.077711
 893000.000 1.098155 0.581709 0.987731 1.047803
 893500.000 1.088417 0.572751 0.979721 1.039908
 894000.000 1.105772 0.598841 0.998406 1.044048
 894500.000 1.147402 0.575907 1.040644 1.103836
 895000.000 1.127684 0.580394 1.016859 1.082812
 895500.000 1.108220 0.586308 1.003683 1.051270
 896000.000 1.082823 0.540904 0.992024 1.033598
 896500.000 1.074275 0.542729 0.984038 1.022373
 897000.000 1.092461 0.510536 1.009505 1.052233
 897500.000 1.107021 0.589295 0.991311 1.058784
 898000.000 1.045386 0.554694 0.943016 0.994333
 898500.000 1.024608 0.563247 0.919319 0.968117
 899000.000 1.032456 0.578365 0.926780 0.968765
 899500.000 1.048758 0.591236 0.934083 0.988794
 900000.000 1.029387 0.593029 0.920954 0.958872
 900500.000 1.090915 0.578168 0.996696 1.025920
 901000.000 1.012197 0.629804 0.884944 0.932366
 901500.000 1.000875 0.625206 0.862371 0.932168
 902000.000 1.011878 0.631005 0.889078 0.926913
 902500.000 1.043899 0.627558 0.924307 0.965028
 903000.000 1.029190 0.647227 0.901278 0.941942
 903500.000 1.044588 0.658093 0.911731 0.958117
 904000.000 1.032344 0.656821 0.891077 0.951859
 904500.000 1.066565 0.641106 0.942799 0.987539
 905000.000 1.088170 0.594130 0.984117 1.023109
 905500.000 1.034172 0.613257 0.900679 0.975559
 906000.000 1.058741 0.632473 0.924298 0.993739
 906500.000 1.023309 0.654979 0.868142 0.954805
 907000.000 1.024017 0.634194 0.877043 0.962191
 907500.000 1.058639 0.605425 0.934975 1.000359
 908000.000 1.022865 0.607288 0.889624 0.965545
 908500.000 1.061963 0.632949 0.921820 1.002575
 909000.000 0.984562 0.617878 0.825420 0.935753
 909500.000 1.028248 0.638989 0.873760 0.970992
 910000.000 1.100101 0.645340 0.954147 1.045746
 910500.000 1.065374 0.648596 0.917123 1.004119
 911000.000 1.017797 0.628808 0.870242 0.958696
 911500.000 1.052011 0.648619 0.908610 0.983452
 912000.000 1.032513 0.650977 0.882021 0.964590
 912500.000 1.035157 0.648098 0.888329 0.966407
 913000.000 1.068528 0.648065 0.923564 1.005258
 913500.000 1.058137 0.633597 0.912682 1.002434
 914000.000 1.047236 0.644864 0.890866 0.991924
 914500.000 1.051226 0.644211 0.903457 0.989399
 915000.000 1.065838 0.664250 0.930974 0.981878
 915500.000 1.072365 0.644211 0.951038 0.990177
 916000.000 1.138277 0.644323 0.996577 1.087673
 916500.000 1.073006 0.681218 0.909485 1.005715
 917000.000 1.076378 0.648536 0.932422 1.013495
 917500.000 1.080389 0.628621 0.947938 1.020161
 918000.000 1.071884 0.616811 0.954051 1.003593
 918500.000 1.064348 0.560376 0.954384 1.020199
 919000.000 1.060414 0.612004 0.925513 1.008877
 919500.000 1.069317 0.555712 0.968598 1.019746
 920000.000 1.066775 0.531244 0.971107 1.025060
 920500.000 1.067843 0.566993 0.950718 1.027244
 921000.000 1.092715 0.556545 0.990480 1.047501
 921500.000 1.086220 0.604328 0.964006 1.032099
 922000.000 1.059443 0.598975 0.945797 0.995760
 922500.000 1.066014 0.609213 0.942976 1.006195
 923000.000 1.045493 0.583959 0.927999 0.991928
 923500.000 1.006205 0.607653 0.866235 0.951469
 924000.000 1.059242 0.543130 0.949652 1.023306
 924500.000 1.064318 0.575630 0.946552 1.018937
 925000.000 1.049261 0.591611 0.920424 1.002355
 925500.000 1.059040 0.570273 0.941050 1.016043
 926000.000 1.052946 0.610686 0.927641 0.991935
 926500.000 1.074474 0.607479 0.945662 1.022587
 927000.000 1.095640 0.638857 0.948442 1.045548
 927500.000 1.066393 0.607764 0.937848 1.012645
 928000.000 1.078075 0.617662 0.960346 1.010307
 928500.000 1.005362 0.637417 0.869998 0.926451
 929000.000 1.053501 0.624480 0.914258 0.996937
 929500.000 1.044433 0.627623 0.919586 0.970633
 930000.000 1.096514 0.640261 0.984211 1.012957
 930500.000 1.083706 0.641477 0.954276 1.013264
 931000.000 1.092889 0.613531 0.956853 1.047294
 931500.000 1.040956 0.642017 0.897454 0.974457
 932000.000 1.131276 0.597189 1.013036 1.084755
 932500.000 1.094234 0.626291 0.944375 1.053856
 933000.000 1.116855 0.652935 0.964562 1.066785
 933500.000 1.106550 0.635190 0.975389 1.045972
 934000.000 1.128945 0.587408 1.025412 1.073553
 934500.000 1.015843 0.567414 0.895857 0.969203
 935000.000 1.042494 0.602165 0.921949 0.980304
 935500.000 1.034941 0.593438 0.900851 0.989194
 936000.000 1.025965 0.577478 0.903153 0.977775
 936500.000 1.057629 0.607612 0.909555 1.020134
 937000.000 1.048907 0.613269 0.904829 1.002795
 937500.000 1.066150 0.594996 0.945718 1.012398
 938000.000 1.064291 0.602215 0.937453 1.011904
 938500.000 1.084314 0.595985 0.955363 1.040939
 939000.000 1.084653 0.597389 0.970066 1.027151
 939500.000 1.098098 0.580212 0.988815 1.047492
 940000.000 1.062497 0.600646 0.934208 1.012066
 940500.000 1.077111 0.571070 0.962208 1.033620
 941000.000 1.063255 0.589054 0.946245 1.009286
 941500.000 1.034108 0.576955 0.918544 0.980898
 942000.000 1.006958 0.566704 0.896040 0.950730
 942500.000 1.050962 0.605058 0.920661 0.997662
 943000.000 1.023983 0.595305 0.900100 0.965669
 943500.000 1.061743 0.635966 0.917128 1.004500
 944000.000 1.033226 0.627066 0.885384 0.978772
 944500.000 1.060092 0.642147 0.912908 1.000919
 945000.000 1.035621 0.632142 0.882906 0.982800
 945500.000 1.037995 0.611937 0.905992 0.979580
 946000.000 1.033450 0.637388 0.886698 0.971359
 946500.000 1.028107 0.587623 0.903894 0.975543
 947000.000 1.048657 0.609577 0.922301 0.988505
 947500.000 1.020112 0.610700 0.880244 0.966164
 948000.000 1.011524 0.621658 0.860098 0.959235
 948500.000 1.042964 0.607314 0.905208 0.993637
 949000.000 1.009844 0.610932 0.864541 0.958592
 949500.000 1.045028 0.602740 0.917337 0.989629
 950000.000 1.037545 0.639353 0.888694 0.976961
 950500.000 1.050075 0.645417 0.908951 0.981101
 951000.000 1.051672 0.638312 0.916243 0.982387
 951500.000 1.082513 0.648492 0.953151 1.007288
 952000.000 1.093981 0.651813 0.956962 1.026134
 952500.000 1.069684 0.603727 0.959363 1.001792
 953000.000 1.081980 0.614509 0.965383 1.015764
 953500.000 1.075261 0.594750 0.953799 1.024164
 954000.000 1.079663 0.603766 0.993928 0.989402
 954500.000 1.049674 0.637080 0.907420 0.987091
 955000.000 1.102897 0.640809 0.956062 1.052650
 955500.000 1.059181 0.579688 0.941937 1.010172
 956000.000 1.098966 0.617651 0.972470 1.043197
 956500.000 1.086707 0.622092 0.951037 1.034599
 957000.000 1.075088 0.584070 0.965623 1.018854
 957500.000 1.095696 0.658821 0.934442 1.045884
 958000.000 1.062367 0.623160 0.918141 1.012885
 958500.000 1.073847 0.629891 0.930694 1.021440
 959000.000 1.070873 0.581947 0.948800 1.026964
 959500.000 1.017024 0.608022 0.892366 0.950088
 960000.000 1.059535 0.635149 0.923653 0.994324
 960500.000 1.058109 0.626036 0.915181 1.004844
 961000.000 1.049428 0.563474 0.941276 0.999548
 961500.000 1.086489 0.602326 0.961284 1.036364
 962000.000 1.087191 0.588784 0.973012 1.034674
 962500.000 1.057119 0.616310 0.925920 0.998917
 963000.000 1.064808 0.659794 0.901826 1.009462
 963500.000 1.072763 0.664243 0.907608 1.018170
 964000.000 1.141503 0.628417 1.004897 1.096053
 964500.000 1.123457 0.658428 0.964278 1.077476
 965000.000 1.072451 0.659729 0.908540 1.019616
 965500.000 1.099883 0.619246 0.952262 1.062647
 966000.000 1.066912 0.617238 0.913362 1.030238
 966500.000 1.085626 0.587306 0.958212 1.045977
 967000.000 1.049740 0.575752 0.923495 1.009742
 967500.000 1.063152 0.629168 0.907213 1.020635
 968000.000 1.100188 0.617757 0.965403 1.052237
 968500.000 1.088814 0.548976 0.984809 1.048717
 969000.000 1.085009 0.537987 1.000100 1.031919
 969500.000 1.118625 0.594070 1.000646 1.071649
 970000.000 1.120201 0.601017 1.008750 1.063439
 970500.000 1.112496 0.604083 0.987832 1.065161
 971000.000 1.073235 0.554714 0.971946 1.025320
 971500.000 1.101326 0.567834 0.988956 1.060835
 972000.000 1.096691 0.570571 0.974464 1.063171
 972500.000 1.127485 0.587374 1.004688 1.089972
 973000.000 1.089319 0.490788 1.018855 1.046085
 973500.000 1.090554 0.573006 0.975219 1.048441
 974000.000 1.089841 0.546867 0.988759 1.048236
 974500.000 1.062935 0.498878 0.987883 1.017286
 975000.000 1.060416 0.551382 0.960952 1.010698
 975500.000 1.012930 0.545873 0.903211 0.968653
 976000.000 1.042669 0.614196 0.899567 0.993912
 976500.000 1.075981 0.631474 0.927352 1.027974
 977000.000 1.050010 0.587765 0.934366 0.993245
 977500.000 1.077315 0.623003 0.942447 1.022193
 978000.000 1.087017 0.605216 0.956988 1.039760
 978500.000 1.079883 0.593545 0.954727 1.033679
 979000.000 1.071797 0.596353 0.945471 1.023691
 979500.000 1.074442 0.610326 0.934026 1.031480
 980000.000 1.051799 0.585381 0.927197 1.005085
 980500.000 1.053967 0.621867 0.916208 0.997766
 981000.000 1.065483 0.624036 0.911847 1.024511
 981500.000 1.039812 0.570337 0.918394 0.996839
 982000.000 1.079692 0.632360 0.931533 1.031423
 982500.000 1.047919 0.556391 0.934192 1.006968
 983000.000 1.050326 0.571363 0.918966 1.017554
 983500.000 1.058236 0.582042 0.936236 1.012135
 984000.000 1.090789 0.530796 1.001459 1.046411
 984500.000 1.106633 0.523639 1.025798 1.059629
 985000.000 1.106148 0.544680 1.001418 1.071265
 985500.000 1.121848 0.510100 1.047897 1.076475
 986000.000 1.105674 0.495302 1.035679 1.061639
 986500.000 1.107087 0.550984 1.010733 1.061188
 987000.000 1.125071 0.518667 1.045934 1.081007
 987500.000 1.101053 0.530559 1.009047 1.060645
 988000.000 1.069229 0.525694 0.982622 1.022057
 988500.000 1.103691 0.554391 1.009485 1.053498
 989000.000 1.081046 0.574610 0.977929 1.025084
 989500.000 1.102758 0.582069 0.988359 1.056642
 990000.000 1.120463 0.630504 0.971022 1.081876
 990500.000 1.136913 0.641814 0.992961 1.089608
 991000.000 1.111003 0.644664 0.956110 1.067201
 991500.000 1.078942 0.589299 0.967759 1.021961
 992000.000 1.102471 0.627973 0.964724 1.051590
 992500.000 1.100293 0.601757 0.974625 1.053225
 993000.000 1.100757 0.628322 0.959184 1.052858
 993500.000 1.065436 0.636824 0.914123 1.014468
 994000.000 1.046901 0.611597 0.903162 1.001125
 994500.000 1.061055 0.645646 0.894181 1.017475
 995000.000 1.084339 0.675708 0.900352 1.041331
 995500.000 1.054396 0.633013 0.895151 1.010692
 996000.000 1.065220 0.666489 0.886918 1.019096
 996500.000 1.038323 0.614720 0.895193 0.988423
 997000.000 1.063207 0.685939 0.870595 1.016057
 997500.000 1.054740 0.613096 0.918881 1.002359
 998000.000 1.065780 0.606543 0.932712 1.016822
 998500.000 1.067237 0.637579 0.916266 1.015844
 999000.000 1.075087 0.696464 0.874196 1.030700
 999500.000 1.066909 0.689628 0.875435 1.017161
1000000.000 1.081746 0.696848 0.899737 1.022361
