54.452 64.724 -144.6275
55.384 61.733 -136.9975
54.327 63.211 -137.1085
69.966 75.347 -168.4005
48.814 48.587 -113.8005
44.995 41.409 -99.496
45.415 54.055 -121.9945
42.264 49.151 -112.648
43.753 46.613 -97.6205
49.341 52.643 -120.4775
35.002 43.53 -99.3935
51.441 58.01 -134.8925
58.736 58.844 -144.2155
42.878 47.574 -118.429
41.314 44.289 -98.912
58.293 55.471 -128.3975
57.486 51.67 -135.0
57.677 53.64 -138.5585
45.335 45.854 -106.8125
49.418 48.395 -121.298
45.773 47.943 -109.108
51.648 41.373 -104.2715
43.605 47.61 -110.3775
51.515 53.274 -129.009
58.786 54.34 -148.4365
48.176 51.366 -128.064
45.626 44.022 -118.1335
54.25 53.201 -142.6235
45.651 47.42 -118.7755
44.701 47.906 -116.601
59.939 52.526 -128.7575
54.688 48.344 -117.538
39.498 36.041 -97.2415
55.035 51.733 -129.7535
42.257 47.401 -109.012
38.441 38.352 -103.066
62.383 63.399 -151.041
54.334 58.231 -152.032
60.257 58.992 -159.475
70.074 75.638 -171.944
66.4 59.623 -156.1945
64.412 61.77 -150.089
68.876 65.383 -167.677
58.135 58.338 -146.466
58.34 55.085 -133.1715
65.055 59.781 -155.958
70.758 70.19 -177.5965
61.358 63.872 -162.1235
50.72 56.41 -143.225
50.009 52.623 -126.772
50.478 48.248 -125.808
46.954 45.618 -117.9255
56.573 61.109 -134.7015
51.093 49.077 -111.032
54.383 48.909 -125.4865
55.889 53.398 -138.4135
58.108 57.337 -146.5425
56.462 64.323 -150.8785
59.893 59.463 -151.3605
51.297 54.103 -129.905
57.76 58.949 -152.23
60.913 59.476 -153.546
64.805 64.864 -158.865
61.388 64.688 -144.307
54.515 54.804 -131.919
52.076 57.001 -126.354
45.517 45.945 -114.1275
54.487 51.811 -130.245
54.074 51.13 -130.785
59.791 64.949 -146.043
56.624 57.764 -137.2905
57.107 51.891 -123.7775
49.539 49.376 -121.777
38.977 38.251 -95.2785
41.888 42.65 -107.4645
44.533 49.822 -120.737
44.779 47.682 -116.2945
48.307 43.739 -117.6235
43.675 42.293 -118.319
43.131 45.842 -119.7935
49.475 53.134 -131.192
51.598 52.663 -130.934
57.38 50.522 -138.441
46.631 42.242 -115.502
45.408 43.28 -115.269
54.324 49.926 -138.616
64.616 54.68 -146.838
45.912 43.726 -117.8525
52.419 46.774 -130.525
40.463 41.755 -105.834
48.421 47.812 -124.7305
59.417 47.606 -144.372
57.313 61.161 -139.8375
59.935 56.68 -152.5425
61.755 54.231 -147.8955
61.054 60.221 -146.843
54.831 52.492 -141.4105
59.132 53.323 -141.8225
45.461 45.854 -129.198
59.903 57.627 -150.688
56.665 54.913 -146.922
