48.26 57.038 -119.5895
50.345 55.051 -129.209
49.395 47.984 -122.467
60.668 51.963 -123.601
53.755 56.352 -131.009
50.922 46.428 -102.967
49.59 48.317 -125.734
50.659 52.558 -116.0955
68.329 51.268 -109.0675
48.402 55.025 -106.8185
55.801 53.232 -128.806
66.842 65.335 -142.9075
62.543 63.501 -147.5585
57.03 57.606 -137.0285
50.54 49.063 -118.721
64.94 50.685 -134.5515
64.511 60.069 -155.197
55.438 49.393 -129.9755
73.101 65.987 -166.4385
66.206 67.827 -166.292
65.511 62.637 -154.9655
66.447 61.951 -151.672
65.113 58.173 -154.8765
56.865 56.018 -134.4705
52.874 49.479 -119.0535
47.074 49.875 -114.854
48.292 50.029 -122.6125
58.707 59.549 -133.7615
56.319 54.966 -121.913
49.577 47.557 -110.243
38.832 44.156 -93.616
39.941 44.274 -94.5785
49.187 49.271 -104.98
40.34 45.998 -99.683
42.262 44.088 -111.6285
37.294 42.916 -93.0825
44.741 50.447 -100.1325
46.491 54.493 -108.6455
55.223 63.835 -133.6975
49.76 53.598 -121.4785
50.43 54.186 -115.7755
51.597 46.931 -110.4585
47.654 45.707 -107.7695
50.841 48.853 -110.537
46.745 43.922 -104.7135
50.522 55.68 -123.762
46.073 49.774 -108.2115
49.66 44.959 -95.3535
50.735 45.998 -112.9425
46.27 50.627 -118.663
47.932 54.112 -109.526
63.358 54.197 -132.3835
45.92 47.4 -103.601
39.398 41.79 -95.141
37.901 42.632 -92.4385
40.064 45.177 -90.6755
41.75 46.753 -92.7815
44.081 48.107 -108.7075
50.369 51.495 -110.645
53.549 52.109 -108.474
54.906 58.281 -120.0145
43.254 46.495 -100.5275
41.223 47.644 -104.139
41.208 48.94 -91.331
40.154 39.095 -86.0095
38.601 45.543 -82.786
36.557 42.638 -84.032
45.037 51.293 -98.3275
44.804 44.526 -99.428
38.895 41.683 -96.4075
40.31 40.262 -93.22
35.897 33.657 -86.9395
41.828 37.633 -100.889
39.419 40.906 -103.419
41.009 39.786 -105.377
43.275 41.614 -98.7165
44.993 51.969 -116.4915
52.315 46.556 -122.946
44.225 40.138 -110.401
43.273 44.966 -102.168
42.331 40.403 -97.1295
40.89 40.572 -93.794
47.333 44.688 -101.5345
35.408 47.199 -87.5265
47.259 48.881 -121.2075
47.057 42.099 -114.737
49.893 54.327 -114.094
43.836 47.206 -105.513
41.603 46.303 -96.2085
46.787 49.024 -113.4395
49.387 49.541 -130.4805
50.631 46.629 -114.684
46.725 46.481 -112.695
54.462 51.359 -125.8605
47.08 46.078 -114.8745
48.98 50.612 -120.621
46.368 55.41 -125.5855
48.012 45.844 -105.4955
44.161 48.002 -107.937
39.293 42.361 -90.3745
46.951 43.321 -100.888
