 750000.000    0.966
 750500.000    5.220
 751000.000    0.088
 751500.000    5.841
 752000.000    3.994
 752500.000    3.749
 753000.000    3.648
 753500.000    2.439
 754000.000    4.966
 754500.000    3.319
 755000.000    1.914
 755500.000    0.784
 756000.000    3.300
 756500.000    2.182
 757000.000    3.135
 757500.000   -0.155
 758000.000    0.613
 758500.000    0.086
 759000.000    2.771
 759500.000    3.486
 760000.000    1.195
 760500.000   -0.010
 761000.000    2.704
 761500.000    7.239
 762000.000    3.727
 762500.000    3.931
 763000.000    0.253
 763500.000    2.439
 764000.000    0.702
 764500.000    3.396
 765000.000    1.933
 765500.000    2.004
 766000.000    2.100
 766500.000    3.568
 767000.000    3.994
 767500.000    2.865
 768000.000    2.091
 768500.000    3.032
 769000.000    4.271
 769500.000    4.434
 770000.000    3.919
 770500.000   -0.077
 771000.000    1.735
 771500.000    1.046
 772000.000    2.432
 772500.000   -0.264
 773000.000    0.429
 773500.000    3.482
 774000.000    3.136
 774500.000    0.964
 775000.000    1.742
 775500.000    2.521
 776000.000   -0.688
 776500.000    1.293
 777000.000    6.528
 777500.000    2.870
 778000.000    1.743
 778500.000    3.733
 779000.000   -0.178
 779500.000    3.729
 780000.000    2.514
 780500.000    2.702
 781000.000    1.314
 781500.000    2.608
 782000.000    0.846
 782500.000    3.213
 783000.000    2.521
 783500.000    6.535
 784000.000    0.354
 784500.000    3.490
 785000.000    1.559
 785500.000    1.731
 786000.000    1.202
 786500.000    4.865
 787000.000   -0.081
 787500.000   -0.785
 788000.000    3.399
 788500.000   -0.343
 789000.000    6.872
 789500.000    0.610
 790000.000    3.491
 790500.000    2.696
 791000.000    3.380
 791500.000    3.829
 792000.000    4.265
 792500.000    2.343
 793000.000    4.173
 793500.000    5.653
 794000.000   -0.171
 794500.000   -0.617
 795000.000    2.010
 795500.000    2.173
 796000.000    1.215
 796500.000    3.211
 797000.000    2.869
 797500.000    4.350
 798000.000    1.896
 798500.000    4.526
 799000.000    2.792
 799500.000    3.314
 800000.000    2.345
 800500.000    1.744
 801000.000    3.380
 801500.000    1.987
 802000.000    1.295
 802500.000    4.606
 803000.000    2.075
 803500.000    1.027
 804000.000    1.642
 804500.000    1.044
 805000.000   -0.090
 805500.000    2.964
 806000.000    4.336
 806500.000    5.134
 807000.000    3.305
 807500.000    3.655
 808000.000    2.776
 808500.000    4.002
 809000.000    2.260
 809500.000    3.319
 810000.000   -0.707
 810500.000    4.256
 811000.000    5.383
 811500.000    4.436
 812000.000    6.448
 812500.000    2.437
 813000.000    2.350
 813500.000    1.738
 814000.000    1.213
 814500.000    2.338
 815000.000    4.879
 815500.000    0.602
 816000.000    3.120
 816500.000    3.397
 817000.000    0.954
 817500.000    2.968
 818000.000    2.968
 818500.000   -0.077
 819000.000    3.562
 819500.000   -0.423
 820000.000    1.665
 820500.000    3.481
 821000.000    1.321
 821500.000    5.482
 822000.000    3.236
 822500.000    5.474
 823000.000    0.088
 823500.000    3.227
 824000.000    1.838
 824500.000    4.460
 825000.000    1.389
 825500.000    3.834
 826000.000    2.003
 826500.000    4.095
 827000.000    4.705
 827500.000    2.883
 828000.000    2.798
 828500.000    7.757
 829000.000    3.937
 829500.000    2.090
 830000.000    1.758
 830500.000    4.002
 831000.000    4.957
 831500.000    1.919
 832000.000    5.397
 832500.000    1.311
 833000.000    3.303
 833500.000    2.613
 834000.000    2.439
 834500.000   -1.399
 835000.000    3.582
 835500.000    1.319
 836000.000    1.930
 836500.000    2.448
 837000.000    1.738
 837500.000    0.968
 838000.000    1.215
 838500.000   -0.778
 839000.000    1.655
 839500.000    4.623
 840000.000    1.653
 840500.000    1.307
 841000.000    0.599
 841500.000    1.138
 842000.000    0.258
 842500.000    1.655
 843000.000    5.227
 843500.000    5.394
 844000.000    5.571
 844500.000    0.441
 845000.000    2.437
 845500.000    1.130
 846000.000   -0.775
 846500.000    1.907
 847000.000    1.841
 847500.000    3.843
 848000.000    2.350
 848500.000    3.749
 849000.000   -1.385
 849500.000    2.104
 850000.000    2.183
 850500.000    1.142
 851000.000   -0.074
 851500.000    3.140
 852000.000    2.618
 852500.000    0.801
 853000.000    2.964
 853500.000    2.874
 854000.000    1.562
 854500.000    1.222
 855000.000    4.190
 855500.000    2.189
 856000.000    0.178
 856500.000    0.287
 857000.000   -0.061
 857500.000    1.589
 858000.000    1.300
 858500.000    3.502
 859000.000   -0.425
 859500.000    0.100
 860000.000    0.530
 860500.000    4.187
 861000.000    2.178
 861500.000    0.613
 862000.000    1.834
 862500.000    2.709
 863000.000    0.441
 863500.000    5.323
 864000.000    4.357
 864500.000    3.140
 865000.000    2.107
 865500.000    3.145
 866000.000    2.350
 866500.000    2.095
 867000.000    4.542
 867500.000    3.836
 868000.000   -0.427
 868500.000    1.563
 869000.000    2.444
 869500.000    4.185
 870000.000    3.848
 870500.000    2.189
 871000.000    2.968
 871500.000    2.881
 872000.000    3.231
 872500.000    0.780
 873000.000    1.397
 873500.000    0.606
 874000.000    3.830
 874500.000    2.617
 875000.000    3.667
 875500.000   -0.509
 876000.000    0.439
 876500.000    2.269
 877000.000    2.643
 877500.000    3.930
 878000.000   -2.077
 878500.000    1.926
 879000.000    1.316
 879500.000    0.618
 880000.000    1.827
 880500.000    3.843
 881000.000    3.743
 881500.000    2.263
 882000.000    2.434
 882500.000    4.361
 883000.000    5.670
 883500.000    6.448
 884000.000    4.357
 884500.000    0.961
 885000.000    1.926
 885500.000    2.888
 886000.000    3.919
 886500.000    0.794
 887000.000    2.797
 887500.000    3.470
 888000.000    0.872
 888500.000    1.035
 889000.000    0.787
 889500.000    3.472
 890000.000    0.526
 890500.000    0.352
 891000.000    3.922
 891500.000    2.615
 892000.000    1.664
 892500.000    1.495
 893000.000    1.678
 893500.000   -0.876
 894000.000    2.891
 894500.000    1.747
 895000.000    0.107
 895500.000    1.921
 896000.000    2.533
 896500.000    4.192
 897000.000    2.276
 897500.000    2.625
 898000.000    1.584
 898500.000    2.278
 899000.000    4.375
 899500.000    1.664
 900000.000    1.236
 900500.000    2.966
 901000.000    0.276
 901500.000    5.596
 902000.000    2.721
 902500.000    1.763
 903000.000    3.241
 903500.000    1.497
 904000.000    2.794
 904500.000    4.096
 905000.000    0.972
 905500.000    4.547
 906000.000    3.672
 906500.000    1.500
 907000.000    1.763
 907500.000    3.850
 908000.000    3.857
 908500.000    4.629
 909000.000    3.600
 909500.000    3.230
 910000.000    1.495
 910500.000    3.930
 911000.000   -0.771
 911500.000    2.436
 912000.000    0.698
 912500.000    2.790
 913000.000    0.169
 913500.000    2.428
 914000.000    2.957
 914500.000    2.709
 915000.000    1.390
 915500.000    2.182
 916000.000    2.792
 916500.000    3.060
 917000.000    5.754
 917500.000    0.707
 918000.000   -0.074
 918500.000    0.173
 919000.000    2.363
 919500.000    2.278
 920000.000    1.759
 920500.000    2.796
 921000.000   -0.068
 921500.000    0.810
 922000.000    1.582
 922500.000   -0.777
 923000.000   -0.248
 923500.000    0.892
 924000.000    3.592
 924500.000    1.399
 925000.000    2.639
 925500.000   -0.239
 926000.000    1.222
 926500.000    0.986
 927000.000    5.410
 927500.000    1.147
 928000.000   -0.146
 928500.000    0.370
 929000.000    1.133
 929500.000   -3.640
 930000.000   -0.141
 930500.000   -0.067
 931000.000   -2.063
 931500.000    1.138
 932000.000   -0.343
 932500.000    2.024
 933000.000    1.477
 933500.000   -0.515
 934000.000   -1.037
 934500.000    1.051
 935000.000    3.330
 935500.000   -0.246
 936000.000    2.877
 936500.000    2.519
 937000.000    0.180
 937500.000    0.097
 938000.000    3.223
 938500.000    2.096
 939000.000    0.011
 939500.000    2.533
 940000.000    2.450
 940500.000    3.232
 941000.000    0.876
 941500.000   -0.430
 942000.000    2.018
 942500.000    3.067
 943000.000    2.091
 943500.000    2.712
 944000.000    2.272
 944500.000    1.750
 945000.000    0.189
 945500.000    2.457
 946000.000    1.832
 946500.000    1.493
 947000.000    1.483
 947500.000    1.394
 948000.000    2.180
 948500.000   -2.700
 949000.000   -2.780
 949500.000    0.618
 950000.000    0.354
 950500.000    0.079
 951000.000    2.192
 951500.000    1.404
 952000.000    3.392
 952500.000    1.680
 953000.000    4.891
 953500.000    0.540
 954000.000    1.669
 954500.000    0.526
 955000.000   -0.771
 955500.000    0.272
 956000.000   -0.253
 956500.000    2.792
 957000.000    1.843
 957500.000    1.142
 958000.000    3.493
 958500.000    2.004
 959000.000    1.220
 959500.000    1.484
 960000.000    2.792
 960500.000    4.010
 961000.000    3.145
 961500.000    3.665
 962000.000    0.892
 962500.000    1.655
 963000.000    1.316
 963500.000    2.624
 964000.000    3.319
 964500.000    2.350
 965000.000    4.272
 965500.000    0.448
 966000.000    3.481
 966500.000    1.584
 967000.000    0.879
 967500.000    1.500
 968000.000    3.671
 968500.000   -0.615
 969000.000    0.954
 969500.000    2.712
 970000.000    2.428
 970500.000    0.709
 971000.000    3.841
 971500.000    4.001
 972000.000   -0.755
 972500.000    3.832
 973000.000    1.745
 973500.000    0.523
 974000.000   -0.260
 974500.000    0.098
 975000.000   -0.157
 975500.000   -0.581
 976000.000    2.363
 976500.000    3.055
 977000.000   -0.251
 977500.000   -1.018
 978000.000    0.537
 978500.000   -2.691
 979000.000    2.364
 979500.000    0.890
 980000.000    2.357
 980500.000    2.100
 981000.000    0.625
 981500.000    1.055
 982000.000    2.020
 982500.000    3.670
 983000.000   -1.717
 983500.000    2.707
 984000.000    4.187
 984500.000    0.448
 985000.000    2.540
 985500.000    1.147
 986000.000   -0.927
 986500.000   -0.244
 987000.000    1.316
 987500.000   -0.423
 988000.000    0.097
 988500.000   -0.603
 989000.000   -0.422
 989500.000   -0.599
 990000.000    1.917
 990500.000   -2.599
 991000.000    1.829
 991500.000    1.495
 992000.000   -0.672
 992500.000    2.891
 993000.000    0.977
 993500.000    1.319
 994000.000    0.432
 994500.000    0.893
 995000.000   -1.206
 995500.000    0.698
 996000.000    3.062
 996500.000    1.149
 997000.000    0.185
 997500.000    2.102
 998000.000    3.071
 998500.000    1.309
 999000.000    1.309
 999500.000    0.954
1000000.000    1.493
