      43    2.093    0.121
      44    2.395    0.255
      45    0.978    0.217
      46    0.777    0.146
      47    1.741    0.173
      48    0.841    0.098
      49    0.480    0.100
      50    1.041    0.170
      51    0.941    0.114
      52    1.495    0.153
      53    0.755    0.106
      54    1.170    0.113
      55    0.205    0.056
      56    2.221    0.131
      57    0.744    0.105
      58    0.337    0.103
      59    1.799    0.172
      60    2.117    0.152
      61    1.229    0.112
      62    2.065    0.169
      63    1.971    0.147
