TRP_lipid
""
WAVELENGTH	FLUORESCENCE
300.0	140.75384521484375
300.5	147.39361572265625
301.0	154.33169555664062
301.5	160.98260498046875
302.0	170.9189453125
302.5	182.30258178710938
303.0	192.96414184570312
303.5	205.3522491455078
304.0	217.39315795898438
304.5	230.781494140625
305.0	246.40634155273438
305.5	258.49505615234375
306.0	275.2803649902344
306.5	288.53515625
307.0	307.2362365722656
307.5	321.56451416015625
308.0	341.37493896484375
308.5	359.86334228515625
309.0	377.23919677734375
309.5	396.8047180175781
310.0	415.1169128417969
310.5	433.9341735839844
311.0	455.13189697265625
311.5	474.87432861328125
312.0	497.04302978515625
312.5	518.2687377929688
313.0	541.02392578125
313.5	563.4302978515625
314.0	588.6773681640625
314.5	616.838134765625
315.0	637.9729614257812
315.5	666.849609375
316.0	689.2481079101562
316.5	718.7885131835938
317.0	747.3482055664062
317.5	773.0044555664062
318.0	799.6498413085938
318.5	829.1198120117188
319.0	857.2044067382812
319.5	888.2111206054688
320.0	916.9349975585938
320.5	948.3873291015625
321.0	983.7872924804688
321.5	1010.7194213867188
322.0	1046.685546875
322.5	1073.3221435546875
323.0	1110.5909423828125
323.5	1145.2518310546875
324.0	1177.1505126953125
324.5	1208.457763671875
325.0	1243.01708984375
325.5	1274.62890625
326.0	1309.597900390625
326.5	1342.12451171875
327.0	1377.0523681640625
327.5	1416.12255859375
328.0	1445.05419921875
328.5	1483.7496337890625
329.0	1511.6611328125
329.5	1550.189453125
330.0	1581.9649658203125
330.5	1616.819091796875
331.0	1648.906494140625
331.5	1682.888916015625
332.0	1713.2242431640625
332.5	1746.447265625
333.0	1782.293701171875
333.5	1809.0721435546875
334.0	1843.5919189453125
334.5	1872.677490234375
335.0	1903.237060546875
335.5	1930.918212890625
336.0	1960.7578125
336.5	1987.484375
337.0	2016.2587890625
337.5	2046.4068603515625
338.0	2068.989013671875
338.5	2098.546142578125
339.0	2122.352783203125
339.5	2147.71533203125
340.0	2170.579833984375
340.5	2195.281982421875
341.0	2216.225830078125
341.5	2238.8486328125
342.0	2261.427490234375
342.5	2278.81884765625
343.0	2301.21533203125
343.5	2319.011962890625
344.0	2337.73291015625
344.5	2353.926513671875
345.0	2371.480224609375
345.5	2385.458251953125
346.0	2400.394775390625
346.5	2416.319091796875
347.0	2429.044921875
347.5	2442.128173828125
348.0	2453.419677734375
348.5	2464.52392578125
349.0	2474.43017578125
349.5	2484.961669921875
350.0	2495.626708984375
350.5	2502.88232421875
351.0	2510.7353515625
351.5	2516.84033203125
352.0	2523.71435546875
352.5	2529.13330078125
353.0	2534.435546875
353.5	2537.964599609375
354.0	2541.4111328125
354.5	2543.769287109375
355.0	2546.264892578125
355.5	2548.13818359375
356.0	2548.57421875
356.5	2548.194580078125
357.0	2547.602783203125
357.5	2547.03369140625
358.0	2545.489990234375
358.5	2542.994873046875
359.0	2540.55712890625
359.5	2537.287353515625
360.0	2534.70849609375
360.5	2530.9296875
361.0	2526.310791015625
361.5	2520.99072265625
362.0	2514.777587890625
362.5	2508.600341796875
363.0	2501.1572265625
363.5	2494.620849609375
364.0	2486.257568359375
364.5	2477.7734375
365.0	2467.700439453125
365.5	2457.26611328125
366.0	2447.845947265625
366.5	2436.5859375
367.0	2426.119873046875
367.5	2412.368408203125
368.0	2399.16748046875
368.5	2387.13037109375
369.0	2373.335693359375
369.5	2360.60107421875
370.0	2345.44384765625
370.5	2330.899169921875
371.0	2313.85791015625
371.5	2297.9638671875
372.0	2282.7880859375
372.5	2266.821533203125
373.0	2250.461181640625
373.5	2230.293701171875
374.0	2212.30517578125
374.5	2195.420166015625
375.0	2176.364990234375
375.5	2158.563720703125
376.0	2136.126220703125
376.5	2116.507080078125
377.0	2097.638671875
377.5	2076.21240234375
378.0	2056.31982421875
378.5	2032.069580078125
379.0	2008.995849609375
379.5	1988.399658203125
380.0	1966.7542724609375
380.5	1946.660400390625
381.0	1922.5
381.5	1899.97705078125
382.0	1879.9224853515625
382.5	1857.042236328125
383.0	1836.284912109375
383.5	1811.5362548828125
384.0	1788.926513671875
384.5	1768.23583984375
385.0	1745.4688720703125
385.5	1724.7191162109375
386.0	1700.13134765625
386.5	1677.657470703125
387.0	1656.9676513671875
387.5	1633.559814453125
388.0	1612.867919921875
388.5	1588.3046875
389.0	1565.64013671875
389.5	1545.0091552734375
390.0	1519.69970703125
390.5	1501.3360595703125
391.0	1476.8284912109375
391.5	1454.8470458984375
392.0	1434.6614990234375
392.5	1410.8248291015625
393.0	1392.9158935546875
393.5	1369.090087890625
394.0	1348.2171630859375
394.5	1328.8157958984375
395.0	1305.94775390625
395.5	1284.7906494140625
396.0	1267.079345703125
396.5	1245.673583984375
397.0	1229.6043701171875
397.5	1207.8370361328125
398.0	1188.134033203125
398.5	1169.9110107421875
399.0	1148.4947509765625
399.5	1129.0716552734375
400.0	1111.4840087890625
400.5	1094.0555419921875
401.0	1075.5233154296875
401.5	1054.5416259765625
402.0	1035.7281494140625
402.5	1018.5654296875
403.0	998.7249145507812
403.5	980.9202270507812
404.0	964.9927368164062
404.5	948.9644165039062
405.0	931.7212524414062
405.5	913.312744140625
406.0	898.0381469726562
406.5	881.582275390625
407.0	863.9638671875
407.5	847.97314453125
408.0	833.4801025390625
408.5	816.5308227539062
409.0	803.927734375
409.5	787.3190307617188
410.0	773.7757568359375
410.5	758.9652709960938
411.0	743.2921752929688
411.5	730.0027465820312
412.0	715.8998413085938
412.5	700.6944580078125
413.0	686.8895874023438
413.5	674.4412841796875
414.0	660.5244140625
414.5	649.4747924804688
415.0	635.473388671875
415.5	623.5188598632812
416.0	611.498779296875
416.5	598.2857055664062
417.0	587.22900390625
417.5	575.236572265625
418.0	562.8455200195312
418.5	552.3350219726562
419.0	541.4486083984375
419.5	529.7814331054688
420.0	519.2153930664062
420.5	509.5723571777344
421.0	498.27728271484375
421.5	490.2115478515625
422.0	479.0561828613281
422.5	468.62310791015625
423.0	460.9884338378906
423.5	450.7356262207031
424.0	442.2119140625
424.5	433.0285949707031
425.0	423.4176025390625
425.5	415.5411376953125
426.0	406.8767395019531
426.5	397.4732360839844
427.0	390.05712890625
427.5	381.93328857421875
428.0	373.251708984375
428.5	366.2315673828125
429.0	358.476318359375
429.5	350.25067138671875
430.0	343.50262451171875
430.5	336.2970886230469
431.0	328.3949890136719
431.5	322.0212097167969
432.0	315.3938903808594
432.5	308.3564147949219
433.0	302.7568054199219
433.5	296.5052490234375
434.0	289.40283203125
434.5	283.92742919921875
435.0	278.28570556640625
435.5	271.8931884765625
436.0	266.7018127441406
436.5	261.13592529296875
437.0	255.281982421875
437.5	250.37730407714844
438.0	245.37411499023438
438.5	239.7839813232422
439.0	234.9495849609375
439.5	230.01194763183594
440.0	224.62124633789062
440.5	220.36329650878906
441.0	215.61219787597656
441.5	210.91868591308594
442.0	206.9015655517578
442.5	202.5087432861328
443.0	197.6827392578125
443.5	193.98715209960938
444.0	189.68601989746094
444.5	185.40567016601562
445.0	181.2147216796875
445.5	177.87997436523438
446.0	174.1345977783203
446.5	170.093017578125
447.0	166.96412658691406
447.5	163.59095764160156
448.0	159.74566650390625
448.5	156.81390380859375
449.0	153.4683837890625
449.5	149.8850555419922
450.0	146.76983642578125
