BFII_lipid_1
""
WAVELENGTH	FLUORESCENCE
300.0	121.71797943115234
300.5	128.1290283203125
301.0	135.24374389648438
301.5	142.02076721191406
302.0	151.80909729003906
302.5	163.15087890625
303.0	174.01734924316406
303.5	186.4001007080078
304.0	198.41932678222656
304.5	211.7803955078125
305.0	227.32948303222656
305.5	239.69244384765625
306.0	256.4812927246094
306.5	269.6092529296875
307.0	287.211669921875
307.5	301.3293762207031
308.0	321.0528259277344
308.5	339.6236267089844
309.0	356.6544494628906
309.5	376.1219177246094
310.0	394.2477722167969
310.5	413.22576904296875
311.0	434.2386779785156
311.5	454.09942626953125
312.0	476.4402160644531
312.5	497.13104248046875
313.0	520.5392456054688
313.5	542.5220947265625
314.0	567.0735473632812
314.5	594.7330932617188
315.0	615.4832153320312
315.5	643.7362060546875
316.0	664.9766845703125
316.5	694.1546020507812
317.0	721.0966186523438
317.5	746.2554931640625
318.0	771.7615356445312
318.5	799.765380859375
319.0	826.2986450195312
319.5	855.0441284179688
320.0	882.060302734375
320.5	911.3900146484375
321.0	944.3146362304688
321.5	969.34619140625
322.0	1002.629150390625
322.5	1028.1842041015625
323.0	1061.837158203125
323.5	1093.101806640625
324.0	1121.8404541015625
324.5	1150.7457275390625
325.0	1182.700439453125
325.5	1212.0411376953125
326.0	1243.796875
326.5	1272.63720703125
327.0	1304.6168212890625
327.5	1339.3028564453125
328.0	1364.7542724609375
328.5	1399.3214111328125
329.0	1424.597900390625
329.5	1458.2939453125
330.0	1486.0850830078125
330.5	1516.8204345703125
331.0	1544.405517578125
331.5	1574.3868408203125
332.0	1600.177001953125
332.5	1628.5970458984375
333.0	1660.0345458984375
333.5	1682.7230224609375
334.0	1713.4149169921875
334.5	1738.1873779296875
335.0	1764.9442138671875
335.5	1788.10107421875
336.0	1812.749755859375
336.5	1834.9488525390625
337.0	1858.98828125
337.5	1884.043212890625
338.0	1902.4925537109375
338.5	1927.5081787109375
339.0	1947.0684814453125
339.5	1967.7589111328125
340.0	1985.763916015625
340.5	2004.964111328125
341.0	2022.1583251953125
341.5	2040.74560546875
342.0	2059.144775390625
342.5	2071.845947265625
343.0	2088.83251953125
343.5	2101.801025390625
344.0	2115.78564453125
344.5	2127.973876953125
345.0	2140.682373046875
345.5	2152.08984375
346.0	2163.20849609375
346.5	2174.146240234375
347.0	2183.213134765625
347.5	2191.853515625
348.0	2199.230712890625
348.5	2206.859375
349.0	2212.61572265625
349.5	2218.642333984375
350.0	2225.760009765625
350.5	2229.180419921875
351.0	2232.708740234375
351.5	2236.076416015625
352.0	2238.39453125
352.5	2240.0390625
353.0	2241.482177734375
353.5	2242.8818359375
354.0	2244.169189453125
354.5	2244.706298828125
355.0	2243.955810546875
355.5	2243.0048828125
356.0	2241.321044921875
356.5	2238.779541015625
357.0	2235.897216796875
357.5	2232.903076171875
358.0	2229.187744140625
358.5	2224.909423828125
359.0	2220.251953125
359.5	2214.621826171875
360.0	2209.036865234375
360.5	2203.565185546875
361.0	2197.313232421875
361.5	2189.64990234375
362.0	2181.404296875
362.5	2173.707763671875
363.0	2164.70703125
363.5	2156.02783203125
364.0	2146.6162109375
364.5	2137.164794921875
365.0	2125.364501953125
365.5	2114.452392578125
366.0	2103.56103515625
366.5	2091.669189453125
367.0	2080.56787109375
367.5	2065.790283203125
368.0	2051.860595703125
368.5	2039.4638671875
369.0	2025.35791015625
369.5	2012.3753662109375
370.0	1997.1961669921875
370.5	1982.7952880859375
371.0	1965.0533447265625
371.5	1947.7508544921875
372.0	1931.7822265625
372.5	1914.3897705078125
373.0	1898.6754150390625
373.5	1878.8675537109375
374.0	1860.9803466796875
374.5	1844.529296875
375.0	1825.72314453125
375.5	1807.78369140625
376.0	1786.48486328125
376.5	1766.858642578125
377.0	1749.2542724609375
377.5	1729.6258544921875
378.0	1711.4996337890625
378.5	1689.5345458984375
379.0	1669.160400390625
379.5	1650.39794921875
380.0	1630.3531494140625
380.5	1611.587646484375
381.0	1589.0958251953125
381.5	1568.40185546875
382.0	1549.9569091796875
382.5	1530.0623779296875
383.0	1510.788330078125
383.5	1488.592041015625
384.0	1467.8359375
384.5	1448.60791015625
385.0	1428.3670654296875
385.5	1409.8441162109375
386.0	1387.67236328125
386.5	1367.2974853515625
387.0	1348.344482421875
387.5	1328.0042724609375
388.0	1309.5289306640625
388.5	1287.8739013671875
389.0	1268.4351806640625
389.5	1250.7020263671875
390.0	1229.41845703125
390.5	1213.4453125
391.0	1192.29736328125
391.5	1173.06982421875
392.0	1155.521240234375
392.5	1134.2718505859375
393.0	1119.1458740234375
393.5	1099.2808837890625
394.0	1080.6732177734375
394.5	1063.4991455078125
395.0	1043.2138671875
395.5	1025.3759765625
396.0	1008.5289916992188
396.5	989.5057373046875
397.0	975.0463256835938
397.5	956.3313598632812
398.0	938.9484252929688
398.5	923.2189331054688
399.0	904.73046875
399.5	888.2213745117188
400.0	872.7761840820312
400.5	858.2803344726562
401.0	842.5419921875
401.5	824.8954467773438
402.0	809.404052734375
402.5	795.4828491210938
403.0	778.6521606445312
403.5	764.203857421875
404.0	750.677490234375
404.5	737.5641479492188
405.0	723.0547485351562
405.5	707.7925415039062
406.0	695.4722900390625
406.5	681.5817260742188
407.0	666.8939819335938
407.5	653.9163818359375
408.0	642.0156860351562
408.5	628.0481567382812
409.0	616.9861450195312
409.5	603.13427734375
410.0	591.8345336914062
410.5	579.7659912109375
411.0	567.073486328125
411.5	556.6400756835938
412.0	545.3831787109375
412.5	533.4053955078125
413.0	522.5272216796875
413.5	512.8629760742188
414.0	501.4709777832031
414.5	493.1002502441406
415.0	481.6742858886719
415.5	472.7326354980469
416.0	463.120849609375
416.5	452.6069641113281
417.0	443.8056945800781
417.5	434.5600891113281
418.0	424.5859680175781
418.5	416.2455749511719
419.0	407.4120178222656
419.5	397.98980712890625
420.0	389.2147521972656
420.5	381.9142761230469
421.0	373.0444641113281
421.5	366.4906921386719
422.0	357.8918151855469
422.5	349.7262878417969
423.0	343.5348205566406
423.5	335.2787780761719
424.0	328.9076843261719
424.5	321.9198913574219
425.0	314.337890625
425.5	307.9365234375
426.0	301.54095458984375
426.5	294.96917724609375
427.0	289.11865234375
427.5	283.04412841796875
428.0	276.3443603515625
428.5	270.7705078125
429.0	264.8244323730469
429.5	258.6125793457031
430.0	253.14785766601562
430.5	247.55865478515625
431.0	241.90408325195312
431.5	237.06936645507812
432.0	231.82675170898438
432.5	226.46868896484375
433.0	222.1496124267578
433.5	217.32579040527344
434.0	212.35951232910156
434.5	208.15719604492188
435.0	203.4147186279297
435.5	198.59649658203125
436.0	194.61228942871094
436.5	190.3911590576172
437.0	185.874755859375
437.5	182.06858825683594
438.0	178.00047302246094
438.5	173.7361602783203
439.0	170.31155395507812
439.5	166.6101837158203
440.0	162.4899444580078
440.5	159.2327423095703
441.0	155.7838592529297
441.5	151.9898223876953
442.0	148.95936584472656
442.5	145.52703857421875
443.0	142.1431427001953
443.5	139.21742248535156
444.0	135.84323120117188
444.5	132.92816162109375
445.0	129.6113739013672
445.5	127.01325225830078
446.0	124.38849639892578
446.5	121.48301696777344
447.0	118.95808410644531
447.5	116.4006118774414
448.0	113.61115264892578
448.5	111.32736206054688
449.0	108.89136505126953
449.5	106.23837280273438
450.0	104.1495361328125
