 750000.000 1.016107 0.916150 0.794084 0.771392
 750500.000 0.996491 0.903038 0.762169 0.767861
 751000.000 1.022150 0.923227 0.742649 0.828073
 751500.000 1.015996 0.905408 0.779219 0.798466
 752000.000 1.029793 0.914680 0.778421 0.823633
 752500.000 1.026356 0.893037 0.783845 0.833596
 753000.000 1.047726 0.940711 0.816795 0.802100
 753500.000 1.007782 0.869420 0.809019 0.787938
 754000.000 1.031388 0.897585 0.777305 0.847149
 754500.000 1.028695 0.940736 0.759017 0.809526
 755000.000 1.079865 1.028498 0.797714 0.798787
 755500.000 1.017217 0.961425 0.758969 0.754379
 756000.000 1.023598 0.965202 0.728532 0.795697
 756500.000 1.035026 0.961193 0.736963 0.821920
 757000.000 0.991831 0.912189 0.669478 0.828957
 757500.000 0.989450 0.919422 0.668359 0.816078
 758000.000 1.003192 0.937656 0.687181 0.813246
 758500.000 1.016716 0.957925 0.674274 0.833762
 759000.000 0.992855 0.926089 0.677498 0.809247
 759500.000 1.019446 0.958391 0.663998 0.848017
 760000.000 1.014318 0.949948 0.755790 0.764239
 760500.000 0.998487 0.917673 0.771378 0.746192
 761000.000 0.998168 0.916769 0.767206 0.750738
 761500.000 0.998824 0.931455 0.808058 0.689010
 762000.000 1.051354 0.989124 0.860350 0.701516
 762500.000 1.010710 0.963254 0.755242 0.738118
 763000.000 1.024273 0.960472 0.767792 0.765675
 763500.000 1.017834 0.952254 0.781036 0.745096
 764000.000 1.004059 0.919441 0.814945 0.711871
 764500.000 1.011020 0.955409 0.757995 0.746296
 765000.000 1.030003 0.963142 0.768759 0.776648
 765500.000 1.011825 0.925642 0.754737 0.788123
 766000.000 1.034555 0.963257 0.764476 0.792667
 766500.000 0.989463 0.931397 0.659407 0.809790
 767000.000 1.015739 0.930169 0.740298 0.806349
 767500.000 0.988329 0.883724 0.795868 0.734313
 768000.000 1.013233 0.915271 0.779356 0.779849
 768500.000 1.013966 0.915590 0.778858 0.781874
 769000.000 1.008433 0.917331 0.755591 0.788329
 769500.000 1.011322 0.925058 0.719042 0.820237
 770000.000 1.015387 0.948127 0.676638 0.839783
 770500.000 1.033205 0.919572 0.809094 0.796730
 771000.000 1.046826 0.956561 0.761112 0.835098
 771500.000 1.049316 1.000401 0.717981 0.828148
 772000.000 1.035595 0.982991 0.673513 0.851484
 772500.000 1.024570 0.966246 0.694143 0.827055
 773000.000 1.022302 0.965617 0.696657 0.820033
 773500.000 1.026003 0.960316 0.708166 0.825626
 774000.000 1.004256 0.938907 0.726550 0.779512
 774500.000 1.041871 0.986652 0.708419 0.834056
 775000.000 1.021760 0.973623 0.711230 0.796365
 775500.000 1.016640 0.975588 0.699416 0.791302
 776000.000 1.038166 0.989098 0.725391 0.806888
 776500.000 1.025722 0.973977 0.737269 0.782313
 777000.000 1.035701 0.984389 0.747496 0.785863
 777500.000 1.023662 0.978688 0.707312 0.798527
 778000.000 1.025994 0.976727 0.741217 0.775842
 778500.000 1.020968 0.943583 0.756277 0.788954
 779000.000 1.003026 0.941892 0.703410 0.793838
 779500.000 1.021816 0.964407 0.721350 0.798618
 780000.000 1.028968 0.978497 0.731203 0.790846
 780500.000 1.034955 0.974591 0.699932 0.838171
 781000.000 1.029994 0.976922 0.699952 0.823084
 781500.000 1.024189 0.967690 0.660262 0.851796
 782000.000 1.035645 0.990117 0.647589 0.863376
 782500.000 0.996643 0.943584 0.647820 0.822541
 783000.000 1.006266 0.951552 0.623343 0.855064
 783500.000 1.032867 0.981007 0.668354 0.851210
 784000.000 1.028728 0.973481 0.657465 0.858276
 784500.000 1.020518 0.970662 0.664559 0.836116
 785000.000 1.028995 0.972192 0.678242 0.844092
 785500.000 1.025326 0.974466 0.703791 0.810973
 786000.000 1.008553 0.959413 0.703463 0.786783
 786500.000 1.021476 0.981313 0.652111 0.835823
 787000.000 1.009568 0.967692 0.647644 0.826189
 787500.000 1.011772 0.970088 0.660609 0.818467
 788000.000 1.031395 0.984793 0.698181 0.818703
 788500.000 1.029495 0.979736 0.708710 0.810906
 789000.000 1.008568 0.948707 0.731530 0.774105
 789500.000 1.033325 0.964784 0.730590 0.819115
 790000.000 1.027082 0.981700 0.738832 0.774718
 790500.000 1.044303 0.995605 0.739999 0.801444
 791000.000 1.042059 0.994377 0.760542 0.777538
 791500.000 1.018074 0.968100 0.704641 0.799507
 792000.000 1.017166 0.952860 0.756255 0.767717
 792500.000 1.012584 0.955970 0.770385 0.737076
 793000.000 1.021238 0.956643 0.750007 0.779856
 793500.000 1.021379 0.945737 0.776918 0.767078
 794000.000 1.071627 1.005440 0.812398 0.791118
 794500.000 1.006701 0.934518 0.765761 0.753115
 795000.000 1.029190 0.963974 0.806903 0.733569
 795500.000 1.022747 0.963698 0.770166 0.755085
 796000.000 1.018981 0.974630 0.700327 0.797673
 796500.000 1.074033 1.035993 0.746848 0.822208
 797000.000 1.028853 0.980025 0.690964 0.824134
 797500.000 1.016886 0.972021 0.688223 0.806001
 798000.000 1.028434 0.978862 0.707538 0.810293
 798500.000 0.992028 0.936044 0.701615 0.774467
 799000.000 1.034181 0.988076 0.703946 0.816839
 799500.000 1.011878 0.957026 0.702264 0.799201
 800000.000 1.007246 0.945229 0.710939 0.793850
 800500.000 1.028827 0.975341 0.711693 0.811895
 801000.000 1.009799 0.961037 0.749957 0.743882
 801500.000 0.995233 0.947968 0.704454 0.765557
 802000.000 1.011656 0.961246 0.772032 0.725859
 802500.000 0.977272 0.925766 0.714242 0.736843
 803000.000 1.008543 0.959754 0.729433 0.762312
 803500.000 1.030895 0.982938 0.723557 0.797361
 804000.000 1.035333 0.989952 0.717277 0.805816
 804500.000 0.996339 0.930940 0.663193 0.823959
 805000.000 1.017212 0.951762 0.705574 0.815937
 805500.000 1.015537 0.930974 0.688249 0.849842
 806000.000 1.036291 0.979919 0.655816 0.870322
 806500.000 1.008623 0.944745 0.665722 0.836009
 807000.000 1.011412 0.942525 0.663998 0.846559
 807500.000 1.011996 0.922652 0.698063 0.842434
 808000.000 1.000136 0.920704 0.688791 0.823661
 808500.000 1.019251 0.946500 0.691752 0.838668
 809000.000 1.015228 0.942742 0.694203 0.831079
 809500.000 1.014862 0.957957 0.658510 0.841766
 810000.000 1.005913 0.952814 0.679336 0.808931
 810500.000 1.021686 0.972274 0.694575 0.812363
 811000.000 0.999923 0.941112 0.685007 0.802973
 811500.000 0.991396 0.939397 0.686469 0.782322
 812000.000 0.994241 0.931454 0.719776 0.768991
 812500.000 1.029439 0.980115 0.734151 0.787330
 813000.000 1.020066 0.966110 0.695624 0.814744
 813500.000 1.020211 0.969577 0.674554 0.828587
 814000.000 1.022751 0.955554 0.719196 0.813459
 814500.000 1.034110 0.982548 0.693049 0.832494
 815000.000 1.026674 0.983502 0.693354 0.812467
 815500.000 1.048506 1.005978 0.673787 0.856008
 816000.000 1.048741 1.007384 0.681234 0.849006
 816500.000 1.054230 1.013527 0.716207 0.826202
 817000.000 1.037352 0.991270 0.689786 0.832934
 817500.000 1.017486 0.949662 0.676850 0.842953
 818000.000 1.053670 0.993288 0.751169 0.818269
 818500.000 1.046536 0.981982 0.763504 0.802029
 819000.000 1.064343 1.000368 0.721202 0.863008
 819500.000 1.055045 0.989237 0.745678 0.831636
 820000.000 1.037280 0.975709 0.734465 0.812682
 820500.000 1.046112 1.002250 0.726433 0.810240
 821000.000 1.030215 0.991038 0.729920 0.779581
 821500.000 1.037095 0.979402 0.761006 0.782797
 822000.000 1.008453 0.960214 0.717939 0.772339
 822500.000 1.040730 0.978199 0.798525 0.756124
 823000.000 1.025006 0.958444 0.790213 0.747143
 823500.000 1.027573 0.964166 0.777097 0.760471
 824000.000 1.030667 0.969672 0.808836 0.728059
 824500.000 1.052325 0.985093 0.886015 0.677749
 825000.000 1.035255 0.951695 0.858469 0.707683
 825500.000 1.038075 0.961106 0.790325 0.779012
 826000.000 1.037945 0.964196 0.875780 0.676755
 826500.000 1.042564 0.958429 0.798553 0.785880
 827000.000 1.031762 0.948173 0.777779 0.790628
 827500.000 1.039475 0.954415 0.785987 0.795195
 828000.000 1.039121 0.959558 0.781856 0.792145
 828500.000 1.033278 0.933455 0.742354 0.844334
 829000.000 1.048055 0.916115 0.788196 0.858090
 829500.000 1.047927 0.932658 0.829086 0.799418
 830000.000 1.050951 0.952440 0.791975 0.821360
 830500.000 1.059557 0.954842 0.821825 0.811298
 831000.000 1.027778 0.933655 0.778336 0.796953
 831500.000 1.033622 0.933422 0.813659 0.776806
 832000.000 1.039753 0.960538 0.754598 0.818609
 832500.000 1.054192 0.969627 0.783464 0.817710
 833000.000 1.040085 0.921028 0.843083 0.777477
 833500.000 1.038836 0.943776 0.768971 0.822394
 834000.000 1.010315 0.908524 0.798423 0.760643
 834500.000 1.033696 0.957293 0.767485 0.794739
 835000.000 1.041292 0.967834 0.832969 0.733512
 835500.000 1.024233 0.945948 0.821433 0.727003
 836000.000 1.053624 1.004223 0.810332 0.745079
 836500.000 1.043303 0.978712 0.825086 0.733702
 837000.000 1.030575 0.966509 0.840459 0.695458
 837500.000 1.071747 0.989371 0.826322 0.797256
 838000.000 1.025471 0.959869 0.847152 0.681297
 838500.000 1.040954 0.965803 0.802014 0.768873
 839000.000 1.058178 0.976092 0.771561 0.831516
 839500.000 1.024113 0.935397 0.787020 0.776690
 840000.000 1.042280 0.952266 0.782035 0.808892
 840500.000 1.029122 0.936964 0.762206 0.811989
 841000.000 1.037145 0.945647 0.785552 0.799999
 841500.000 1.026101 0.940080 0.798893 0.764058
 842000.000 1.031688 0.949121 0.762421 0.804142
 842500.000 1.030101 0.947880 0.741025 0.821353
 843000.000 1.024020 0.933653 0.771332 0.794087
 843500.000 1.027907 0.937099 0.792987 0.778590
 844000.000 1.015798 0.951058 0.773254 0.749172
 844500.000 1.037063 0.960602 0.787823 0.779476
 845000.000 1.057243 0.982962 0.777699 0.815165
 845500.000 1.038027 0.971177 0.749079 0.806657
 846000.000 1.023141 0.964730 0.764625 0.760447
 846500.000 1.037018 0.977759 0.793915 0.751332
 847000.000 1.004742 0.933893 0.767277 0.747090
 847500.000 1.005360 0.938882 0.793223 0.714700
 848000.000 0.997972 0.929643 0.821484 0.672920
 848500.000 1.004681 0.934269 0.791409 0.720820
 849000.000 1.005464 0.930584 0.795447 0.723322
 849500.000 1.006043 0.936565 0.837946 0.667037
 850000.000 1.006913 0.932415 0.839227 0.673830
 850500.000 1.024987 0.975633 0.782562 0.732757
 851000.000 1.023831 0.968722 0.809236 0.709348
 851500.000 1.034189 0.978416 0.776426 0.760892
 852000.000 1.035110 0.989832 0.782443 0.742240
 852500.000 1.037106 0.990339 0.799018 0.729366
 853000.000 1.014497 0.967511 0.740725 0.757403
 853500.000 1.016649 0.960155 0.749618 0.763759
 854000.000 1.005900 0.950437 0.702474 0.791750
 854500.000 1.012117 0.963834 0.734397 0.761869
 855000.000 1.036873 0.983823 0.793911 0.742972
 855500.000 1.018988 0.974522 0.742052 0.759168
 856000.000 1.048843 1.004156 0.818983 0.721859
 856500.000 1.034219 0.983715 0.801753 0.727129
 857000.000 1.041169 0.981588 0.834859 0.712433
 857500.000 1.030548 0.985678 0.811109 0.703277
 858000.000 1.018803 0.973973 0.797362 0.701078
 858500.000 1.019819 0.971909 0.817374 0.683635
 859000.000 1.038909 0.987627 0.800093 0.736958
 859500.000 1.045676 0.987617 0.840264 0.710949
 860000.000 1.019637 0.970445 0.776227 0.731455
 860500.000 1.023306 0.964451 0.814016 0.708182
 861000.000 1.040150 0.982682 0.813841 0.731999
 861500.000 1.033489 0.984390 0.842626 0.676133
 862000.000 1.017612 0.970168 0.847428 0.641644
 862500.000 1.014937 0.969386 0.824442 0.663913
 863000.000 1.014261 0.967059 0.841669 0.643304
 863500.000 1.026600 0.978477 0.827435 0.682458
 864000.000 1.019857 0.963032 0.798961 0.717250
 864500.000 1.044944 0.988572 0.847374 0.698928
 865000.000 1.010362 0.963521 0.802568 0.684963
 865500.000 1.019323 0.965808 0.771395 0.741758
 866000.000 1.014741 0.969505 0.806644 0.684679
 866500.000 1.038090 0.973250 0.827448 0.723449
 867000.000 1.040934 0.987454 0.783251 0.760617
 867500.000 1.047084 1.000638 0.829486 0.709539
 868000.000 1.036839 0.980737 0.799889 0.740543
 868500.000 1.035196 0.979701 0.803869 0.732967
 869000.000 1.035994 0.989209 0.796548 0.730442
 869500.000 1.018051 0.969662 0.814435 0.685059
 870000.000 1.023546 0.972133 0.797759 0.716819
 870500.000 1.025051 0.963631 0.813597 0.714797
 871000.000 1.023700 0.964432 0.783111 0.743325
 871500.000 1.023753 0.961190 0.798194 0.731534
 872000.000 1.042543 0.986178 0.853933 0.687053
 872500.000 1.037323 0.972279 0.807469 0.744812
 873000.000 1.049424 0.982585 0.838635 0.730617
 873500.000 1.026627 0.970368 0.853822 0.661288
 874000.000 1.020826 0.957739 0.823605 0.698984
 874500.000 1.014986 0.940136 0.832217 0.695668
 875000.000 1.035731 0.981707 0.863428 0.660469
 875500.000 1.051222 0.994350 0.863803 0.689383
 876000.000 1.034956 0.985223 0.816537 0.710543
 876500.000 1.022314 0.971407 0.830298 0.676186
 877000.000 1.051284 1.002348 0.858981 0.683994
 877500.000 1.033729 0.974407 0.773163 0.768076
 878000.000 1.012786 0.961772 0.763855 0.736879
 878500.000 0.999424 0.946219 0.741966 0.742868
 879000.000 1.024289 0.977556 0.749918 0.761801
 879500.000 1.018991 0.972374 0.774424 0.729000
 880000.000 1.020027 0.960829 0.750525 0.770993
 880500.000 1.008735 0.955294 0.709411 0.786918
 881000.000 1.036380 0.995492 0.779117 0.741713
 881500.000 1.041207 0.992303 0.803269 0.733702
 882000.000 1.023630 0.977721 0.773565 0.735729
 882500.000 1.033063 0.984623 0.781584 0.744367
 883000.000 1.027714 0.977468 0.770825 0.750184
 883500.000 1.028110 0.978545 0.766339 0.754451
 884000.000 1.029409 0.980183 0.773215 0.748829
 884500.000 1.025109 0.970554 0.776351 0.746325
 885000.000 1.023871 0.977036 0.758575 0.752720
 885500.000 1.025632 0.976468 0.776089 0.740295
 886000.000 1.038438 0.997294 0.785197 0.738633
 886500.000 1.016982 0.959417 0.763231 0.751998
 887000.000 1.035543 0.982217 0.770888 0.765296
 887500.000 1.047070 0.994285 0.782722 0.769061
 888000.000 1.045490 0.993175 0.802455 0.745498
 888500.000 1.019969 0.970137 0.787878 0.720246
 889000.000 1.017796 0.970264 0.768533 0.734685
 889500.000 1.027240 0.982071 0.783904 0.729023
 890000.000 1.038646 0.983940 0.760929 0.781294
 890500.000 1.024121 0.982428 0.757280 0.747669
 891000.000 1.022723 0.971855 0.740069 0.774417
 891500.000 1.037057 0.991630 0.782447 0.745263
 892000.000 1.031264 0.979972 0.751364 0.775964
 892500.000 1.038717 0.996788 0.768648 0.757272
 893000.000 1.034154 0.985176 0.748335 0.779982
 893500.000 1.040024 0.994449 0.787118 0.744859
 894000.000 1.009756 0.965987 0.756967 0.730126
 894500.000 1.006146 0.951741 0.728252 0.767138
 895000.000 1.011943 0.951896 0.752068 0.759173
 895500.000 1.004154 0.952162 0.747404 0.742580
 896000.000 1.017021 0.964103 0.782417 0.725945
 896500.000 1.030094 0.983444 0.754496 0.765350
 897000.000 1.010506 0.970294 0.756115 0.727369
 897500.000 1.024473 0.980255 0.737386 0.771005
 898000.000 1.031374 0.986003 0.769678 0.750240
 898500.000 1.028421 0.981812 0.739490 0.777496
 899000.000 1.020885 0.979177 0.703926 0.793796
 899500.000 1.021055 0.977020 0.707462 0.793749
 900000.000 1.027244 0.982667 0.731957 0.780427
 900500.000 1.030005 0.986842 0.712785 0.799940
 901000.000 1.015925 0.971086 0.726514 0.770310
 901500.000 1.033138 0.990974 0.778238 0.739638
 902000.000 1.045733 1.001786 0.815059 0.720569
 902500.000 1.077869 1.035704 0.921915 0.633238
 903000.000 1.024003 0.976604 0.815952 0.691109
 903500.000 1.056114 1.005509 0.820828 0.738882
 904000.000 1.046641 1.004633 0.790111 0.746560
 904500.000 1.022620 0.982427 0.806319 0.690065
 905000.000 1.035410 0.996921 0.798650 0.715859
 905500.000 1.045160 1.006064 0.792703 0.737684
 906000.000 1.017489 0.974924 0.755622 0.741030
 906500.000 1.012789 0.968071 0.751891 0.740931
 907000.000 1.017485 0.972257 0.792515 0.705115
 907500.000 1.021906 0.968651 0.825199 0.685088
 908000.000 1.017060 0.971790 0.786664 0.711058
 908500.000 1.045000 1.001715 0.819223 0.713786
 909000.000 1.023201 0.978118 0.799703 0.705436
 909500.000 1.037659 0.996822 0.795381 0.726078
 910000.000 1.013714 0.968811 0.781787 0.710946
 910500.000 1.035264 0.989449 0.767125 0.758983
 911000.000 1.022222 0.979940 0.782356 0.719384
 911500.000 1.016377 0.972602 0.786027 0.708698
 912000.000 1.022704 0.979172 0.832411 0.663447
 912500.000 1.028858 0.986205 0.814928 0.693101
 913000.000 1.010645 0.959927 0.793760 0.700923
 913500.000 1.028739 0.988845 0.830149 0.670556
 914000.000 1.008453 0.968934 0.814495 0.657055
 914500.000 1.012420 0.969411 0.790292 0.696898
 915000.000 1.031234 0.987616 0.776583 0.740556
 915500.000 1.017747 0.973008 0.764260 0.735379
 916000.000 1.049933 1.006821 0.804663 0.737257
 916500.000 1.030588 0.983419 0.839318 0.672798
 917000.000 1.036229 0.977664 0.871003 0.658081
 917500.000 1.064868 1.025230 0.893286 0.647172
 918000.000 1.065631 1.015068 0.921623 0.625608
 918500.000 1.045491 1.000059 0.932393 0.562698
 919000.000 1.042758 1.004510 0.918647 0.567217
 919500.000 1.047679 1.003490 0.895001 0.622288
 920000.000 1.036817 0.980972 0.865423 0.662357
 920500.000 1.073065 1.027146 0.907255 0.651764
 921000.000 1.034130 0.979466 0.871719 0.647767
 921500.000 1.026021 0.971114 0.865687 0.642621
 922000.000 1.064614 1.024016 0.923486 0.604460
 922500.000 1.044006 1.005646 0.838307 0.682506
 923000.000 1.064467 1.022856 0.888567 0.656042
 923500.000 1.019944 0.973262 0.813591 0.686586
 924000.000 1.032220 0.991599 0.811556 0.699330
 924500.000 1.003989 0.956948 0.786679 0.693809
 925000.000 1.011826 0.963015 0.779076 0.716398
 925500.000 0.998046 0.948055 0.754704 0.723742
 926000.000 1.012050 0.959356 0.761112 0.740834
 926500.000 1.013603 0.967553 0.780578 0.713668
 927000.000 1.008485 0.958650 0.745468 0.747898
 927500.000 1.008146 0.960464 0.709325 0.779158
 928000.000 1.002267 0.950349 0.744225 0.742997
 928500.000 0.991223 0.941767 0.705935 0.761431
 929000.000 0.985488 0.938566 0.690690 0.764470
 929500.000 0.993836 0.939121 0.698239 0.778418
 930000.000 1.002768 0.956921 0.700544 0.777577
 930500.000 0.993644 0.945565 0.709484 0.759736
 931000.000 0.998838 0.953253 0.674229 0.795034
 931500.000 0.995185 0.949680 0.700424 0.767006
 932000.000 1.012321 0.966437 0.723492 0.769511
 932500.000 1.016002 0.966758 0.753728 0.749529
 933000.000 0.997691 0.946335 0.679727 0.795736
 933500.000 1.011484 0.964956 0.727914 0.764984
 934000.000 1.026187 0.979031 0.700974 0.810094
 934500.000 0.998391 0.950454 0.697525 0.776959
 935000.000 1.019105 0.970716 0.694882 0.807466
 935500.000 1.027395 0.981723 0.665295 0.839453
 936000.000 1.011986 0.969299 0.707101 0.780192
 936500.000 0.977329 0.922604 0.711570 0.743515
 937000.000 1.034500 0.981044 0.720964 0.811259
 937500.000 1.001592 0.955474 0.676156 0.797656
 938000.000 0.989307 0.940356 0.660647 0.797956
 938500.000 0.996349 0.948454 0.676206 0.792847
 939000.000 0.983966 0.934974 0.650822 0.799144
 939500.000 0.996847 0.950438 0.659465 0.805717
 940000.000 0.986040 0.934973 0.673060 0.785727
 940500.000 1.003350 0.957833 0.674746 0.800436
 941000.000 1.029279 0.982363 0.681853 0.829982
 941500.000 0.991231 0.939668 0.683963 0.783771
 942000.000 1.007979 0.958795 0.696086 0.792602
 942500.000 1.021161 0.975888 0.695613 0.805796
 943000.000 0.997920 0.949147 0.701873 0.773421
 943500.000 1.021032 0.972621 0.755853 0.753464
 944000.000 1.005810 0.954753 0.727465 0.763250
 944500.000 0.996090 0.942821 0.727074 0.752890
 945000.000 1.006946 0.955280 0.755682 0.737742
 945500.000 1.011367 0.958019 0.738549 0.763198
 946000.000 1.024167 0.975215 0.713839 0.798265
 946500.000 1.020815 0.975738 0.731006 0.773105
 947000.000 1.037806 0.986756 0.742329 0.793313
 947500.000 0.978256 0.930441 0.725769 0.722156
 948000.000 1.016215 0.971010 0.728284 0.769499
 948500.000 1.031007 0.976860 0.735589 0.794105
 949000.000 1.018577 0.970714 0.715177 0.788183
 949500.000 0.997062 0.947644 0.693718 0.780378
 950000.000 0.999532 0.950930 0.684480 0.790789
 950500.000 0.997598 0.943170 0.705103 0.776957
 951000.000 0.999094 0.948911 0.715207 0.764477
 951500.000 0.989666 0.940921 0.694045 0.769316
 952000.000 0.985568 0.933011 0.659531 0.798247
 952500.000 1.009230 0.962063 0.694188 0.793492
 953000.000 1.001371 0.953457 0.695359 0.782868
 953500.000 0.995104 0.946518 0.693210 0.777192
 954000.000 1.029490 0.978208 0.706388 0.814754
 954500.000 1.015113 0.967790 0.709911 0.787603
 955000.000 0.989900 0.943758 0.678763 0.780003
 955500.000 0.983273 0.931627 0.704996 0.754124
 956000.000 1.013263 0.959469 0.755620 0.749573
 956500.000 0.982268 0.934189 0.758592 0.693923
 957000.000 0.988811 0.941037 0.742310 0.720361
 957500.000 1.000523 0.950658 0.722669 0.759006
 958000.000 1.006065 0.958357 0.738275 0.748889
 958500.000 0.992808 0.944983 0.734080 0.734485
 959000.000 0.994349 0.945099 0.739642 0.732924
 959500.000 0.980429 0.931697 0.653457 0.792098
 960000.000 0.992515 0.942769 0.695476 0.773092
 960500.000 0.990463 0.943927 0.672698 0.786456
 961000.000 0.988750 0.937660 0.662056 0.798580
 961500.000 1.007989 0.959435 0.675979 0.809085
 962000.000 0.998470 0.946705 0.642157 0.827810
 962500.000 1.012179 0.963884 0.695427 0.797696
 963000.000 0.992766 0.936535 0.667409 0.805379
 963500.000 0.988180 0.941038 0.636350 0.813945
 964000.000 1.008908 0.955312 0.661513 0.827993
 964500.000 0.999000 0.946500 0.650787 0.822566
 965000.000 1.013491 0.960907 0.675244 0.821603
 965500.000 1.008703 0.953028 0.678103 0.816624
 966000.000 1.016393 0.963450 0.638615 0.854428
 966500.000 1.012393 0.962703 0.618985 0.860198
 967000.000 1.005306 0.954899 0.670540 0.812295
 967500.000 0.990012 0.936555 0.640406 0.820360
 968000.000 1.010134 0.959311 0.670593 0.819005
 968500.000 1.014629 0.957589 0.713491 0.795547
 969000.000 0.987450 0.936174 0.681915 0.780183
 969500.000 1.001734 0.941534 0.694118 0.799160
 970000.000 1.009048 0.961298 0.711267 0.778691
 970500.000 0.996600 0.936779 0.731616 0.757368
 971000.000 1.011112 0.956557 0.710035 0.790915
 971500.000 1.010017 0.957506 0.697909 0.797732
 972000.000 1.018622 0.963833 0.720898 0.791526
 972500.000 1.015721 0.964033 0.673290 0.825045
 973000.000 1.006848 0.950045 0.729069 0.770299
 973500.000 1.014006 0.957954 0.720637 0.787035
 974000.000 1.015931 0.960264 0.703702 0.804319
 974500.000 1.013507 0.955533 0.669962 0.832168
 975000.000 0.990382 0.935477 0.690044 0.781305
 975500.000 0.995777 0.938071 0.680928 0.799689
 976000.000 1.016143 0.965390 0.723498 0.780811
 976500.000 1.017649 0.960294 0.729986 0.784968
 977000.000 1.019365 0.970724 0.692214 0.810396
 977500.000 1.017340 0.963808 0.678659 0.824897
 978000.000 1.004907 0.954214 0.714723 0.773514
 978500.000 0.997244 0.939110 0.716801 0.770234
 979000.000 1.001089 0.950674 0.693247 0.787391
 979500.000 0.978141 0.922842 0.673355 0.780047
 980000.000 0.988364 0.934014 0.708593 0.761079
 980500.000 0.990671 0.936537 0.693698 0.777521
 981000.000 0.992298 0.935146 0.699351 0.778280
 981500.000 1.009704 0.956011 0.657601 0.832229
 982000.000 0.986808 0.935367 0.669702 0.790042
 982500.000 1.044285 0.995661 0.724090 0.815729
 983000.000 1.012361 0.960551 0.772458 0.728287
 983500.000 1.006207 0.948312 0.789614 0.708604
 984000.000 0.996715 0.948294 0.752529 0.722025
 984500.000 0.994678 0.944090 0.731362 0.743354
 985000.000 1.033295 0.981279 0.741303 0.789278
 985500.000 0.996168 0.944020 0.746243 0.732564
 986000.000 0.990027 0.936532 0.709934 0.761058
 986500.000 1.025926 0.974554 0.789490 0.729384
 987000.000 1.020441 0.962365 0.829575 0.684295
 987500.000 1.027494 0.973098 0.773384 0.752625
 988000.000 0.995669 0.937327 0.735851 0.750101
 988500.000 1.029948 0.975354 0.811593 0.715256
 989000.000 0.998787 0.942842 0.734349 0.752950
 989500.000 0.988376 0.934827 0.732889 0.736713
 990000.000 0.990425 0.934075 0.736806 0.739260
 990500.000 1.010949 0.960176 0.706036 0.789689
 991000.000 1.024077 0.972589 0.783892 0.732838
 991500.000 1.010504 0.961567 0.727533 0.767022
 992000.000 1.002445 0.945363 0.752806 0.741190
 992500.000 1.030284 0.979384 0.735621 0.789074
 993000.000 1.010822 0.950688 0.728588 0.780304
 993500.000 1.013694 0.959595 0.729121 0.776345
 994000.000 1.001289 0.942214 0.691314 0.799673
 994500.000 0.993351 0.932094 0.684474 0.797613
 995000.000 1.002186 0.936742 0.693132 0.806745
 995500.000 1.045607 0.989263 0.698360 0.848669
 996000.000 1.013671 0.953669 0.706263 0.804217
 996500.000 1.010531 0.958734 0.667488 0.823186
 997000.000 1.001926 0.949723 0.688742 0.794590
 997500.000 1.007051 0.955507 0.692228 0.797578
 998000.000 1.011084 0.961680 0.687868 0.804110
 998500.000 1.029890 0.977848 0.685190 0.834072
 999000.000 0.997985 0.945992 0.696350 0.782397
 999500.000 0.989167 0.938086 0.662276 0.798930
1000000.000 1.005285 0.953423 0.715010 0.775204
