40.718 42.319 -96.741
46.689 53.183 -109.451
36.574 36.834 -95.515
32.063 35.168 -86.522
35.469 41.013 -84.448
44.334 49.664 -107.878
48.216 55.279 -120.0905
40.66 40.688 -94.4325
30.778 31.468 -62.542
39.463 35.66 -88.774
42.275 40.397 -95.2535
32.816 37.918 -70.4865
35.185 35.014 -86.676
40.074 36.953 -97.178
45.211 49.558 -109.11
48.037 42.345 -104.0535
45.701 48.573 -100.948
42.59 38.908 -101.894
36.273 38.579 -79.4475
45.951 45.94 -107.9735
46.255 49.243 -114.8185
41.616 46.707 -98.1465
44.612 44.246 -103.114
46.817 43.164 -105.0065
44.209 46.919 -93.1675
48.17 41.38 -102.6415
50.844 49.656 -105.668
44.693 39.405 -94.804
43.441 44.112 -98.42
50.202 46.427 -119.2565
54.434 62.656 -136.515
52.834 61.258 -133.613
47.281 57.689 -128.453
55.375 53.362 -135.109
42.594 47.139 -110.3295
44.865 48.371 -103.0575
43.894 47.848 -107.0955
42.946 43.938 -106.9845
35.642 35.546 -80.9215
31.439 34.17 -70.8585
30.092 33.655 -69.927
30.229 30.085 -61.6385
38.566 40.254 -94.588
39.435 39.49 -100.794
41.222 42.056 -110.126
45.142 40.423 -99.7205
34.277 33.469 -74.6555
31.648 37.675 -71.576
42.253 40.298 -93.8795
32.561 40.988 -88.786
40.117 45.763 -95.6385
34.824 40.36 -75.884
40.735 45.74 -101.1625
47.067 50.731 -103.546
53.058 58.551 -122.649
45.962 51.031 -109.583
53.158 59.702 -131.159
46.418 52.741 -112.171
36.718 42.72 -76.99
38.099 43.366 -86.1885
36.352 40.83 -89.384
29.652 35.444 -65.369
43.867 45.495 -93.3805
32.424 35.215 -69.102
30.369 34.847 -60.2945
39.072 42.386 -84.548
38.627 46.101 -96.585
40.102 44.558 -89.5605
47.297 52.016 -108.0215
43.386 45.466 -88.476
37.798 43.989 -86.614
36.959 48.078 -92.292
42.799 47.071 -97.3695
42.054 47.93 -93.7855
37.139 46.34 -81.2645
43.011 47.974 -102.7495
39.976 48.591 -94.036
38.532 43.908 -90.8565
36.837 47.159 -89.3705
38.199 43.94 -87.8555
40.482 54.037 -91.106
35.432 45.946 -80.214
35.48 45.296 -89.87
36.301 42.345 -84.674
30.708 40.409 -69.7735
34.505 39.191 -73.993
43.036 47.364 -92.2825
44.804 51.321 -95.4405
44.932 52.011 -93.709
47.805 49.547 -90.8115
33.355 41.697 -70.136
29.64 35.81 -54.674
28.183 37.362 -54.977
29.098 37.946 -66.024
33.472 41.163 -76.404
31.398 37.445 -81.9405
24.031 33.008 -57.333
31.901 40.056 -78.5305
27.902 32.175 -56.67
24.92 34.287 -53.688
28.537 36.308 -65.091
