 750000.000 1.139043 0.724162 0.920957 1.105561
 750500.000 1.121802 0.722903 0.897370 1.090420
 751000.000 1.158658 0.718423 0.954789 1.121258
 751500.000 1.202501 0.766002 0.962226 1.174471
 752000.000 1.152983 0.763733 0.903275 1.122293
 752500.000 1.156722 0.730193 0.930563 1.129993
 753000.000 1.179983 0.734586 0.957664 1.152381
 753500.000 1.184808 0.745380 0.956724 1.156126
 754000.000 1.179619 0.749379 0.946567 1.151279
 754500.000 1.197316 0.781983 0.950451 1.162875
 755000.000 1.178723 0.786408 0.933543 1.135268
 755500.000 1.168417 0.784257 0.930815 1.117552
 756000.000 1.226871 0.781135 1.001272 1.182246
 756500.000 1.214999 0.776996 0.995087 1.165559
 757000.000 1.193003 0.729033 0.992588 1.153167
 757500.000 1.176038 0.756704 0.958013 1.129487
 758000.000 1.207970 0.803174 0.956795 1.165264
 758500.000 1.171755 0.781051 0.917997 1.137215
 759000.000 1.154130 0.821333 0.848315 1.126857
 759500.000 1.121816 0.730961 0.892639 1.088960
 760000.000 1.097231 0.630792 0.941114 1.060302
 760500.000 1.114258 0.672348 0.930012 1.079892
 761000.000 1.022469 0.717828 0.769330 0.991836
 761500.000 1.068188 0.704871 0.842295 1.037181
 762000.000 1.045780 0.751929 0.767289 1.016456
 762500.000 1.053730 0.700870 0.838998 1.012699
 763000.000 1.092449 0.698536 0.877246 1.062721
 763500.000 1.060124 0.694292 0.840884 1.028884
 764000.000 1.083557 0.771604 0.816090 1.042506
 764500.000 1.120180 0.781807 0.841182 1.091235
 765000.000 1.111397 0.804372 0.815414 1.076334
 765500.000 1.080768 0.759402 0.824789 1.038822
 766000.000 1.097034 0.778183 0.830649 1.054240
 766500.000 1.116027 0.771586 0.847584 1.085030
 767000.000 1.117952 0.737770 0.877490 1.088733
 767500.000 1.088443 0.729902 0.846347 1.058469
 768000.000 1.097017 0.726320 0.861846 1.066102
 768500.000 1.065431 0.726415 0.823715 1.031554
 769000.000 1.054958 0.682577 0.848866 1.019504
 769500.000 1.088308 0.722522 0.857987 1.053874
 770000.000 1.052403 0.690746 0.837653 1.017993
 770500.000 1.033696 0.725015 0.782812 0.999307
 771000.000 1.013982 0.733782 0.753630 0.974641
 771500.000 0.981846 0.732711 0.712921 0.939640
 772000.000 1.003807 0.735531 0.738916 0.963459
 772500.000 1.032262 0.736234 0.777055 0.992610
 773000.000 1.022148 0.701615 0.795545 0.982047
 773500.000 0.980415 0.686562 0.753970 0.939461
 774000.000 0.993061 0.696302 0.752033 0.960182
 774500.000 1.048176 0.723142 0.812725 1.006920
 775000.000 1.015128 0.705393 0.779765 0.977425
 775500.000 1.015129 0.731023 0.769653 0.966546
 776000.000 1.033772 0.687154 0.826713 0.990826
 776500.000 1.022857 0.668619 0.817002 0.988902
 777000.000 0.999555 0.673846 0.786107 0.962386
 777500.000 1.021017 0.687341 0.812669 0.975747
 778000.000 1.043647 0.739183 0.808211 0.989343
 778500.000 1.036090 0.730036 0.794481 0.991367
 779000.000 1.040603 0.724448 0.809328 0.992910
 779500.000 1.071472 0.771326 0.805460 1.025862
 780000.000 1.034317 0.730007 0.798223 0.984660
 780500.000 1.001020 0.686739 0.781751 0.959864
 781000.000 1.031541 0.745396 0.771036 0.988961
 781500.000 1.086128 0.734335 0.848082 1.049218
 782000.000 1.093480 0.783388 0.849361 1.027757
 782500.000 1.053133 0.779983 0.784251 0.997375
 783000.000 1.116804 0.884347 0.749949 1.072386
 783500.000 1.053820 0.793375 0.761425 1.005913
 784000.000 1.072447 0.829419 0.767992 1.011207
 784500.000 1.105371 0.777311 0.866407 1.043463
 785000.000 1.077156 0.798738 0.792323 1.027021
 785500.000 1.038368 0.785570 0.756753 0.983168
 786000.000 1.053534 0.767766 0.789843 1.003271
 786500.000 0.987017 0.750767 0.709312 0.938952
 787000.000 1.003029 0.774045 0.721388 0.944768
 787500.000 0.991429 0.738364 0.723781 0.947008
 788000.000 0.985797 0.760791 0.704532 0.931892
 788500.000 0.997897 0.754476 0.735662 0.938705
 789000.000 0.984548 0.726034 0.730573 0.936914
 789500.000 0.975978 0.718583 0.730549 0.924663
 790000.000 1.004275 0.732259 0.774310 0.938818
 790500.000 1.010259 0.753506 0.764146 0.943163
 791000.000 1.024718 0.734616 0.798989 0.960233
 791500.000 1.011310 0.724611 0.788598 0.947918
 792000.000 1.004117 0.770283 0.745085 0.931672
 792500.000 0.969627 0.726355 0.726918 0.907940
 793000.000 1.014169 0.757354 0.757763 0.953564
 793500.000 1.037097 0.779041 0.772222 0.973606
 794000.000 1.017977 0.771958 0.736212 0.966760
 794500.000 1.031119 0.774542 0.742995 0.987145
 795000.000 0.986208 0.767134 0.697548 0.932815
 795500.000 1.017810 0.822401 0.700878 0.950947
 796000.000 0.984385 0.759637 0.701470 0.932158
 796500.000 1.051032 0.823503 0.736779 0.994152
 797000.000 1.034702 0.798824 0.731299 0.984022
 797500.000 1.061667 0.807730 0.750447 1.019153
 798000.000 0.955797 0.778883 0.643858 0.897710
 798500.000 0.962619 0.776399 0.648727 0.910840
 799000.000 0.934634 0.751797 0.640539 0.878404
 799500.000 0.949504 0.728786 0.677355 0.901764
 800000.000 0.961077 0.745280 0.685336 0.906758
 800500.000 0.964031 0.769105 0.667331 0.906564
 801000.000 0.993826 0.787273 0.689338 0.938293
 801500.000 0.977408 0.784354 0.675557 0.916004
 802000.000 0.974242 0.803127 0.671373 0.895846
 802500.000 1.043606 0.852016 0.684820 0.991623
 803000.000 1.044464 0.865568 0.680040 0.984961
 803500.000 1.005121 0.825963 0.663646 0.947573
 804000.000 1.024020 0.836089 0.694601 0.956931
 804500.000 1.020649 0.867007 0.666570 0.942037
 805000.000 0.979616 0.797234 0.661245 0.920038
 805500.000 1.018441 0.853622 0.684464 0.936635
 806000.000 1.039291 0.852666 0.679686 0.985517
 806500.000 1.074451 0.909641 0.654546 1.026163
 807000.000 1.096520 0.876155 0.716589 1.059985
 807500.000 1.111629 0.884417 0.730143 1.075238
 808000.000 1.091882 0.868519 0.710526 1.060775
 808500.000 1.090337 0.872867 0.708040 1.055677
 809000.000 1.082271 0.908813 0.642162 1.050860
 809500.000 1.058707 0.867223 0.658210 1.027815
 810000.000 1.085219 0.864077 0.706456 1.053418
 810500.000 1.038432 0.855727 0.646727 1.003073
 811000.000 1.081373 0.870816 0.692955 1.048918
 811500.000 1.104702 0.908776 0.678613 1.074403
 812000.000 1.080863 0.888219 0.681226 1.040926
 812500.000 1.096583 0.900837 0.673685 1.067536
 813000.000 1.046784 0.887049 0.655102 0.987673
 813500.000 1.032313 0.870170 0.628537 0.989489
 814000.000 0.978522 0.821984 0.642731 0.908983
 814500.000 1.015430 0.829741 0.672540 0.959904
 815000.000 1.011884 0.821397 0.648560 0.975959
 815500.000 1.091626 0.906493 0.676935 1.050393
 816000.000 1.043674 0.863608 0.654283 1.002301
 816500.000 1.044325 0.881660 0.630600 1.003120
 817000.000 1.046315 0.883643 0.643724 0.997168
 817500.000 1.029890 0.855159 0.654503 0.980652
 818000.000 1.061990 0.875787 0.669142 1.020241
 818500.000 1.094618 0.883378 0.708132 1.055732
 819000.000 1.081813 0.902881 0.675122 1.034241
 819500.000 1.040471 0.868911 0.655182 0.990399
 820000.000 1.033705 0.839602 0.682756 0.982854
 820500.000 1.072656 0.898910 0.658550 1.029298
 821000.000 0.990954 0.802372 0.668719 0.934341
 821500.000 0.980476 0.791595 0.663803 0.924883
 822000.000 1.009737 0.793739 0.722087 0.942182
 822500.000 1.016825 0.846516 0.682147 0.941250
 823000.000 1.053059 0.872198 0.684248 0.994455
 823500.000 1.036427 0.861877 0.650825 0.990937
 824000.000 1.050830 0.876320 0.653393 1.006791
 824500.000 1.051719 0.857268 0.684435 1.004423
 825000.000 1.070840 0.889782 0.662650 1.030816
 825500.000 1.123771 0.946669 0.676050 1.082819
 826000.000 1.083519 0.932826 0.637176 1.035311
 826500.000 1.074647 0.923659 0.641274 1.022425
 827000.000 1.027876 0.845827 0.683499 0.964606
 827500.000 1.051406 0.871868 0.658896 1.008271
 828000.000 1.038701 0.861718 0.654172 0.993631
 828500.000 1.028469 0.863946 0.634496 0.983112
 829000.000 1.005577 0.834999 0.648978 0.950776
 829500.000 1.046291 0.862330 0.657537 1.006718
 830000.000 1.061365 0.862474 0.694074 1.013603
 830500.000 1.049825 0.846825 0.700385 0.998306
 831000.000 1.047589 0.883887 0.660064 0.988911
 831500.000 1.049130 0.877465 0.679838 0.984491
 832000.000 1.025845 0.874418 0.652829 0.955994
 832500.000 1.035872 0.856662 0.708646 0.953947
 833000.000 1.043854 0.847604 0.711123 0.977309
 833500.000 1.019351 0.824648 0.704641 0.949520
 834000.000 1.025003 0.840599 0.704669 0.947680
 834500.000 1.027586 0.847768 0.741556 0.918286
 835000.000 1.041585 0.867747 0.689432 0.970307
 835500.000 1.003530 0.828198 0.671004 0.937009
 836000.000 1.003985 0.839325 0.654674 0.939631
 836500.000 0.998958 0.832278 0.634752 0.948809
 837000.000 1.028386 0.846361 0.667882 0.976095
 837500.000 1.065385 0.908137 0.627120 1.025718
 838000.000 1.080484 0.927943 0.624964 1.040784
 838500.000 1.031345 0.854119 0.654859 0.984371
 839000.000 1.032876 0.849065 0.665419 0.984870
 839500.000 1.008306 0.814739 0.672022 0.958097
 840000.000 1.026649 0.850722 0.651098 0.979978
 840500.000 1.015285 0.831782 0.664330 0.963542
 841000.000 1.030524 0.850006 0.658628 0.983697
 841500.000 1.000101 0.825620 0.636861 0.955595
 842000.000 1.001547 0.828263 0.632883 0.958974
 842500.000 1.028726 0.853362 0.641348 0.988433
 843000.000 1.028774 0.854599 0.644149 0.985640
 843500.000 1.020573 0.852469 0.639444 0.973421
 844000.000 1.021639 0.862854 0.630177 0.972548
 844500.000 1.024571 0.859049 0.632014 0.980860
 845000.000 1.039064 0.846631 0.698437 0.977092
 845500.000 1.064982 0.892515 0.662770 1.016134
 846000.000 1.056368 0.884347 0.658668 1.007925
 846500.000 1.027073 0.866977 0.656538 0.962842
 847000.000 0.990462 0.818281 0.669878 0.918536
 847500.000 1.037472 0.861010 0.683234 0.971880
 848000.000 1.002295 0.846977 0.657425 0.927153
 848500.000 0.980096 0.820567 0.641401 0.914576
 849000.000 0.982078 0.820035 0.680268 0.890915
 849500.000 0.955958 0.804547 0.669468 0.855702
 850000.000 0.986788 0.826652 0.655026 0.913831
 850500.000 1.029047 0.885175 0.618517 0.975592
 851000.000 1.044545 0.890439 0.647074 0.985172
 851500.000 0.979390 0.807676 0.660867 0.910671
 852000.000 1.023865 0.853744 0.652133 0.970794
 852500.000 1.012765 0.796164 0.701542 0.961949
 853000.000 0.993251 0.798867 0.667978 0.942716
 853500.000 1.019637 0.794724 0.720311 0.963786
 854000.000 1.045503 0.825863 0.723809 0.990054
 854500.000 1.057466 0.835309 0.726019 1.005795
 855000.000 1.055770 0.809327 0.753436 1.003308
 855500.000 1.037469 0.806814 0.720669 0.991146
 856000.000 1.015229 0.824560 0.676893 0.960881
 856500.000 1.018607 0.853906 0.672764 0.945175
 857000.000 1.024053 0.869428 0.650387 0.958362
 857500.000 0.993530 0.830971 0.662093 0.919416
 858000.000 1.032461 0.882023 0.680358 0.943981
 858500.000 1.019347 0.888524 0.640898 0.936969
 859000.000 1.028284 0.873623 0.682968 0.940783
 859500.000 1.062610 0.904130 0.670826 0.995401
 860000.000 1.081822 0.941075 0.644954 1.019358
 860500.000 1.045234 0.902158 0.650159 0.973875
 861000.000 1.047259 0.915349 0.632855 0.977310
 861500.000 1.037820 0.894117 0.660898 0.958075
 862000.000 1.030128 0.876346 0.666586 0.953943
 862500.000 0.997046 0.841022 0.742588 0.854077
 863000.000 1.023736 0.801081 0.778267 0.921215
 863500.000 1.072363 0.794980 0.821855 0.996237
 864000.000 1.074484 0.817085 0.797465 1.002723
 864500.000 1.067225 0.863364 0.716391 1.009617
 865000.000 1.074050 0.877590 0.703944 1.020522
 865500.000 1.053093 0.887961 0.669599 0.990542
 866000.000 1.055349 0.885391 0.656251 1.006449
 866500.000 1.137281 0.928972 0.709756 1.104571
 867000.000 1.131245 0.929364 0.701339 1.097194
 867500.000 1.120993 0.924909 0.696334 1.083010
 868000.000 1.089062 0.905338 0.664089 1.054259
 868500.000 1.036583 0.855257 0.662179 0.989477
 869000.000 1.048503 0.886705 0.648287 0.996090
 869500.000 1.082421 0.915257 0.667522 1.029559
 870000.000 1.112927 0.912528 0.719127 1.061773
 870500.000 1.082725 0.880823 0.699096 1.039231
 871000.000 1.121306 0.928543 0.719730 1.065105
 871500.000 1.087933 0.868394 0.744219 1.029187
 872000.000 1.095969 0.869260 0.742100 1.046888
 872500.000 1.058314 0.842880 0.737802 0.992602
 873000.000 1.080807 0.860758 0.744349 1.020455
 873500.000 1.114602 0.915213 0.733287 1.053257
 874000.000 1.070828 0.870381 0.734044 0.998481
 874500.000 1.125530 0.908407 0.777522 1.050661
 875000.000 1.120988 0.896520 0.778906 1.050136
 875500.000 1.152503 0.924114 0.787373 1.087466
 876000.000 1.150729 0.937062 0.793452 1.068039
 876500.000 1.154308 0.931047 0.807396 1.070570
 877000.000 1.187611 0.946914 0.806794 1.128396
 877500.000 1.173668 0.954942 0.798295 1.098092
 878000.000 1.164211 0.910371 0.812411 1.105436
 878500.000 1.208898 0.971582 0.783293 1.168480
 879000.000 1.190987 0.953474 0.784122 1.145837
 879500.000 1.104225 0.851944 0.797160 1.037956
 880000.000 1.097749 0.840195 0.823472 1.012952
 880500.000 1.124354 0.847253 0.848595 1.044218
 881000.000 1.122729 0.897533 0.765233 1.062963
 881500.000 1.094924 0.844789 0.782836 1.034996
 882000.000 1.094275 0.851059 0.761289 1.044515
 882500.000 1.128818 0.900525 0.747395 1.085779
 883000.000 1.114747 0.900733 0.739534 1.061645
 883500.000 1.128216 0.926733 0.732422 1.072597
 884000.000 1.153406 0.978889 0.695779 1.103793
 884500.000 1.152263 0.992943 0.675860 1.101225
 885000.000 1.197040 1.044397 0.699571 1.133862
 885500.000 1.209439 1.059438 0.695703 1.148509
 886000.000 1.176538 1.029388 0.672098 1.121216
 886500.000 1.191314 1.022242 0.714172 1.132890
 887000.000 1.202106 0.998021 0.764063 1.144675
 887500.000 1.183294 0.992003 0.766281 1.108654
 888000.000 1.181601 1.028868 0.702660 1.113581
 888500.000 1.213448 1.051682 0.704188 1.158876
 889000.000 1.190439 1.003462 0.723424 1.141933
 889500.000 1.115348 0.901577 0.734983 1.065346
 890000.000 1.192541 0.959038 0.792660 1.138526
 890500.000 1.125348 0.939317 0.704482 1.074340
 891000.000 1.157089 0.942704 0.762934 1.098614
 891500.000 1.144595 0.917356 0.780877 1.081149
 892000.000 1.104972 0.913925 0.719581 1.043489
 892500.000 1.164067 0.985162 0.741722 1.090601
 893000.000 1.121289 0.935328 0.716582 1.061251
 893500.000 1.170269 1.009863 0.694852 1.111943
 894000.000 1.178596 1.002063 0.725680 1.116887
 894500.000 1.105686 0.918096 0.703987 1.051942
 895000.000 1.142329 0.978525 0.698957 1.078786
 895500.000 1.107803 0.964397 0.633905 1.059510
 896000.000 1.127476 0.987782 0.630876 1.081057
 896500.000 1.114246 0.976428 0.692480 1.024767
 897000.000 1.107620 0.963205 0.641909 1.055384
 897500.000 1.108750 0.968287 0.641811 1.053163
 898000.000 1.180039 1.009007 0.729399 1.111244
 898500.000 1.152912 1.013785 0.646395 1.101283
 899000.000 1.151171 1.002727 0.662264 1.098333
 899500.000 1.180927 1.042593 0.643064 1.135185
 900000.000 1.230814 1.122122 0.632137 1.170920
 900500.000 1.203393 1.089668 0.640343 1.139690
 901000.000 1.221497 1.067310 0.662380 1.185839
 901500.000 1.205608 1.057971 0.713839 1.130538
 902000.000 1.151425 0.983916 0.700820 1.091935
 902500.000 1.198729 1.017324 0.726998 1.144739
 903000.000 1.199702 1.024167 0.717759 1.146505
 903500.000 1.209954 1.036034 0.709486 1.162427
 904000.000 1.182059 0.992105 0.744396 1.120770
 904500.000 1.177745 0.982639 0.711557 1.141172
 905000.000 1.207670 1.012498 0.724913 1.168882
 905500.000 1.254601 1.066529 0.712337 1.226025
 906000.000 1.123862 0.946946 0.662476 1.091123
 906500.000 1.157243 0.975304 0.685602 1.121228
 907000.000 1.173064 0.988228 0.689854 1.140027
 907500.000 1.165917 0.972967 0.694275 1.135800
 908000.000 1.135121 0.973449 0.656576 1.094671
 908500.000 1.122832 0.913236 0.708324 1.088934
 909000.000 1.149651 0.966886 0.683175 1.114361
 909500.000 1.174934 1.002175 0.669690 1.143721
 910000.000 1.131386 0.960213 0.661551 1.095632
 910500.000 1.116188 0.926619 0.679490 1.082322
 911000.000 1.140842 0.940403 0.706970 1.104028
 911500.000 1.123577 0.920443 0.698597 1.090686
 912000.000 1.101956 0.879418 0.717976 1.067589
 912500.000 1.106776 0.916521 0.685127 1.067941
 913000.000 1.079531 0.883381 0.693199 1.034355
 913500.000 1.139774 0.964121 0.673379 1.102361
 914000.000 1.123054 0.929533 0.687109 1.089196
 914500.000 1.133692 0.943449 0.698189 1.092222
 915000.000 1.123665 0.940276 0.677475 1.087270
 915500.000 1.106847 0.897200 0.706944 1.070273
 916000.000 1.142044 0.915196 0.738639 1.106958
 916500.000 1.154221 0.927909 0.731329 1.126319
 917000.000 1.140357 0.891214 0.756578 1.110925
 917500.000 1.172868 0.892316 0.802280 1.145144
 918000.000 1.155182 0.906900 0.764730 1.123215
 918500.000 1.149571 0.896526 0.763295 1.121004
 919000.000 1.148886 0.867848 0.794511 1.120477
 919500.000 1.151869 0.886182 0.778226 1.123677
 920000.000 1.150748 0.904837 0.754981 1.122372
 920500.000 1.154692 0.918948 0.740939 1.128349
 921000.000 1.144690 0.902270 0.753972 1.112685
 921500.000 1.172682 0.930266 0.766033 1.139371
 922000.000 1.165645 0.952583 0.727938 1.131435
 922500.000 1.228430 0.997567 0.785734 1.185564
 923000.000 1.218427 1.006200 0.755261 1.177399
 923500.000 1.210259 1.035780 0.701811 1.167935
 924000.000 1.165464 0.952936 0.754929 1.112927
 924500.000 1.157889 0.953439 0.750123 1.099855
 925000.000 1.135614 0.946979 0.722178 1.077464
 925500.000 1.213197 0.971901 0.809345 1.159338
 926000.000 1.218521 0.996580 0.776956 1.171646
 926500.000 1.145703 0.959350 0.717487 1.090932
 927000.000 1.206364 1.024278 0.722709 1.157226
 927500.000 1.246010 1.111938 0.669431 1.191862
 928000.000 1.241527 1.081919 0.699175 1.193055
 928500.000 1.230235 1.098292 0.653188 1.180703
 929000.000 1.207916 1.052607 0.679800 1.161040
 929500.000 1.275798 1.148265 0.715481 1.193690
 930000.000 1.211655 1.042102 0.715756 1.156690
 930500.000 1.252578 1.114258 0.682152 1.196243
 931000.000 1.262042 1.106356 0.679163 1.224832
 931500.000 1.309874 1.168559 0.666580 1.273452
 932000.000 1.236810 1.093215 0.649961 1.200763
 932500.000 1.215953 1.038311 0.703816 1.176281
 933000.000 1.189045 0.999041 0.718176 1.146210
 933500.000 1.177841 1.019663 0.667482 1.135507
 934000.000 1.206738 1.035969 0.701080 1.160898
 934500.000 1.188405 1.040767 0.660309 1.142545
 935000.000 1.215311 1.067711 0.661660 1.173098
 935500.000 1.206995 1.052810 0.669645 1.164835
 936000.000 1.179882 1.022286 0.668833 1.136590
 936500.000 1.192540 1.034043 0.671733 1.150580
 937000.000 1.179224 1.029796 0.640338 1.144825
 937500.000 1.178342 1.010948 0.672668 1.141264
 938000.000 1.219872 1.071329 0.654298 1.183353
 938500.000 1.168103 0.993161 0.677470 1.132959
 939000.000 1.187501 1.047466 0.633649 1.149617
 939500.000 1.215330 1.036050 0.683278 1.189027
 940000.000 1.158507 0.998781 0.665626 1.115193
 940500.000 1.144044 0.942458 0.706697 1.109066
 941000.000 1.140507 0.974834 0.671032 1.095870
 941500.000 1.142999 0.951649 0.685122 1.112594
 942000.000 1.163056 0.997293 0.654338 1.132539
 942500.000 1.160298 1.005163 0.648887 1.123022
 943000.000 1.168825 1.027732 0.619722 1.136670
 943500.000 1.143155 1.011527 0.610633 1.103425
 944000.000 1.140670 1.011334 0.613418 1.096895
 944500.000 1.159332 1.027460 0.641063 1.105198
 945000.000 1.177739 1.034707 0.660683 1.125618
 945500.000 1.137286 0.997942 0.632825 1.091093
 946000.000 1.163886 1.020893 0.659373 1.110074
 946500.000 1.170826 0.996314 0.680470 1.134013
 947000.000 1.113908 0.970940 0.619116 1.074967
 947500.000 1.146143 1.000644 0.635239 1.105652
 948000.000 1.140530 0.993362 0.631629 1.102675
 948500.000 1.114347 0.982398 0.614059 1.068346
 949000.000 1.145072 1.003610 0.627722 1.105039
 949500.000 1.128502 0.996223 0.610813 1.086959
 950000.000 1.145165 0.983728 0.656082 1.106636
 950500.000 1.148380 0.994568 0.639680 1.113192
 951000.000 1.131946 0.991850 0.621955 1.091791
 951500.000 1.176893 1.022143 0.658432 1.136594
 952000.000 1.164704 1.027889 0.621651 1.126972
 952500.000 1.126361 0.952111 0.677841 1.082309
 953000.000 1.159656 0.995169 0.669972 1.118205
 953500.000 1.167435 1.022679 0.662367 1.114094
 954000.000 1.162372 1.010545 0.665221 1.112878
 954500.000 1.172035 1.018900 0.686200 1.112791
 955000.000 1.163028 0.999383 0.692902 1.107424
 955500.000 1.154011 1.009441 0.642947 1.109564
 956000.000 1.134690 0.989286 0.639923 1.089429
 956500.000 1.218942 1.068991 0.671369 1.173952
 957000.000 1.172559 1.011810 0.651019 1.141141
 957500.000 1.149428 0.997560 0.632001 1.117059
 958000.000 1.113123 0.944040 0.653799 1.076763
 958500.000 1.122584 0.951634 0.671472 1.078844
 959000.000 1.107424 0.929905 0.671866 1.066137
 959500.000 1.165544 1.022964 0.656319 1.113451
 960000.000 1.146153 1.002378 0.645652 1.098046
 960500.000 1.125251 0.936012 0.685393 1.089266
 961000.000 1.116631 0.920448 0.689401 1.082234
 961500.000 1.148032 0.959892 0.690599 1.112491
 962000.000 1.164382 0.977421 0.696959 1.127149
 962500.000 1.193637 0.987763 0.730128 1.157920
 963000.000 1.204216 0.999202 0.721265 1.175432
 963500.000 1.199608 1.007099 0.700492 1.171828
 964000.000 1.181949 0.982690 0.702249 1.155497
 964500.000 1.129264 0.946121 0.673505 1.096231
 965000.000 1.143327 0.938320 0.700362 1.115098
 965500.000 1.117615 0.938726 0.672885 1.078957
 966000.000 1.133129 0.943256 0.685503 1.099235
 966500.000 1.152155 0.976979 0.690862 1.105958
 967000.000 1.145968 0.957577 0.701151 1.103593
 967500.000 1.172988 0.982520 0.695045 1.141652
 968000.000 1.142416 0.958627 0.692115 1.101017
 968500.000 1.130394 0.941086 0.697523 1.087841
 969000.000 1.147183 0.952237 0.698761 1.112221
 969500.000 1.162447 0.953407 0.711633 1.134530
 970000.000 1.163662 0.960050 0.709918 1.132494
 970500.000 1.159636 0.972266 0.689504 1.126407
 971000.000 1.181870 0.996842 0.692675 1.148974
 971500.000 1.187480 1.017993 0.676924 1.151383
 972000.000 1.140916 0.953329 0.691322 1.103002
 972500.000 1.172457 1.004908 0.697617 1.119288
 973000.000 1.141677 0.972063 0.667152 1.103112
 973500.000 1.150416 0.978891 0.680035 1.107358
 974000.000 1.205512 0.999985 0.754198 1.156605
 974500.000 1.188400 0.953484 0.763774 1.154170
 975000.000 1.195202 0.976187 0.758056 1.153005
 975500.000 1.155591 0.931344 0.765029 1.103681
 976000.000 1.177171 0.985625 0.726994 1.127602
 976500.000 1.163620 0.960394 0.748445 1.107022
 977000.000 1.180512 0.947056 0.771677 1.137900
 977500.000 1.134360 0.970746 0.686665 1.076889
 978000.000 1.152117 0.940341 0.730787 1.111961
 978500.000 1.098327 0.890224 0.710732 1.055939
 979000.000 1.109034 0.916854 0.695243 1.065800
 979500.000 1.077651 0.887428 0.687430 1.030814
 980000.000 1.076264 0.911370 0.651891 1.030111
 980500.000 1.032830 0.833148 0.691263 0.980559
 981000.000 1.036955 0.853928 0.663397 0.990586
 981500.000 1.074251 0.877670 0.698128 1.024862
 982000.000 1.025449 0.855786 0.642779 0.978549
 982500.000 1.084287 0.909727 0.678090 1.031479
 983000.000 1.111864 0.927592 0.704278 1.056432
 983500.000 1.092184 0.921210 0.697380 1.025069
 984000.000 1.074490 0.903348 0.669622 1.022070
 984500.000 1.077882 0.896298 0.686900 1.023953
 985000.000 1.103948 0.930495 0.683576 1.050858
 985500.000 1.090365 0.903034 0.671081 1.054501
 986000.000 1.076644 0.899895 0.668382 1.030427
 986500.000 1.090189 0.938789 0.632818 1.046537
 987000.000 1.163600 1.002933 0.659270 1.125797
 987500.000 1.165596 0.990904 0.671755 1.133175
 988000.000 1.164046 1.004728 0.643343 1.134300
 988500.000 1.147005 0.981193 0.653000 1.114493
 989000.000 1.186160 1.043587 0.652443 1.139822
 989500.000 1.199556 1.056450 0.644096 1.160569
 990000.000 1.155037 1.018245 0.641168 1.104671
 990500.000 1.141575 1.005597 0.629984 1.094661
 991000.000 1.097085 0.950053 0.622418 1.056970
 991500.000 1.127487 0.980043 0.628486 1.089484
 992000.000 1.155029 1.016525 0.615845 1.120534
 992500.000 1.172966 1.025744 0.653087 1.128285
 993000.000 1.183710 1.053761 0.617414 1.144868
 993500.000 1.127660 0.982359 0.649124 1.075566
 994000.000 1.163625 1.007443 0.659867 1.121464
 994500.000 1.159470 1.010873 0.646586 1.117498
 995000.000 1.121258 0.988936 0.599063 1.085158
 995500.000 1.131023 0.997537 0.619473 1.086092
 996000.000 1.088322 0.956663 0.609018 1.040568
 996500.000 1.103196 0.973103 0.603257 1.059828
 997000.000 1.124885 0.978335 0.627607 1.086140
 997500.000 1.125826 0.968347 0.646769 1.085800
 998000.000 1.123429 0.976423 0.641860 1.076476
 998500.000 1.125866 0.999153 0.585351 1.092798
 999000.000 1.120918 0.959349 0.637794 1.088937
 999500.000 1.115278 0.938207 0.657339 1.084141
1000000.000 1.120769 0.957271 0.640466 1.088889
