 750000.000    1.053
 750500.000    1.694
 751000.000    1.252
 751500.000    3.747
 752000.000   -0.765
 752500.000    1.064
 753000.000   -1.108
 753500.000    2.805
 754000.000    0.800
 754500.000    2.787
 755000.000   -0.416
 755500.000   -1.376
 756000.000    2.540
 756500.000    2.361
 757000.000    1.841
 757500.000   -1.465
 758000.000    0.457
 758500.000    0.193
 759000.000    2.031
 759500.000    2.551
 760000.000    2.031
 760500.000    1.144
 761000.000    2.624
 761500.000    2.106
 762000.000    2.468
 762500.000    2.209
 763000.000    1.247
 763500.000    1.323
 764000.000    0.191
 764500.000    0.544
 765000.000    1.151
 765500.000   -1.122
 766000.000    1.941
 766500.000    1.068
 767000.000    2.374
 767500.000    0.187
 768000.000    2.617
 768500.000    1.398
 769000.000    1.147
 769500.000   -0.411
 770000.000    1.850
 770500.000    1.928
 771000.000    1.153
 771500.000    1.579
 772000.000   -1.905
 772500.000   -0.247
 773000.000    0.530
 773500.000    1.857
 774000.000    1.944
 774500.000    0.551
 775000.000    2.106
 775500.000    2.546
 776000.000    0.626
 776500.000    0.628
 777000.000    1.346
 777500.000    2.984
 778000.000    2.714
 778500.000    1.841
 779000.000    3.229
 779500.000    0.179
 780000.000    0.722
 780500.000    0.975
 781000.000    0.459
 781500.000    0.184
 782000.000    0.881
 782500.000    2.709
 783000.000    2.721
 783500.000    1.332
 784000.000    0.977
 784500.000    1.229
 785000.000   -0.235
 785500.000    1.593
 786000.000    0.365
 786500.000    1.408
 787000.000    0.457
 787500.000   -0.065
 788000.000   -0.327
 788500.000    1.941
 789000.000    1.939
 789500.000    2.003
 790000.000    1.930
 790500.000    1.589
 791000.000    0.368
 791500.000    2.890
 792000.000    3.059
 792500.000   -0.061
 793000.000    0.972
 793500.000    2.115
 794000.000    3.146
 794500.000    0.981
 795000.000    3.241
 795500.000    1.337
 796000.000    4.381
 796500.000    1.859
 797000.000    3.852
 797500.000   -0.173
 798000.000    2.287
 798500.000    1.588
 799000.000    2.017
 799500.000    2.280
 800000.000    2.280
 800500.000    1.955
 801000.000    1.153
 801500.000    1.934
 802000.000    4.019
 802500.000   -0.065
 803000.000    3.344
 803500.000    0.548
 804000.000    2.116
 804500.000    2.108
 805000.000    0.622
 805500.000    3.850
 806000.000    0.466
 806500.000    3.067
 807000.000    1.419
 807500.000    0.368
 808000.000    1.682
 808500.000    3.245
 809000.000    1.511
 809500.000    2.466
 810000.000    1.761
 810500.000    0.816
 811000.000    2.723
 811500.000    2.201
 812000.000    3.147
 812500.000    1.339
 813000.000    1.854
 813500.000    2.290
 814000.000   -0.065
 814500.000    2.193
 815000.000    0.368
 815500.000    0.015
 816000.000   -0.419
 816500.000   -0.590
 817000.000   -0.767
 817500.000   -0.851
 818000.000    1.062
 818500.000    1.765
 819000.000    0.725
 819500.000   -0.757
 820000.000   -2.238
 820500.000    0.196
 821000.000    1.676
 821500.000   -0.068
 822000.000    2.029
 822500.000   -0.588
 823000.000    0.541
 823500.000   -0.159
 824000.000    0.979
 824500.000    0.100
 825000.000    2.189
 825500.000    2.560
 826000.000    0.890
 826500.000    1.147
 827000.000    1.428
 827500.000   -1.119
 828000.000    1.502
 828500.000    2.567
 829000.000    0.374
 829500.000    0.892
 830000.000    3.692
 830500.000    1.675
 831000.000    2.980
 831500.000    0.633
 832000.000   -0.851
 832500.000    1.946
 833000.000    0.549
 833500.000    1.151
 834000.000   -0.066
 834500.000    0.028
 835000.000    0.464
 835500.000    1.587
 836000.000    0.535
 836500.000    0.021
 837000.000   -0.597
 837500.000    1.323
 838000.000   -1.204
 838500.000    1.495
 839000.000   -0.682
 839500.000   -1.569
 840000.000    4.631
 840500.000   -0.506
 841000.000    0.713
 841500.000    0.899
 842000.000    2.540
 842500.000    1.153
 843000.000    1.330
 843500.000    1.930
 844000.000    4.187
 844500.000    4.803
 845000.000    3.408
 845500.000    3.405
 846000.000    2.551
 846500.000    2.021
 847000.000    2.292
 847500.000    2.981
 848000.000    2.618
 848500.000    1.923
 849000.000    2.363
 849500.000    0.901
 850000.000    2.271
 850500.000    2.627
 851000.000    0.283
 851500.000    2.285
 852000.000    4.790
 852500.000    3.078
 853000.000    1.761
 853500.000    0.191
 854000.000   -0.240
 854500.000    1.515
 855000.000   -0.503
 855500.000    3.843
 856000.000    0.553
 856500.000    2.816
 857000.000    3.946
 857500.000    0.028
 858000.000   -1.896
 858500.000    1.758
 859000.000   -0.744
 859500.000    2.026
 860000.000    4.812
 860500.000    1.600
 861000.000    2.979
 861500.000    4.026
 862000.000    2.381
 862500.000    1.687
 863000.000    0.709
 863500.000    2.113
 864000.000   -1.110
 864500.000    0.810
 865000.000    4.989
 865500.000    3.158
 866000.000    2.276
 866500.000    2.281
 867000.000    1.241
 867500.000    1.948
 868000.000    3.767
 868500.000    1.071
 869000.000    2.026
 869500.000    0.881
 870000.000    2.196
 870500.000    1.401
 871000.000    2.555
 871500.000    1.410
 872000.000    0.968
 872500.000    1.678
 873000.000    1.323
 873500.000    2.022
 874000.000    1.838
 874500.000    4.375
 875000.000   -0.244
 875500.000    3.593
 876000.000    3.415
 876500.000    2.301
 877000.000    0.642
 877500.000   -1.372
 878000.000    2.551
 878500.000    0.894
 879000.000   -0.945
 879500.000    3.240
 880000.000    2.624
 880500.000    0.109
 881000.000    0.551
 881500.000    2.627
 882000.000    0.189
 882500.000    2.897
 883000.000    6.285
 883500.000    2.810
 884000.000    3.758
 884500.000    1.318
 885000.000    2.720
 885500.000    2.627
 886000.000   -1.983
 886500.000   -1.110
 887000.000    0.182
 887500.000    1.591
 888000.000    0.021
 888500.000    0.805
 889000.000    1.761
 889500.000    1.946
 890000.000    1.939
 890500.000   -1.541
 891000.000    2.450
 891500.000    1.925
 892000.000    1.575
 892500.000   -0.430
 893000.000    3.595
 893500.000    3.149
 894000.000   -0.503
 894500.000   -0.347
 895000.000    2.285
 895500.000    1.566
 896000.000    1.849
 896500.000    3.930
 897000.000    2.808
 897500.000    0.968
 898000.000   -0.077
 898500.000    0.265
 899000.000    0.358
 899500.000    3.589
 900000.000    2.281
 900500.000    3.747
 901000.000    3.857
 901500.000    3.238
 902000.000    2.095
 902500.000    1.321
 903000.000    3.154
 903500.000    0.557
 904000.000    3.064
 904500.000    1.149
 905000.000    0.979
 905500.000    1.319
 906000.000   -0.074
 906500.000    3.050
 907000.000    4.196
 907500.000    3.319
 908000.000    1.754
 908500.000   -1.642
 909000.000    2.191
 909500.000   -0.334
 910000.000    2.012
 910500.000    1.062
 911000.000   -0.515
 911500.000   -0.176
 912000.000   -0.136
 912500.000    1.057
 913000.000    1.403
 913500.000   -1.117
 914000.000    0.546
 914500.000    2.634
 915000.000    1.334
 915500.000    3.410
 916000.000    0.810
 916500.000    2.384
 917000.000    1.942
 917500.000    2.375
 918000.000    1.410
 918500.000    5.674
 919000.000    3.674
 919500.000   -0.508
 920000.000    0.629
 920500.000   -0.932
 921000.000   -0.318
 921500.000    0.365
 922000.000    4.040
 922500.000   -2.148
 923000.000    2.207
 923500.000    2.551
 924000.000    1.071
 924500.000   -1.543
 925000.000   -0.143
 925500.000   -0.065
 926000.000    0.824
 926500.000   -1.546
 927000.000    0.021
 927500.000    2.205
 928000.000   -0.148
 928500.000   -2.233
 929000.000    0.984
 929500.000    1.769
 930000.000    0.640
 930500.000   -0.586
 931000.000    0.287
 931500.000    2.902
 932000.000    0.022
 932500.000    2.099
 933000.000    0.457
 933500.000    0.285
 934000.000    0.629
 934500.000    3.078
 935000.000    0.022
 935500.000    0.535
 936000.000    1.410
 936500.000    2.028
 937000.000    2.024
 937500.000    2.116
 938000.000    1.499
 938500.000    1.417
 939000.000    2.461
 939500.000   -0.506
 940000.000    1.227
 940500.000    0.812
 941000.000    0.709
 941500.000    1.763
 942000.000    2.012
 942500.000   -1.635
 943000.000   -0.601
 943500.000    2.544
 944000.000    0.194
 944500.000   -1.999
 945000.000   -0.689
 945500.000    0.714
 946000.000   -1.207
 946500.000    1.227
 947000.000   -1.631
 947500.000    0.439
 948000.000    0.537
 948500.000    1.646
 949000.000    2.459
 949500.000    3.236
 950000.000    0.179
 950500.000    0.890
 951000.000    1.149
 951500.000    2.276
 952000.000    1.329
 952500.000    2.645
 953000.000    1.856
 953500.000    1.412
 954000.000    1.847
 954500.000    1.249
 955000.000    0.532
 955500.000    0.798
 956000.000   -1.390
 956500.000    1.575
 957000.000    2.193
 957500.000    3.598
 958000.000    2.984
 958500.000    1.501
 959000.000    1.747
 959500.000    3.073
 960000.000    0.887
 960500.000    2.532
 961000.000   -2.691
 961500.000    1.832
 962000.000    1.154
 962500.000    2.175
 963000.000   -0.670
 963500.000    0.887
 964000.000    0.106
 964500.000    0.106
 965000.000    0.631
 965500.000    2.723
 966000.000    0.120
 966500.000    2.437
 967000.000    0.021
 967500.000    1.504
 968000.000    1.078
 968500.000    0.890
 969000.000   -1.106
 969500.000    1.412
 970000.000    0.445
 970500.000   -0.407
 971000.000   -0.503
 971500.000   -2.427
 972000.000    0.191
 972500.000   -0.687
 973000.000   -1.284
 973500.000    0.977
 974000.000   -1.972
 974500.000   -0.411
 975000.000   -0.682
 975500.000    0.187
 976000.000    0.549
 976500.000   -0.336
 977000.000   -1.539
 977500.000    0.984
 978000.000    1.318
 978500.000   -0.689
 979000.000    0.368
 979500.000    3.605
 980000.000    2.288
 980500.000   -0.251
 981000.000    0.798
 981500.000    0.713
 982000.000   -0.684
 982500.000   -0.773
 983000.000    0.113
 983500.000    1.428
 984000.000   -0.938
 984500.000    1.426
 985000.000   -0.066
 985500.000    0.276
 986000.000    0.800
 986500.000   -0.057
 987000.000   -1.644
 987500.000    0.975
 988000.000   -1.193
 988500.000    2.902
 989000.000    1.932
 989500.000   -0.070
 990000.000    0.982
 990500.000    0.642
 991000.000    2.217
 991500.000    1.499
 992000.000    2.269
 992500.000   -0.932
 993000.000    1.942
 993500.000    1.062
 994000.000    1.593
 994500.000    1.071
 995000.000    2.099
 995500.000    0.888
 996000.000    0.022
 996500.000   -0.764
 997000.000    0.187
 997500.000    3.241
 998000.000   -1.908
 998500.000    0.880
 999000.000    2.278
 999500.000    2.013
1000000.000   -0.503
