 750000.000    5.850  728.444
 750500.000    5.712  746.025
 751000.000    5.880  724.650
 751500.000    6.106  697.909
 752000.000    5.822  731.874
 752500.000    5.923  719.382
 753000.000    5.872  725.614
 753500.000    6.005  709.539
 754000.000    6.010  709.028
 754500.000    6.110  697.401
 755000.000    5.745  741.650
 755500.000    5.951  716.009
 756000.000    5.811  733.341
 756500.000    5.768  738.727
 757000.000    5.972  713.489
 757500.000    5.721  744.874
 758000.000    5.825  731.564
 758500.000    5.789  736.077
 759000.000    5.768  738.797
 759500.000    5.732  743.360
 760000.000    5.889  723.626
 760500.000    5.843  729.332
 761000.000    5.821  732.060
 761500.000    5.918  719.978
 762000.000    5.759  739.881
 762500.000    5.902  721.942
 763000.000    6.004  709.713
 763500.000    6.032  706.392
 764000.000    5.746  741.594
 764500.000    5.830  730.926
 765000.000    5.908  721.219
 765500.000    5.849  728.522
 766000.000    5.766  738.961
 766500.000    5.871  725.755
 767000.000    5.871  725.843
 767500.000    6.026  707.110
 768000.000    5.812  733.163
 768500.000    6.016  708.252
 769000.000    5.918  720.045
 769500.000    5.992  711.105
 770000.000    5.921  719.678
 770500.000    5.786  736.407
 771000.000    6.025  707.281
 771500.000    5.759  739.943
 772000.000    6.024  707.363
 772500.000    5.593  761.880
 773000.000    6.104  698.049
 773500.000    5.888  723.663
 774000.000    5.916  720.270
 774500.000    5.765  739.086
 775000.000    5.794  735.447
 775500.000    5.997  710.511
 776000.000    5.956  715.378
 776500.000    5.704  746.997
 777000.000    5.557  766.799
 777500.000    5.899  722.377
 778000.000    5.846  728.906
 778500.000    5.953  715.780
 779000.000    5.971  713.652
 779500.000    5.942  717.103
 780000.000    5.758  740.018
 780500.000    5.871  725.777
 781000.000    5.718  745.234
 781500.000    5.815  732.754
 782000.000    5.936  717.787
 782500.000    5.822  731.881
 783000.000    5.971  713.684
 783500.000    5.795  735.371
 784000.000    5.942  717.144
 784500.000    5.903  721.834
 785000.000    5.670  751.554
 785500.000    5.802  734.363
 786000.000    5.812  733.125
 786500.000    5.870  725.892
 787000.000    5.716  745.473
 787500.000    5.980  712.613
 788000.000    5.862  726.960
 788500.000    5.815  732.727
 789000.000    5.695  748.225
 789500.000    6.008  709.214
 790000.000    5.994  710.937
 790500.000    5.988  711.590
 791000.000    5.773  738.100
 791500.000    6.014  708.570
 792000.000    5.955  715.530
 792500.000    5.575  764.279
 793000.000    5.856  727.712
 793500.000    5.814  732.863
 794000.000    5.874  725.395
 794500.000    5.670  751.481
 795000.000    5.786  736.514
 795500.000    5.701  747.468
 796000.000    5.787  736.345
 796500.000    5.761  739.647
 797000.000    5.957  715.369
 797500.000    5.918  720.026
 798000.000    5.661  752.773
 798500.000    5.922  719.509
 799000.000    5.887  723.802
 799500.000    5.967  714.145
 800000.000    5.868  726.105
 800500.000    5.735  743.026
 801000.000    6.053  703.948
 801500.000    6.022  707.631
 802000.000    5.859  727.261
 802500.000    5.906  721.472
 803000.000    5.743  741.941
 803500.000    5.738  742.591
 804000.000    5.772  738.259
 804500.000    5.735  743.068
 805000.000    5.731  743.561
 805500.000    5.815  732.804
 806000.000    5.741  742.249
 806500.000    5.911  720.884
 807000.000    5.563  766.023
 807500.000    5.709  746.346
 808000.000    5.794  735.376
 808500.000    5.774  737.970
 809000.000    5.959  715.134
 809500.000    5.825  731.529
 810000.000    5.862  726.944
 810500.000    5.660  752.821
 811000.000    5.892  723.209
 811500.000    5.757  740.215
 812000.000    5.767  738.940
 812500.000    5.639  755.594
 813000.000    5.665  752.234
 813500.000    5.797  735.061
 814000.000    5.686  749.457
 814500.000    5.847  728.716
 815000.000    5.734  743.112
 815500.000    5.758  740.087
 816000.000    5.669  751.601
 816500.000    5.665  752.242
 817000.000    5.739  742.455
 817500.000    5.773  738.123
 818000.000    5.792  735.715
 818500.000    5.590  762.279
 819000.000    5.742  742.131
 819500.000    5.929  718.748
 820000.000    5.863  726.772
 820500.000    5.845  729.049
 821000.000    5.902  721.974
 821500.000    5.862  726.964
 822000.000    5.783  736.874
 822500.000    5.944  716.919
 823000.000    5.778  737.432
 823500.000    5.849  728.527
 824000.000    5.835  730.311
 824500.000    5.965  714.384
 825000.000    6.006  709.453
 825500.000    5.625  757.577
 826000.000    5.790  735.985
 826500.000    5.841  729.550
 827000.000    5.922  719.493
 827500.000    5.778  737.448
 828000.000    5.707  746.704
 828500.000    5.648  754.389
 829000.000    5.784  736.708
 829500.000    5.569  765.202
 830000.000    5.854  727.908
 830500.000    6.032  706.479
 831000.000    5.878  724.984
 831500.000    5.709  746.371
 832000.000    5.877  724.999
 832500.000    5.754  740.562
 833000.000    5.869  726.020
 833500.000    5.841  729.503
 834000.000    5.877  725.086
 834500.000    5.816  732.691
 835000.000    5.915  720.449
 835500.000    5.811  733.309
 836000.000    5.806  733.921
 836500.000    5.956  715.488
 837000.000    5.922  719.561
 837500.000    5.765  739.200
 838000.000    5.740  742.385
 838500.000    5.756  740.325
 839000.000    5.807  733.763
 839500.000    5.913  720.604
 840000.000    5.868  726.108
 840500.000    5.935  717.916
 841000.000    5.885  724.093
 841500.000    5.938  717.605
 842000.000    5.978  712.807
 842500.000    5.866  726.383
 843000.000    5.709  746.400
 843500.000    5.941  717.272
 844000.000    5.945  716.742
 844500.000    6.044  704.962
 845000.000    5.764  739.240
 845500.000    5.986  711.859
 846000.000    5.923  719.467
 846500.000    5.740  742.311
 847000.000    5.951  716.009
 847500.000    5.840  729.667
 848000.000    6.086  700.196
 848500.000    6.095  699.094
 849000.000    5.911  720.915
 849500.000    6.016  708.251
 850000.000    6.098  698.769
 850500.000    6.108  697.575
 851000.000    5.912  720.735
 851500.000    5.935  718.003
 852000.000    6.169  690.765
 852500.000    5.823  731.835
 853000.000    6.043  705.087
 853500.000    5.898  722.487
 854000.000    5.852  728.123
 854500.000    5.921  719.639
 855000.000    5.929  718.733
 855500.000    6.033  706.293
 856000.000    5.533  770.092
 856500.000    5.716  745.474
 857000.000    5.820  732.102
 857500.000    5.756  740.275
 858000.000    5.867  726.320
 858500.000    6.056  703.575
 859000.000    5.677  750.609
 859500.000    5.984  712.134
 860000.000    6.098  698.819
 860500.000    6.002  709.947
 861000.000    5.839  729.732
 861500.000    6.010  708.977
 862000.000    5.947  716.523
 862500.000    5.874  725.368
 863000.000    5.908  721.212
 863500.000    6.021  707.670
 864000.000    5.853  728.018
 864500.000    5.793  735.511
 865000.000    6.057  703.491
 865500.000    6.007  709.326
 866000.000    5.884  724.178
 866500.000    5.878  724.940
 867000.000    5.881  724.601
 867500.000    5.895  722.871
 868000.000    6.104  698.094
 868500.000    5.954  715.718
 869000.000    6.043  705.135
 869500.000    5.921  719.645
 870000.000    5.922  719.496
 870500.000    5.945  716.708
 871000.000    5.889  723.617
 871500.000    5.722  744.645
 872000.000    5.925  719.131
 872500.000    5.838  729.850
 873000.000    6.020  707.783
 873500.000    5.945  716.781
 874000.000    6.247  682.098
 874500.000    6.051  704.248
 875000.000    5.872  725.728
 875500.000    5.877  725.073
 876000.000    5.877  725.066
 876500.000    5.571  764.839
 877000.000    5.671  751.414
 877500.000    5.998  710.418
 878000.000    5.870  725.889
 878500.000    5.901  722.103
 879000.000    5.876  725.170
 879500.000    6.039  705.550
 880000.000    6.164  691.257
 880500.000    6.004  709.735
 881000.000    5.849  728.509
 881500.000    5.899  722.353
 882000.000    5.813  733.026
 882500.000    5.862  726.944
 883000.000    6.062  702.874
 883500.000    5.949  716.260
 884000.000    6.151  692.716
 884500.000    5.966  714.238
 885000.000    5.832  730.624
 885500.000    6.058  703.352
 886000.000    5.884  724.201
 886500.000    5.853  727.966
 887000.000    5.893  723.053
 887500.000    5.839  729.822
 888000.000    5.953  715.786
 888500.000    6.006  709.528
 889000.000    5.984  712.040
 889500.000    5.835  730.239
 890000.000    5.990  711.346
 890500.000    5.917  720.165
 891000.000    6.002  709.928
 891500.000    5.869  726.092
 892000.000    5.879  724.750
 892500.000    6.108  697.597
 893000.000    5.809  733.574
 893500.000    5.945  716.756
 894000.000    6.067  702.365
 894500.000    5.916  720.223
 895000.000    5.910  721.058
 895500.000    5.827  731.233
 896000.000    5.815  732.805
 896500.000    5.820  732.168
 897000.000    6.004  709.762
 897500.000    5.916  720.274
 898000.000    6.039  705.606
 898500.000    6.004  709.680
 899000.000    5.919  719.941
 899500.000    5.893  723.043
 900000.000    5.771  738.344
 900500.000    5.872  725.628
 901000.000    5.940  717.326
 901500.000    5.913  720.636
 902000.000    6.024  707.347
 902500.000    5.858  727.456
 903000.000    5.817  732.513
 903500.000    5.739  742.490
 904000.000    6.127  695.500
 904500.000    6.057  703.447
 905000.000    5.902  722.026
 905500.000    5.857  727.487
 906000.000    6.060  703.114
 906500.000    5.967  714.124
 907000.000    5.908  721.294
 907500.000    5.826  731.450
 908000.000    6.098  698.728
 908500.000    5.917  720.199
 909000.000    5.745  741.682
 909500.000    6.024  707.395
 910000.000    6.118  696.445
 910500.000    6.015  708.464
 911000.000    5.969  713.832
 911500.000    5.961  714.893
 912000.000    5.803  734.331
 912500.000    6.054  703.798
 913000.000    6.019  707.921
 913500.000    5.995  710.836
 914000.000    5.859  727.222
 914500.000    5.863  726.758
 915000.000    5.974  713.308
 915500.000    6.071  701.865
 916000.000    5.914  720.575
 916500.000    6.157  692.067
 917000.000    5.957  715.326
 917500.000    6.060  703.117
 918000.000    5.875  725.263
 918500.000    5.953  715.789
 919000.000    5.943  716.991
 919500.000    5.900  722.191
 920000.000    5.968  713.989
 920500.000    5.868  726.199
 921000.000    5.948  716.447
 921500.000    5.735  743.055
 922000.000    5.943  716.947
 922500.000    5.907  721.332
 923000.000    5.883  724.283
 923500.000    5.929  718.639
 924000.000    5.812  733.181
 924500.000    5.842  729.337
 925000.000    5.854  727.864
 925500.000    5.765  739.193
 926000.000    5.861  726.997
 926500.000    5.930  718.626
 927000.000    5.870  725.955
 927500.000    5.997  710.513
 928000.000    5.896  722.771
 928500.000    5.835  730.301
 929000.000    5.828  731.208
 929500.000    5.896  722.667
 930000.000    5.761  739.643
 930500.000    5.900  722.190
 931000.000    5.856  727.687
 931500.000    5.992  711.096
 932000.000    5.970  713.703
 932500.000    5.897  722.546
 933000.000    5.931  718.497
 933500.000    5.801  734.546
 934000.000    5.830  730.908
 934500.000    5.906  721.497
 935000.000    5.909  721.115
 935500.000    6.017  708.179
 936000.000    6.043  705.142
 936500.000    6.051  704.236
 937000.000    5.780  737.228
 937500.000    5.782  736.949
 938000.000    5.948  716.343
 938500.000    5.760  739.717
 939000.000    5.844  729.161
 939500.000    5.853  728.004
 940000.000    5.905  721.656
 940500.000    5.900  722.213
 941000.000    5.877  725.024
 941500.000    6.020  707.831
 942000.000    6.103  698.252
 942500.000    5.951  715.977
 943000.000    5.898  722.458
 943500.000    6.033  706.344
 944000.000    6.037  705.802
 944500.000    5.897  722.616
 945000.000    6.071  701.858
 945500.000    6.022  707.641
 946000.000    6.130  695.118
 946500.000    6.044  704.984
 947000.000    5.750  741.083
 947500.000    6.102  698.334
 948000.000    6.075  701.383
 948500.000    6.178  689.746
 949000.000    5.856  727.696
 949500.000    5.955  715.539
 950000.000    5.951  716.040
 950500.000    5.832  730.596
 951000.000    5.968  713.945
 951500.000    5.854  727.960
 952000.000    5.825  731.544
 952500.000    5.811  733.230
 953000.000    5.850  728.373
 953500.000    5.911  720.885
 954000.000    5.963  714.654
 954500.000    5.943  717.058
 955000.000    5.958  715.202
 955500.000    5.947  716.467
 956000.000    6.103  698.236
 956500.000    6.047  704.638
 957000.000    5.972  713.460
 957500.000    5.918  720.076
 958000.000    5.928  718.846
 958500.000    5.887  723.775
 959000.000    5.919  719.862
 959500.000    5.793  735.516
 960000.000    5.942  717.161
 960500.000    5.869  726.049
 961000.000    5.879  724.800
 961500.000    6.217  685.377
 962000.000    6.068  702.239
 962500.000    5.739  742.443
 963000.000    5.740  742.329
 963500.000    5.899  722.404
 964000.000    5.908  721.253
 964500.000    6.053  703.958
 965000.000    5.874  725.446
 965500.000    6.002  709.942
 966000.000    5.724  744.434
 966500.000    6.147  693.193
 967000.000    5.940  717.350
 967500.000    5.930  718.531
 968000.000    5.843  729.292
 968500.000    5.936  717.823
 969000.000    5.803  734.284
 969500.000    6.020  707.878
 970000.000    5.700  747.534
 970500.000    5.796  735.150
 971000.000    6.076  701.338
 971500.000    5.901  722.062
 972000.000    5.893  723.075
 972500.000    5.927  718.977
 973000.000    5.777  737.591
 973500.000    5.753  740.688
 974000.000    5.740  742.406
 974500.000    5.730  743.593
 975000.000    5.913  720.690
 975500.000    5.864  726.688
 976000.000    5.963  714.540
 976500.000    5.712  745.996
 977000.000    5.695  748.223
 977500.000    5.897  722.616
 978000.000    5.816  732.635
 978500.000    6.115  696.888
 979000.000    5.882  724.425
 979500.000    5.690  748.911
 980000.000    5.905  721.670
 980500.000    5.801  734.494
 981000.000    5.837  730.012
 981500.000    6.061  703.041
 982000.000    6.010  709.063
 982500.000    5.989  711.460
 983000.000    5.808  733.645
 983500.000    5.761  739.686
 984000.000    5.892  723.240
 984500.000    5.708  746.501
 985000.000    5.939  717.451
 985500.000    5.775  737.874
 986000.000    5.810  733.365
 986500.000    5.745  741.649
 987000.000    5.959  715.029
 987500.000    5.900  722.254
 988000.000    6.005  709.630
 988500.000    5.867  726.272
 989000.000    5.872  725.669
 989500.000    5.949  716.272
 990000.000    5.965  714.386
 990500.000    5.934  718.029
 991000.000    5.863  726.725
 991500.000    5.784  736.713
 992000.000    5.895  722.843
 992500.000    5.782  736.987
 993000.000    5.872  725.686
 993500.000    5.762  739.586
 994000.000    5.812  733.190
 994500.000    5.922  719.490
 995000.000    5.994  710.916
 995500.000    5.909  721.179
 996000.000    5.820  732.093
 996500.000    5.734  743.085
 997000.000    6.039  705.611
 997500.000    5.936  717.795
 998000.000    5.793  735.601
 998500.000    5.927  718.941
 999000.000    5.789  736.097
 999500.000    5.896  722.678
1000000.000    5.614  758.987
