       1    2.885    0.326
       2    2.257    0.263
       3    0.952    0.165
       4    0.924    0.212
       5    1.543    0.280
       6    0.672    0.207
       7    0.536    0.109
       8    1.280    0.183
       9    0.947    0.186
      10    1.761    0.162
      11    0.812    0.094
      12    0.769    0.145
      13    0.271    0.075
      14    1.260    0.152
      15    0.863    0.130
      16    1.236    0.182
      17    1.683    0.206
      18    1.425    0.128
      19    1.110    0.192
      20    2.073    0.290
      21    2.636    0.257
