 750000.000   26.683
 750500.000   26.003
 751000.000   25.652
 751500.000   25.415
 752000.000   26.931
 752500.000   27.601
 753000.000   26.545
 753500.000   25.732
 754000.000   25.378
 754500.000   25.883
 755000.000   25.518
 755500.000   26.942
 756000.000   26.818
 756500.000   25.641
 757000.000   25.547
 757500.000   26.528
 758000.000   25.885
 758500.000   26.398
 759000.000   26.928
 759500.000   26.966
 760000.000   27.702
 760500.000   28.232
 761000.000   26.942
 761500.000   27.329
 762000.000   27.087
 762500.000   27.328
 763000.000   26.562
 763500.000   26.622
 764000.000   27.501
 764500.000   27.554
 765000.000   25.265
 765500.000   26.191
 766000.000   28.084
 766500.000   26.936
 767000.000   26.615
 767500.000   26.334
 768000.000   26.366
 768500.000   26.397
 769000.000   26.533
 769500.000   26.561
 770000.000   26.656
 770500.000   26.784
 771000.000   25.393
 771500.000   27.673
 772000.000   27.138
 772500.000   27.172
 773000.000   27.121
 773500.000   25.886
 774000.000   27.125
 774500.000   27.385
 775000.000   26.263
 775500.000   27.739
 776000.000   26.449
 776500.000   26.637
 777000.000   27.997
 777500.000   27.270
 778000.000   26.490
 778500.000   26.670
 779000.000   27.481
 779500.000   28.067
 780000.000   28.028
 780500.000   28.679
 781000.000   28.412
 781500.000   29.474
 782000.000   28.435
 782500.000   27.054
 783000.000   28.434
 783500.000   27.842
 784000.000   27.935
 784500.000   27.704
 785000.000   26.869
 785500.000   27.187
 786000.000   27.600
 786500.000   28.056
 787000.000   27.278
 787500.000   26.418
 788000.000   26.242
 788500.000   26.702
 789000.000   27.256
 789500.000   27.455
 790000.000   26.171
 790500.000   27.909
 791000.000   26.533
 791500.000   27.128
 792000.000   27.173
 792500.000   26.443
 793000.000   26.958
 793500.000   26.797
 794000.000   26.115
 794500.000   26.903
 795000.000   26.036
 795500.000   26.987
 796000.000   25.947
 796500.000   26.368
 797000.000   26.522
 797500.000   26.424
 798000.000   25.670
 798500.000   25.857
 799000.000   26.312
 799500.000   25.467
 800000.000   25.522
 800500.000   26.299
 801000.000   25.884
 801500.000   25.586
 802000.000   25.801
 802500.000   25.842
 803000.000   25.622
 803500.000   25.910
 804000.000   26.821
 804500.000   25.679
 805000.000   26.733
 805500.000   25.716
 806000.000   26.350
 806500.000   26.464
 807000.000   25.826
 807500.000   26.860
 808000.000   27.743
 808500.000   27.576
 809000.000   26.968
 809500.000   28.167
 810000.000   27.063
 810500.000   27.881
 811000.000   26.912
 811500.000   27.166
 812000.000   26.530
 812500.000   28.125
 813000.000   26.908
 813500.000   27.217
 814000.000   27.794
 814500.000   27.765
 815000.000   27.429
 815500.000   27.696
 816000.000   27.338
 816500.000   27.819
 817000.000   27.151
 817500.000   26.851
 818000.000   28.140
 818500.000   27.575
 819000.000   26.589
 819500.000   27.361
 820000.000   26.793
 820500.000   27.089
 821000.000   26.923
 821500.000   27.688
 822000.000   27.674
 822500.000   27.198
 823000.000   27.715
 823500.000   26.803
 824000.000   27.077
 824500.000   26.246
 825000.000   27.207
 825500.000   27.282
 826000.000   27.084
 826500.000   27.057
 827000.000   26.783
 827500.000   26.681
 828000.000   27.514
 828500.000   27.118
 829000.000   28.056
 829500.000   28.086
 830000.000   26.475
 830500.000   26.669
 831000.000   27.261
 831500.000   27.197
 832000.000   27.155
 832500.000   26.208
 833000.000   26.801
 833500.000   27.219
 834000.000   27.054
 834500.000   26.465
 835000.000   27.439
 835500.000   27.675
 836000.000   27.363
 836500.000   27.646
 837000.000   27.705
 837500.000   27.837
 838000.000   28.429
 838500.000   27.799
 839000.000   28.756
 839500.000   28.765
 840000.000   28.697
 840500.000   28.155
 841000.000   28.211
 841500.000   28.702
 842000.000   28.976
 842500.000   28.803
 843000.000   29.169
 843500.000   28.768
 844000.000   28.862
 844500.000   28.675
 845000.000   27.950
 845500.000   27.888
 846000.000   27.342
 846500.000   27.560
 847000.000   27.373
 847500.000   27.133
 848000.000   27.202
 848500.000   27.415
 849000.000   27.546
 849500.000   27.287
 850000.000   28.367
 850500.000   26.589
 851000.000   27.388
 851500.000   27.075
 852000.000   27.223
 852500.000   27.642
 853000.000   27.769
 853500.000   28.052
 854000.000   27.455
 854500.000   27.604
 855000.000   27.548
 855500.000   26.719
 856000.000   26.682
 856500.000   27.856
 857000.000   27.163
 857500.000   26.613
 858000.000   27.200
 858500.000   27.597
 859000.000   27.179
 859500.000   26.436
 860000.000   26.436
 860500.000   27.051
 861000.000   27.057
 861500.000   27.013
 862000.000   27.331
 862500.000   25.866
 863000.000   26.720
 863500.000   27.351
 864000.000   28.496
 864500.000   27.877
 865000.000   27.213
 865500.000   27.034
 866000.000   27.093
 866500.000   27.452
 867000.000   27.699
 867500.000   27.741
 868000.000   26.892
 868500.000   27.583
 869000.000   26.043
 869500.000   27.517
 870000.000   27.705
 870500.000   27.130
 871000.000   27.064
 871500.000   28.110
 872000.000   27.666
 872500.000   27.405
 873000.000   27.174
 873500.000   27.679
 874000.000   27.675
 874500.000   27.276
 875000.000   27.205
 875500.000   28.044
 876000.000   27.797
 876500.000   28.638
 877000.000   28.092
 877500.000   28.363
 878000.000   28.616
 878500.000   28.411
 879000.000   28.295
 879500.000   27.847
 880000.000   27.911
 880500.000   28.727
 881000.000   28.075
 881500.000   28.830
 882000.000   29.911
 882500.000   29.142
 883000.000   29.759
 883500.000   29.180
 884000.000   30.321
 884500.000   28.489
 885000.000   29.125
 885500.000   28.208
 886000.000   28.047
 886500.000   28.504
 887000.000   27.047
 887500.000   28.586
 888000.000   29.036
 888500.000   28.925
 889000.000   27.873
 889500.000   27.941
 890000.000   29.144
 890500.000   27.554
 891000.000   28.768
 891500.000   28.051
 892000.000   28.628
 892500.000   28.648
 893000.000   28.862
 893500.000   28.441
 894000.000   28.360
 894500.000   29.337
 895000.000   29.270
 895500.000   29.489
 896000.000   29.222
 896500.000   30.066
 897000.000   29.219
 897500.000   28.956
 898000.000   28.761
 898500.000   29.312
 899000.000   30.408
 899500.000   29.268
 900000.000   28.609
 900500.000   28.243
 901000.000   28.704
 901500.000   29.228
 902000.000   29.347
 902500.000   29.347
 903000.000   28.473
 903500.000   27.722
 904000.000   28.110
 904500.000   28.566
 905000.000   28.263
 905500.000   28.535
 906000.000   27.757
 906500.000   27.922
 907000.000   29.056
 907500.000   27.122
 908000.000   27.860
 908500.000   28.558
 909000.000   28.405
 909500.000   28.501
 910000.000   28.502
 910500.000   28.299
 911000.000   29.819
 911500.000   27.020
 912000.000   27.692
 912500.000   28.656
 913000.000   27.721
 913500.000   28.178
 914000.000   28.320
 914500.000   27.337
 915000.000   28.767
 915500.000   27.638
 916000.000   27.839
 916500.000   27.946
 917000.000   29.169
 917500.000   29.260
 918000.000   28.923
 918500.000   27.753
 919000.000   29.019
 919500.000   28.227
 920000.000   28.434
 920500.000   28.199
 921000.000   28.070
 921500.000   28.240
 922000.000   27.776
 922500.000   29.031
 923000.000   29.056
 923500.000   27.855
 924000.000   27.465
 924500.000   27.957
 925000.000   27.848
 925500.000   26.767
 926000.000   27.679
 926500.000   28.895
 927000.000   29.339
 927500.000   28.383
 928000.000   28.586
 928500.000   29.227
 929000.000   28.866
 929500.000   28.943
 930000.000   28.677
 930500.000   29.609
 931000.000   28.997
 931500.000   28.737
 932000.000   28.612
 932500.000   28.198
 933000.000   28.936
 933500.000   29.692
 934000.000   28.504
 934500.000   29.599
 935000.000   28.789
 935500.000   29.038
 936000.000   29.382
 936500.000   29.514
 937000.000   30.024
 937500.000   29.717
 938000.000   29.699
 938500.000   30.321
 939000.000   29.540
 939500.000   29.696
 940000.000   29.605
 940500.000   29.461
 941000.000   29.892
 941500.000   28.772
 942000.000   29.224
 942500.000   29.824
 943000.000   28.970
 943500.000   29.328
 944000.000   28.600
 944500.000   30.390
 945000.000   28.989
 945500.000   29.183
 946000.000   27.519
 946500.000   29.087
 947000.000   29.166
 947500.000   28.120
 948000.000   28.844
 948500.000   29.754
 949000.000   29.016
 949500.000   30.058
 950000.000   28.799
 950500.000   30.653
 951000.000   28.392
 951500.000   28.874
 952000.000   28.679
 952500.000   28.242
 953000.000   28.710
 953500.000   28.080
 954000.000   29.732
 954500.000   29.781
 955000.000   29.358
 955500.000   29.722
 956000.000   30.352
 956500.000   29.992
 957000.000   28.339
 957500.000   28.942
 958000.000   29.696
 958500.000   29.195
 959000.000   29.515
 959500.000   29.732
 960000.000   29.558
 960500.000   30.472
 961000.000   29.118
 961500.000   29.198
 962000.000   28.960
 962500.000   29.237
 963000.000   29.440
 963500.000   28.696
 964000.000   28.099
 964500.000   29.471
 965000.000   28.921
 965500.000   28.939
 966000.000   28.627
 966500.000   30.131
 967000.000   29.441
 967500.000   28.782
 968000.000   29.300
 968500.000   27.297
 969000.000   28.084
 969500.000   28.676
 970000.000   27.499
 970500.000   28.531
 971000.000   29.560
 971500.000   28.567
 972000.000   27.892
 972500.000   27.974
 973000.000   28.128
 973500.000   28.409
 974000.000   27.894
 974500.000   28.895
 975000.000   28.814
 975500.000   28.084
 976000.000   28.587
 976500.000   27.231
 977000.000   28.554
 977500.000   27.737
 978000.000   28.737
 978500.000   28.171
 979000.000   27.704
 979500.000   28.468
 980000.000   28.486
 980500.000   29.188
 981000.000   29.019
 981500.000   28.877
 982000.000   28.611
 982500.000   29.203
 983000.000   28.839
 983500.000   28.307
 984000.000   28.865
 984500.000   29.236
 985000.000   29.270
 985500.000   28.340
 986000.000   28.339
 986500.000   29.863
 987000.000   29.115
 987500.000   28.066
 988000.000   29.255
 988500.000   27.670
 989000.000   27.239
 989500.000   27.483
 990000.000   29.665
 990500.000   28.767
 991000.000   28.791
 991500.000   28.656
 992000.000   29.055
 992500.000   30.173
 993000.000   28.833
 993500.000   28.586
 994000.000   27.012
 994500.000   28.164
 995000.000   27.405
 995500.000   28.843
 996000.000   28.316
 996500.000   27.126
 997000.000   27.175
 997500.000   26.276
 998000.000   26.122
 998500.000   27.346
 999000.000   27.749
 999500.000   26.371
1000000.000   27.949
