 750000.000   25.781
 750500.000   25.609
 751000.000   25.669
 751500.000   25.348
 752000.000   26.277
 752500.000   24.975
 753000.000   25.482
 753500.000   24.905
 754000.000   24.168
 754500.000   24.221
 755000.000   24.621
 755500.000   25.508
 756000.000   26.362
 756500.000   26.108
 757000.000   24.669
 757500.000   25.689
 758000.000   26.051
 758500.000   25.303
 759000.000   24.485
 759500.000   23.356
 760000.000   24.623
 760500.000   25.049
 761000.000   25.260
 761500.000   25.562
 762000.000   25.808
 762500.000   25.826
 763000.000   25.821
 763500.000   25.436
 764000.000   25.639
 764500.000   25.355
 765000.000   24.586
 765500.000   26.397
 766000.000   24.141
 766500.000   25.456
 767000.000   26.548
 767500.000   26.472
 768000.000   25.371
 768500.000   26.051
 769000.000   25.742
 769500.000   25.034
 770000.000   25.519
 770500.000   24.992
 771000.000   24.112
 771500.000   24.984
 772000.000   25.288
 772500.000   25.376
 773000.000   25.501
 773500.000   26.049
 774000.000   25.446
 774500.000   25.284
 775000.000   24.983
 775500.000   24.762
 776000.000   25.239
 776500.000   24.550
 777000.000   25.251
 777500.000   26.106
 778000.000   25.725
 778500.000   24.126
 779000.000   24.745
 779500.000   24.303
 780000.000   25.233
 780500.000   24.909
 781000.000   26.106
 781500.000   25.601
 782000.000   25.417
 782500.000   24.976
 783000.000   25.705
 783500.000   25.064
 784000.000   26.749
 784500.000   26.096
 785000.000   24.705
 785500.000   26.115
 786000.000   26.211
 786500.000   25.835
 787000.000   26.424
 787500.000   26.246
 788000.000   25.978
 788500.000   25.670
 789000.000   25.950
 789500.000   24.884
 790000.000   25.798
 790500.000   25.614
 791000.000   25.936
 791500.000   25.018
 792000.000   25.865
 792500.000   25.128
 793000.000   26.423
 793500.000   25.345
 794000.000   25.034
 794500.000   25.777
 795000.000   24.204
 795500.000   24.691
 796000.000   25.360
 796500.000   24.258
 797000.000   25.744
 797500.000   25.898
 798000.000   24.793
 798500.000   25.745
 799000.000   26.014
 799500.000   25.454
 800000.000   25.189
 800500.000   26.231
 801000.000   25.627
 801500.000   25.461
 802000.000   25.634
 802500.000   25.506
 803000.000   25.630
 803500.000   25.510
 804000.000   25.233
 804500.000   25.436
 805000.000   25.903
 805500.000   25.384
 806000.000   26.384
 806500.000   25.259
 807000.000   26.108
 807500.000   24.692
 808000.000   25.218
 808500.000   26.436
 809000.000   23.890
 809500.000   24.497
 810000.000   25.907
 810500.000   25.461
 811000.000   24.776
 811500.000   25.635
 812000.000   25.093
 812500.000   26.553
 813000.000   25.932
 813500.000   26.202
 814000.000   25.172
 814500.000   25.844
 815000.000   25.854
 815500.000   25.363
 816000.000   25.641
 816500.000   25.803
 817000.000   25.733
 817500.000   25.502
 818000.000   25.447
 818500.000   25.469
 819000.000   26.461
 819500.000   25.381
 820000.000   25.913
 820500.000   26.492
 821000.000   26.180
 821500.000   25.320
 822000.000   26.079
 822500.000   25.921
 823000.000   25.560
 823500.000   24.594
 824000.000   25.143
 824500.000   25.708
 825000.000   24.998
 825500.000   26.177
 826000.000   25.934
 826500.000   24.268
 827000.000   24.556
 827500.000   24.586
 828000.000   24.174
 828500.000   25.726
 829000.000   25.156
 829500.000   24.960
 830000.000   26.321
 830500.000   25.501
 831000.000   26.145
 831500.000   26.606
 832000.000   25.799
 832500.000   25.166
 833000.000   25.208
 833500.000   25.446
 834000.000   25.482
 834500.000   26.456
 835000.000   26.119
 835500.000   26.840
 836000.000   24.321
 836500.000   25.318
 837000.000   25.321
 837500.000   25.124
 838000.000   25.063
 838500.000   25.794
 839000.000   25.484
 839500.000   25.373
 840000.000   25.121
 840500.000   24.930
 841000.000   25.270
 841500.000   25.423
 842000.000   23.361
 842500.000   26.712
 843000.000   24.761
 843500.000   25.631
 844000.000   26.024
 844500.000   25.729
 845000.000   25.561
 845500.000   25.092
 846000.000   25.678
 846500.000   26.262
 847000.000   24.860
 847500.000   26.161
 848000.000   25.549
 848500.000   25.631
 849000.000   23.933
 849500.000   25.179
 850000.000   23.964
 850500.000   24.496
 851000.000   25.226
 851500.000   24.514
 852000.000   24.138
 852500.000   24.181
 853000.000   25.198
 853500.000   25.245
 854000.000   24.881
 854500.000   26.254
 855000.000   24.060
 855500.000   26.036
 856000.000   26.035
 856500.000   24.667
 857000.000   24.999
 857500.000   25.483
 858000.000   25.284
 858500.000   25.432
 859000.000   25.339
 859500.000   26.368
 860000.000   26.328
 860500.000   24.516
 861000.000   26.297
 861500.000   25.861
 862000.000   26.110
 862500.000   23.818
 863000.000   24.166
 863500.000   25.046
 864000.000   25.307
 864500.000   25.273
 865000.000   25.528
 865500.000   24.780
 866000.000   24.755
 866500.000   24.624
 867000.000   24.433
 867500.000   26.238
 868000.000   25.765
 868500.000   25.647
 869000.000   24.998
 869500.000   25.217
 870000.000   24.538
 870500.000   25.511
 871000.000   25.238
 871500.000   25.682
 872000.000   24.603
 872500.000   24.358
 873000.000   25.079
 873500.000   25.576
 874000.000   26.340
 874500.000   26.545
 875000.000   27.098
 875500.000   26.438
 876000.000   26.807
 876500.000   26.655
 877000.000   26.429
 877500.000   25.533
 878000.000   26.451
 878500.000   25.327
 879000.000   25.873
 879500.000   27.122
 880000.000   27.557
 880500.000   25.589
 881000.000   26.752
 881500.000   26.960
 882000.000   26.471
 882500.000   27.837
 883000.000   26.666
 883500.000   27.117
 884000.000   26.711
 884500.000   26.596
 885000.000   26.244
 885500.000   26.374
 886000.000   26.444
 886500.000   26.474
 887000.000   26.604
 887500.000   25.963
 888000.000   26.005
 888500.000   27.369
 889000.000   27.057
 889500.000   25.817
 890000.000   26.510
 890500.000   26.084
 891000.000   25.936
 891500.000   26.899
 892000.000   26.359
 892500.000   25.919
 893000.000   27.290
 893500.000   26.467
 894000.000   26.488
 894500.000   26.306
 895000.000   25.725
 895500.000   26.934
 896000.000   25.266
 896500.000   25.371
 897000.000   25.974
 897500.000   26.243
 898000.000   26.435
 898500.000   24.552
 899000.000   26.115
 899500.000   25.765
 900000.000   26.315
 900500.000   26.417
 901000.000   25.392
 901500.000   24.884
 902000.000   25.763
 902500.000   26.439
 903000.000   26.399
 903500.000   25.148
 904000.000   24.962
 904500.000   24.689
 905000.000   24.580
 905500.000   26.696
 906000.000   26.656
 906500.000   24.747
 907000.000   26.505
 907500.000   26.886
 908000.000   26.821
 908500.000   26.706
 909000.000   25.114
 909500.000   26.666
 910000.000   26.202
 910500.000   25.629
 911000.000   26.426
 911500.000   27.458
 912000.000   27.361
 912500.000   26.930
 913000.000   26.656
 913500.000   25.824
 914000.000   25.366
 914500.000   27.182
 915000.000   25.770
 915500.000   26.544
 916000.000   26.427
 916500.000   26.453
 917000.000   25.792
 917500.000   26.197
 918000.000   25.339
 918500.000   24.463
 919000.000   26.214
 919500.000   25.442
 920000.000   25.223
 920500.000   27.041
 921000.000   26.375
 921500.000   26.093
 922000.000   25.920
 922500.000   25.540
 923000.000   25.397
 923500.000   25.517
 924000.000   25.808
 924500.000   25.145
 925000.000   24.688
 925500.000   25.045
 926000.000   24.913
 926500.000   25.658
 927000.000   25.220
 927500.000   25.338
 928000.000   25.499
 928500.000   25.473
 929000.000   26.531
 929500.000   26.218
 930000.000   24.515
 930500.000   26.051
 931000.000   26.270
 931500.000   26.582
 932000.000   26.125
 932500.000   25.957
 933000.000   26.372
 933500.000   26.619
 934000.000   26.112
 934500.000   27.138
 935000.000   26.595
 935500.000   25.317
 936000.000   25.561
 936500.000   24.728
 937000.000   25.063
 937500.000   25.034
 938000.000   25.273
 938500.000   24.548
 939000.000   25.993
 939500.000   24.960
 940000.000   25.445
 940500.000   24.386
 941000.000   25.023
 941500.000   25.041
 942000.000   25.561
 942500.000   24.551
 943000.000   24.427
 943500.000   25.194
 944000.000   26.334
 944500.000   24.608
 945000.000   24.234
 945500.000   24.522
 946000.000   24.032
 946500.000   24.804
 947000.000   24.917
 947500.000   23.761
 948000.000   24.946
 948500.000   24.494
 949000.000   24.836
 949500.000   25.604
 950000.000   26.330
 950500.000   25.673
 951000.000   26.555
 951500.000   25.944
 952000.000   26.565
 952500.000   25.873
 953000.000   25.720
 953500.000   25.365
 954000.000   26.286
 954500.000   25.746
 955000.000   25.642
 955500.000   26.085
 956000.000   26.821
 956500.000   26.213
 957000.000   25.394
 957500.000   25.790
 958000.000   24.389
 958500.000   25.465
 959000.000   25.656
 959500.000   26.128
 960000.000   25.803
 960500.000   26.551
 961000.000   27.799
 961500.000   26.244
 962000.000   26.206
 962500.000   26.733
 963000.000   26.855
 963500.000   27.203
 964000.000   27.231
 964500.000   25.529
 965000.000   26.503
 965500.000   26.335
 966000.000   24.987
 966500.000   25.518
 967000.000   24.779
 967500.000   26.853
 968000.000   25.702
 968500.000   27.367
 969000.000   25.613
 969500.000   26.162
 970000.000   26.236
 970500.000   26.366
 971000.000   26.423
 971500.000   25.491
 972000.000   26.192
 972500.000   25.531
 973000.000   27.058
 973500.000   26.207
 974000.000   26.589
 974500.000   26.101
 975000.000   26.094
 975500.000   26.272
 976000.000   26.904
 976500.000   26.557
 977000.000   26.510
 977500.000   26.065
 978000.000   27.182
 978500.000   26.590
 979000.000   27.266
 979500.000   27.972
 980000.000   26.079
 980500.000   25.937
 981000.000   26.521
 981500.000   25.925
 982000.000   25.989
 982500.000   26.902
 983000.000   26.740
 983500.000   26.433
 984000.000   26.852
 984500.000   25.714
 985000.000   26.558
 985500.000   25.646
 986000.000   26.119
 986500.000   25.860
 987000.000   26.092
 987500.000   25.207
 988000.000   25.218
 988500.000   25.912
 989000.000   27.127
 989500.000   26.492
 990000.000   26.712
 990500.000   26.790
 991000.000   25.501
 991500.000   27.137
 992000.000   26.804
 992500.000   26.935
 993000.000   26.275
 993500.000   26.223
 994000.000   25.921
 994500.000   27.154
 995000.000   26.294
 995500.000   27.183
 996000.000   26.658
 996500.000   26.142
 997000.000   26.531
 997500.000   26.321
 998000.000   26.549
 998500.000   27.185
 999000.000   25.934
 999500.000   26.059
1000000.000   26.610
