TRP_lipid
""
WAVELENGTH	FLUORESCENCE
300.0	134.20787048339844
300.5	140.9005584716797
301.0	148.44686889648438
301.5	155.69137573242188
302.0	165.81036376953125
302.5	177.56039428710938
303.0	188.7743682861328
303.5	201.50448608398438
304.0	213.8661346435547
304.5	227.82228088378906
305.0	244.21275329589844
305.5	256.7190246582031
306.0	274.3740539550781
306.5	288.267578125
307.0	307.5116882324219
307.5	322.3784484863281
308.0	342.9800720214844
308.5	362.76458740234375
309.0	380.8037109375
309.5	401.2090759277344
310.0	419.8816223144531
310.5	439.7237243652344
311.0	461.737060546875
311.5	482.3199462890625
312.0	506.1585388183594
312.5	528.5348510742188
313.0	553.6205444335938
313.5	577.0761108398438
314.0	603.401611328125
314.5	633.05078125
315.0	655.6350708007812
315.5	686.7100830078125
316.0	710.1951904296875
316.5	742.4765625
317.0	772.4441528320312
317.5	799.8892822265625
318.0	827.9514770507812
318.5	859.3654174804688
319.0	888.7997436523438
319.5	920.8629760742188
320.0	950.8828125
320.5	984.1950073242188
321.0	1021.36083984375
321.5	1049.7779541015625
322.0	1087.48583984375
322.5	1116.2747802734375
323.0	1154.341064453125
323.5	1190.5223388671875
324.0	1223.4256591796875
324.5	1256.990478515625
325.0	1293.4014892578125
325.5	1327.228759765625
326.0	1363.91455078125
326.5	1397.38427734375
327.0	1434.60498046875
327.5	1475.4405517578125
328.0	1505.7972412109375
328.5	1545.541748046875
329.0	1575.57080078125
329.5	1615.502197265625
330.0	1648.52001953125
330.5	1684.8548583984375
331.0	1717.5546875
331.5	1752.715087890625
332.0	1784.99658203125
332.5	1820.1285400390625
333.0	1857.5557861328125
333.5	1884.79248046875
334.0	1921.2490234375
334.5	1951.4014892578125
335.0	1983.9764404296875
335.5	2012.656982421875
336.0	2044.0076904296875
336.5	2072.083740234375
337.0	2101.736083984375
337.5	2133.87890625
338.0	2157.0263671875
338.5	2187.53955078125
339.0	2212.06103515625
339.5	2238.201416015625
340.0	2261.611572265625
340.5	2286.939453125
341.0	2309.69091796875
341.5	2333.788818359375
342.0	2358.46142578125
342.5	2376.25390625
343.0	2399.31396484375
343.5	2418.400390625
344.0	2438.384765625
344.5	2455.709716796875
345.0	2473.566650390625
345.5	2489.85888671875
346.0	2506.404052734375
346.5	2524.060546875
347.0	2537.417236328125
347.5	2551.748291015625
348.0	2563.875732421875
348.5	2576.771484375
349.0	2586.886474609375
349.5	2598.657470703125
350.0	2609.18310546875
350.5	2617.728515625
351.0	2626.56005859375
351.5	2633.773681640625
352.0	2641.646728515625
352.5	2646.58251953125
353.0	2652.4267578125
353.5	2657.1513671875
354.0	2661.410400390625
354.5	2664.735107421875
355.0	2667.072509765625
355.5	2669.312255859375
356.0	2671.395751953125
356.5	2673.142333984375
357.0	2673.793701171875
357.5	2673.367919921875
358.0	2673.035400390625
358.5	2671.14111328125
359.0	2669.02490234375
359.5	2665.3818359375
360.0	2662.564697265625
360.5	2658.122802734375
361.0	2653.552001953125
361.5	2646.812255859375
362.0	2640.56103515625
362.5	2634.565673828125
363.0	2627.245849609375
363.5	2619.34228515625
364.0	2611.26611328125
364.5	2603.16259765625
365.0	2592.4130859375
365.5	2582.195068359375
366.0	2571.9775390625
366.5	2560.444091796875
367.0	2549.64501953125
367.5	2535.096435546875
368.0	2522.11865234375
368.5	2509.829345703125
369.0	2495.318115234375
369.5	2481.817138671875
370.0	2466.076416015625
370.5	2452.043212890625
371.0	2433.19873046875
371.5	2415.9501953125
372.0	2400.24072265625
372.5	2382.269775390625
373.0	2365.8505859375
373.5	2344.595947265625
374.0	2324.745361328125
374.5	2306.48193359375
375.0	2286.422119140625
375.5	2268.34326171875
376.0	2244.981689453125
376.5	2223.16162109375
377.0	2203.673583984375
377.5	2181.990234375
378.0	2161.446533203125
378.5	2137.644775390625
379.0	2115.644775390625
379.5	2094.71142578125
380.0	2071.605224609375
380.5	2049.59130859375
381.0	2024.352294921875
381.5	2000.4071044921875
382.0	1979.0087890625
382.5	1955.4825439453125
383.0	1933.2318115234375
383.5	1907.573974609375
384.0	1882.9368896484375
384.5	1861.3603515625
385.0	1836.629638671875
385.5	1815.2154541015625
386.0	1789.1475830078125
386.5	1764.2156982421875
387.0	1741.7386474609375
387.5	1717.9615478515625
388.0	1695.8458251953125
388.5	1670.1597900390625
389.0	1646.200439453125
389.5	1624.5245361328125
390.0	1598.332763671875
390.5	1578.66796875
391.0	1553.220458984375
391.5	1530.071044921875
392.0	1508.58203125
392.5	1483.525634765625
393.0	1464.069091796875
393.5	1438.9666748046875
394.0	1416.4718017578125
394.5	1395.9385986328125
395.0	1371.15673828125
395.5	1349.6715087890625
396.0	1329.871337890625
396.5	1304.7498779296875
397.0	1286.763916015625
397.5	1263.719970703125
398.0	1243.0535888671875
398.5	1224.470703125
399.0	1202.145751953125
399.5	1181.4991455078125
400.0	1162.5494384765625
400.5	1144.770263671875
401.0	1124.511962890625
401.5	1103.242919921875
402.0	1084.19775390625
402.5	1066.6778564453125
403.0	1046.271484375
403.5	1027.1304931640625
404.0	1010.4610595703125
404.5	994.0947875976562
405.0	975.94921875
405.5	955.9830932617188
406.0	940.0096435546875
406.5	922.3723754882812
407.0	903.9729614257812
407.5	887.5525512695312
408.0	872.3766479492188
408.5	854.8152465820312
409.0	841.3187255859375
409.5	824.0916748046875
410.0	809.5652465820312
410.5	794.2887573242188
411.0	777.5991821289062
411.5	764.2671508789062
412.0	749.62060546875
412.5	734.0146484375
413.0	719.5817260742188
413.5	706.8552856445312
414.0	692.3084106445312
414.5	681.232666015625
415.0	666.2049560546875
415.5	654.1146240234375
416.0	641.257568359375
416.5	627.1367797851562
417.0	616.1513061523438
417.5	603.4488525390625
418.0	590.2507934570312
418.5	579.5313720703125
419.0	567.5439453125
419.5	554.89111328125
420.0	543.3862915039062
420.5	533.3177490234375
421.0	521.3324584960938
421.5	512.6285400390625
422.0	501.30523681640625
422.5	489.8876953125
423.0	481.94317626953125
423.5	471.6520690917969
424.0	462.6224670410156
424.5	453.0296325683594
425.0	442.8304443359375
425.5	434.5088195800781
426.0	425.3529052734375
426.5	415.81036376953125
427.0	407.9432373046875
427.5	399.5079345703125
428.0	390.3499755859375
428.5	382.93182373046875
429.0	374.8746032714844
429.5	366.1639099121094
430.0	359.205810546875
430.5	351.8090515136719
431.0	343.6234130859375
431.5	337.0583190917969
432.0	329.9619445800781
432.5	322.6925964355469
433.0	316.79638671875
433.5	310.0330810546875
434.0	302.9706115722656
434.5	296.8999328613281
435.0	290.77813720703125
435.5	283.80487060546875
436.0	278.4263610839844
436.5	272.69342041015625
437.0	266.4657287597656
437.5	261.47308349609375
438.0	255.99998474121094
438.5	250.00369262695312
439.0	244.9936981201172
439.5	239.57437133789062
440.0	234.33157348632812
440.5	229.69866943359375
441.0	224.53585815429688
441.5	219.38148498535156
442.0	215.0493621826172
442.5	210.37596130371094
443.0	205.2650146484375
443.5	201.11351013183594
444.0	196.3496856689453
444.5	192.11280822753906
445.0	187.42324829101562
445.5	183.7534942626953
446.0	179.72557067871094
446.5	175.5341796875
447.0	172.18338012695312
447.5	168.42034912109375
448.0	164.57716369628906
448.5	161.3436737060547
449.0	157.85733032226562
449.5	153.99481201171875
450.0	150.82415771484375
