 750000.000   -0.515
 750500.000    1.573
 751000.000    3.138
 751500.000    3.403
 752000.000    2.798
 752500.000    4.885
 753000.000    1.997
 753500.000    2.354
 754000.000    4.185
 754500.000    1.128
 755000.000    4.526
 755500.000    3.992
 756000.000    5.644
 756500.000    5.216
 757000.000    2.253
 757500.000    3.853
 758000.000    3.674
 758500.000    3.048
 759000.000    2.178
 759500.000    0.164
 760000.000    1.390
 760500.000    1.302
 761000.000    0.959
 761500.000    0.792
 762000.000    0.255
 762500.000    0.705
 763000.000    0.698
 763500.000    0.526
 764000.000    2.610
 764500.000    1.834
 765000.000    0.175
 765500.000    0.876
 766000.000    1.823
 766500.000    0.950
 767000.000    1.573
 767500.000    0.530
 768000.000    0.347
 768500.000    0.429
 769000.000    0.077
 769500.000    2.352
 770000.000    3.655
 770500.000    2.631
 771000.000    1.311
 771500.000    0.606
 772000.000   -1.399
 772500.000    2.602
 773000.000    4.533
 773500.000   -0.783
 774000.000   -1.667
 774500.000    1.839
 775000.000   -0.336
 775500.000   -0.684
 776000.000    1.151
 776500.000    1.497
 777000.000   -0.870
 777500.000   -2.260
 778000.000    1.655
 778500.000   -1.573
 779000.000   -2.792
 779500.000   -0.602
 780000.000    0.091
 780500.000    1.486
 781000.000   -0.089
 781500.000   -2.441
 782000.000    0.271
 782500.000   -2.522
 783000.000    0.707
 783500.000    0.107
 784000.000   -0.251
 784500.000    1.216
 785000.000    1.749
 785500.000    0.445
 786000.000    2.540
 786500.000    2.350
 787000.000   -0.421
 787500.000    3.287
 788000.000    2.441
 788500.000    1.312
 789000.000   -0.251
 789500.000    4.540
 790000.000    1.312
 790500.000   -1.291
 791000.000    3.220
 791500.000    1.479
 792000.000    3.041
 792500.000    1.486
 793000.000   -1.119
 793500.000   -0.677
 794000.000    1.122
 794500.000   -0.075
 795000.000    2.867
 795500.000    3.144
 796000.000    3.747
 796500.000    3.582
 797000.000    1.495
 797500.000    1.827
 798000.000    0.794
 798500.000    2.707
 799000.000    2.961
 799500.000    2.514
 800000.000    4.530
 800500.000   -0.168
 801000.000    1.305
 801500.000    0.434
 802000.000    1.740
 802500.000    0.260
 803000.000    3.149
 803500.000    1.657
 804000.000    4.627
 804500.000    1.827
 805000.000    2.879
 805500.000    1.303
 806000.000    3.066
 806500.000    1.657
 807000.000    2.539
 807500.000    2.272
 808000.000    3.142
 808500.000    2.886
 809000.000    0.269
 809500.000    2.528
 810000.000    1.823
 810500.000   -0.606
 811000.000   -0.086
 811500.000    0.707
 812000.000    4.452
 812500.000    0.264
 813000.000    2.265
 813500.000    3.587
 814000.000    0.430
 814500.000    1.914
 815000.000    4.192
 815500.000    3.404
 816000.000    1.392
 816500.000    3.578
 817000.000    2.874
 817500.000    2.086
 818000.000    0.695
 818500.000    0.870
 819000.000    2.521
 819500.000    2.535
 820000.000   -1.296
 820500.000   -0.883
 821000.000    0.611
 821500.000    0.084
 822000.000    3.213
 822500.000    3.749
 823000.000    1.555
 823500.000    0.434
 824000.000    0.271
 824500.000   -0.521
 825000.000    3.050
 825500.000    1.744
 826000.000    1.994
 826500.000    1.745
 827000.000    2.338
 827500.000    0.968
 828000.000    2.523
 828500.000    3.921
 829000.000   -0.352
 829500.000    1.996
 830000.000   -0.265
 830500.000    2.780
 831000.000   -0.084
 831500.000    2.434
 832000.000    1.043
 832500.000    2.798
 833000.000    1.483
 833500.000    1.044
 834000.000    3.229
 834500.000    4.002
 835000.000    2.704
 835500.000    0.168
 836000.000    4.096
 836500.000    4.876
 837000.000    0.872
 837500.000    2.530
 838000.000    6.875
 838500.000    2.879
 839000.000    3.390
 839500.000    5.147
 840000.000    1.154
 840500.000    3.841
 841000.000    1.836
 841500.000    0.624
 842000.000    1.925
 842500.000   -1.124
 843000.000    2.879
 843500.000    1.394
 844000.000    2.198
 844500.000    0.959
 845000.000    2.964
 845500.000    1.302
 846000.000   -0.769
 846500.000    0.965
 847000.000    2.267
 847500.000    2.255
 848000.000    4.883
 848500.000    4.796
 849000.000    3.318
 849500.000    2.620
 850000.000    1.738
 850500.000   -0.162
 851000.000    1.401
 851500.000    1.142
 852000.000    0.521
 852500.000    2.776
 853000.000    1.034
 853500.000    2.175
 854000.000    2.877
 854500.000    2.528
 855000.000    3.743
 855500.000    0.351
 856000.000   -0.778
 856500.000    0.005
 857000.000   -0.326
 857500.000    1.836
 858000.000   -0.510
 858500.000   -0.432
 859000.000    3.759
 859500.000    4.439
 860000.000    0.796
 860500.000    1.486
 861000.000    2.366
 861500.000    0.439
 862000.000    2.090
 862500.000   -1.215
 863000.000    0.874
 863500.000    0.437
 864000.000    1.841
 864500.000    1.738
 865000.000    0.695
 865500.000    3.827
 866000.000    1.036
 866500.000   -1.122
 867000.000   -1.039
 867500.000    0.175
 868000.000    0.608
 868500.000    0.366
 869000.000   -3.477
 869500.000   -0.523
 870000.000    1.224
 870500.000    1.743
 871000.000   -2.691
 871500.000    1.752
 872000.000    3.411
 872500.000   -0.336
 873000.000   -0.343
 873500.000   -2.082
 874000.000    0.008
 874500.000    2.884
 875000.000   -0.512
 875500.000    0.613
 876000.000    0.015
 876500.000   -1.298
 877000.000   -0.858
 877500.000    0.097
 878000.000   -0.338
 878500.000   -1.827
 879000.000    0.606
 879500.000    0.876
 880000.000    2.682
 880500.000   -0.712
 881000.000    3.997
 881500.000   -0.963
 882000.000    2.434
 882500.000    3.129
 883000.000    3.048
 883500.000    2.430
 884000.000    2.430
 884500.000    3.639
 885000.000    5.303
 885500.000    3.651
 886000.000    3.309
 886500.000    3.220
 887000.000    1.999
 887500.000    4.514
 888000.000    4.004
 888500.000    4.710
 889000.000    4.180
 889500.000    4.077
 890000.000    3.910
 890500.000    0.604
 891000.000    6.158
 891500.000    1.914
 892000.000    2.430
 892500.000    4.001
 893000.000    2.691
 893500.000    4.430
 894000.000    3.477
 894500.000    3.747
 895000.000    2.082
 895500.000    0.430
 896000.000    0.523
 896500.000    1.548
 897000.000   -0.602
 897500.000    0.258
 898000.000    0.437
 898500.000    0.874
 899000.000   -0.869
 899500.000    0.773
 900000.000    1.999
 900500.000    1.307
 901000.000    1.225
 901500.000    1.735
 902000.000    1.834
 902500.000    3.820
 903000.000   -2.010
 903500.000    0.675
 904000.000   -1.841
 904500.000   -0.168
 905000.000    0.961
 905500.000    0.691
 906000.000    3.571
 906500.000    1.303
 907000.000   -0.441
 907500.000   -0.613
 908000.000    0.434
 908500.000   -1.729
 909000.000    1.653
 909500.000    1.836
 910000.000    2.879
 910500.000   -0.957
 911000.000    1.401
 911500.000    0.964
 912000.000   -0.709
 912500.000   -0.602
 913000.000    0.530
 913500.000    4.022
 914000.000    0.609
 914500.000    0.013
 915000.000    2.182
 915500.000    0.086
 916000.000    0.959
 916500.000   -0.610
 917000.000    0.778
 917500.000   -1.060
 918000.000    1.562
 918500.000    1.037
 919000.000    0.526
 919500.000    1.224
 920000.000    2.159
 920500.000    0.691
 921000.000   -0.086
 921500.000    0.599
 922000.000   -1.243
 922500.000    1.115
 923000.000   -1.236
 923500.000   -1.493
 924000.000    0.790
 924500.000   -0.178
 925000.000   -0.090
 925500.000    4.256
 926000.000   -2.888
 926500.000    4.072
 927000.000    3.211
 927500.000    2.173
 928000.000   -0.361
 928500.000   -0.365
 929000.000    0.862
 929500.000    0.940
 930000.000   -1.743
 930500.000   -0.347
 931000.000   -0.262
 931500.000   -0.448
 932000.000    3.724
 932500.000    3.376
 933000.000    0.343
 933500.000   -1.380
 934000.000    0.260
 934500.000   -1.046
 935000.000    2.687
 935500.000   -0.959
 936000.000    1.458
 936500.000    1.294
 937000.000    1.293
 937500.000   -0.799
 938000.000   -2.352
 938500.000   -2.019
 939000.000   -1.483
 939500.000   -2.618
 940000.000    1.806
 940500.000   -0.617
 941000.000    1.477
 941500.000    2.524
 942000.000   -0.269
 942500.000    0.338
 943000.000    0.427
 943500.000   -1.561
 944000.000    1.383
 944500.000   -2.274
 945000.000    0.865
 945500.000   -0.698
 946000.000    3.647
 946500.000    3.653
 947000.000   -1.314
 947500.000    2.260
 948000.000   -0.262
 948500.000    1.294
 949000.000    0.169
 949500.000   -1.744
 950000.000    1.129
 950500.000    0.602
 951000.000    1.564
 951500.000    2.086
 952000.000    0.164
 952500.000    2.514
 953000.000    1.121
 953500.000    1.318
 954000.000    1.227
 954500.000   -0.869
 955000.000   -0.168
 955500.000    1.559
 956000.000    0.537
 956500.000    2.888
 957000.000    3.479
 957500.000    0.503
 958000.000    0.421
 958500.000    0.934
 959000.000   -0.196
 959500.000   -0.883
 960000.000   -0.954
 960500.000    1.215
 961000.000    2.528
 961500.000   -0.262
 962000.000    4.774
 962500.000    1.646
 963000.000    2.686
 963500.000    0.354
 964000.000    2.084
 964500.000    1.999
 965000.000    0.260
 965500.000    0.949
 966000.000    0.964
 966500.000    0.872
 967000.000    3.127
 967500.000   -0.443
 968000.000    1.396
 968500.000    0.334
 969000.000   -0.081
 969500.000    1.298
 970000.000    1.724
 970500.000   -0.622
 971000.000    4.780
 971500.000    1.032
 972000.000    2.265
 972500.000    2.961
 973000.000    3.736
 973500.000    2.792
 974000.000    0.618
 974500.000    2.954
 975000.000    0.187
 975500.000    2.081
 976000.000    1.481
 976500.000   -0.877
 977000.000    0.613
 977500.000    0.512
 978000.000    2.420
 978500.000    3.211
 979000.000   -0.349
 979500.000    4.966
 980000.000    0.693
 980500.000    3.899
 981000.000   -0.711
 981500.000    0.689
 982000.000    2.095
 982500.000   -2.617
 983000.000    1.559
 983500.000    0.874
 984000.000    0.093
 984500.000    0.606
 985000.000    1.316
 985500.000    1.997
 986000.000    2.178
 986500.000    1.415
 987000.000    2.964
 987500.000    2.966
 988000.000   -0.345
 988500.000    0.720
 989000.000    1.236
 989500.000    1.397
 990000.000    0.175
 990500.000    1.388
 991000.000    1.406
 991500.000    0.957
 992000.000   -1.396
 992500.000    0.436
 993000.000   -0.535
 993500.000   -0.775
 994000.000    2.178
 994500.000   -1.032
 995000.000    1.404
 995500.000    2.011
 996000.000   -0.796
 996500.000   -1.570
 997000.000   -1.658
 997500.000    2.441
 998000.000    0.876
 998500.000    3.569
 999000.000    3.662
 999500.000    2.001
1000000.000    2.258
