 750000.000    6.101  690.570
 750500.000    6.397  658.613
 751000.000    6.464  651.738
 751500.000    6.372  661.126
 752000.000    6.281  670.701
 752500.000    6.264  672.521
 753000.000    6.185  681.182
 753500.000    6.477  650.475
 754000.000    6.497  648.431
 754500.000    6.402  658.034
 755000.000    6.442  654.025
 755500.000    6.311  667.515
 756000.000    6.491  649.055
 756500.000    6.489  649.209
 757000.000    6.421  656.117
 757500.000    6.474  650.770
 758000.000    6.089  691.874
 758500.000    6.339  664.590
 759000.000    6.442  653.931
 759500.000    6.438  654.428
 760000.000    6.026  699.094
 760500.000    6.219  677.386
 761000.000    6.285  670.352
 761500.000    5.995  702.764
 762000.000    6.167  683.119
 762500.000    6.174  682.421
 763000.000    5.949  708.234
 763500.000    6.115  688.951
 764000.000    6.144  685.672
 764500.000    6.305  668.212
 765000.000    6.252  673.804
 765500.000    6.371  661.224
 766000.000    6.246  674.465
 766500.000    6.197  679.803
 767000.000    6.153  684.724
 767500.000    6.134  686.854
 768000.000    6.221  677.258
 768500.000    6.042  697.326
 769000.000    6.058  695.468
 769500.000    6.317  666.877
 770000.000    6.252  673.881
 770500.000    6.038  697.733
 771000.000    6.140  686.161
 771500.000    6.084  692.519
 772000.000    6.110  689.545
 772500.000    6.328  665.768
 773000.000    6.218  677.545
 773500.000    6.188  680.813
 774000.000    6.229  676.314
 774500.000    6.090  691.783
 775000.000    6.013  700.681
 775500.000    6.006  701.477
 776000.000    6.103  690.256
 776500.000    6.223  676.980
 777000.000    6.016  700.272
 777500.000    6.108  689.704
 778000.000    6.197  679.881
 778500.000    6.330  665.596
 779000.000    6.205  678.971
 779500.000    6.138  686.341
 780000.000    6.301  668.656
 780500.000    6.304  668.250
 781000.000    6.127  687.549
 781500.000    6.176  682.186
 782000.000    6.198  679.728
 782500.000    6.206  678.814
 783000.000    6.339  664.652
 783500.000    5.972  705.413
 784000.000    6.220  677.297
 784500.000    6.094  691.312
 785000.000    6.386  659.731
 785500.000    6.205  678.934
 786000.000    6.224  676.836
 786500.000    6.308  667.854
 787000.000    6.029  698.738
 787500.000    6.163  683.580
 788000.000    6.235  675.698
 788500.000    6.181  681.582
 789000.000    6.357  662.715
 789500.000    6.412  657.055
 790000.000    6.353  663.101
 790500.000    6.116  688.817
 791000.000    6.308  667.921
 791500.000    6.268  672.164
 792000.000    6.239  675.273
 792500.000    6.240  675.166
 793000.000    6.293  669.428
 793500.000    5.967  706.071
 794000.000    6.308  667.921
 794500.000    6.286  670.193
 795000.000    6.170  682.815
 795500.000    6.211  678.291
 796000.000    6.295  669.265
 796500.000    6.162  683.648
 797000.000    6.070  694.108
 797500.000    6.298  668.903
 798000.000    6.429  655.326
 798500.000    6.412  657.048
 799000.000    6.305  668.239
 799500.000    6.276  671.256
 800000.000    6.420  656.171
 800500.000    6.303  668.351
 801000.000    6.124  687.945
 801500.000    6.256  673.384
 802000.000    6.356  662.805
 802500.000    6.248  674.317
 803000.000    6.258  673.221
 803500.000    6.361  662.261
 804000.000    6.188  680.816
 804500.000    6.371  661.316
 805000.000    6.142  685.933
 805500.000    6.232  676.067
 806000.000    6.133  686.937
 806500.000    6.270  671.872
 807000.000    6.152  684.761
 807500.000    6.285  670.337
 808000.000    6.303  668.382
 808500.000    6.300  668.721
 809000.000    6.240  675.156
 809500.000    6.196  679.909
 810000.000    6.314  667.270
 810500.000    6.186  681.099
 811000.000    6.117  688.706
 811500.000    6.293  669.461
 812000.000    6.275  671.348
 812500.000    6.351  663.368
 813000.000    6.192  680.352
 813500.000    6.222  677.093
 814000.000    6.217  677.626
 814500.000    6.195  680.062
 815000.000    6.406  657.656
 815500.000    6.074  693.649
 816000.000    6.375  660.883
 816500.000    6.222  677.094
 817000.000    6.359  662.481
 817500.000    6.176  682.114
 818000.000    6.116  688.846
 818500.000    6.236  675.627
 819000.000    6.250  674.123
 819500.000    6.162  683.726
 820000.000    6.192  680.378
 820500.000    6.130  687.267
 821000.000    6.086  692.241
 821500.000    6.509  647.203
 822000.000    6.437  654.449
 822500.000    6.167  683.159
 823000.000    6.264  672.545
 823500.000    6.333  665.262
 824000.000    6.197  679.836
 824500.000    6.108  689.731
 825000.000    6.346  663.911
 825500.000    6.097  690.938
 826000.000    6.251  674.004
 826500.000    6.345  664.002
 827000.000    6.391  659.247
 827500.000    6.161  683.753
 828000.000    6.176  682.190
 828500.000    6.154  684.620
 829000.000    6.236  675.613
 829500.000    6.336  664.945
 830000.000    6.324  666.235
 830500.000    6.316  667.026
 831000.000    6.225  676.727
 831500.000    6.299  668.855
 832000.000    6.343  664.169
 832500.000    6.158  684.168
 833000.000    6.431  655.075
 833500.000    6.177  682.078
 834000.000    6.257  673.311
 834500.000    6.240  675.146
 835000.000    6.151  684.951
 835500.000    6.233  675.955
 836000.000    6.465  651.692
 836500.000    6.523  645.825
 837000.000    6.192  680.427
 837500.000    6.035  698.050
 838000.000    6.385  659.794
 838500.000    6.244  674.764
 839000.000    6.179  681.842
 839500.000    6.286  670.184
 840000.000    6.261  672.921
 840500.000    6.316  667.027
 841000.000    6.313  667.305
 841500.000    6.108  689.711
 842000.000    6.237  675.456
 842500.000    6.313  667.302
 843000.000    6.145  685.591
 843500.000    6.430  655.176
 844000.000    6.108  689.756
 844500.000    6.279  670.927
 845000.000    6.209  678.520
 845500.000    6.224  676.920
 846000.000    5.903  713.734
 846500.000    6.306  668.074
 847000.000    6.327  665.831
 847500.000    6.342  664.280
 848000.000    6.281  670.743
 848500.000    6.337  664.816
 849000.000    6.247  674.379
 849500.000    6.245  674.615
 850000.000    6.519  646.281
 850500.000    6.039  697.565
 851000.000    6.138  686.408
 851500.000    6.039  697.639
 852000.000    6.343  664.210
 852500.000    6.275  671.386
 853000.000    6.355  662.980
 853500.000    6.178  681.911
 854000.000    6.256  673.470
 854500.000    6.241  675.065
 855000.000    6.508  647.327
 855500.000    6.100  690.631
 856000.000    6.350  663.456
 856500.000    6.290  669.827
 857000.000    6.381  660.268
 857500.000    6.372  661.190
 858000.000    6.172  682.613
 858500.000    6.349  663.520
 859000.000    6.034  698.159
 859500.000    6.205  678.934
 860000.000    6.275  671.366
 860500.000    6.233  675.927
 861000.000    6.164  683.511
 861500.000    6.203  679.134
 862000.000    6.218  677.573
 862500.000    6.228  676.477
 863000.000    6.343  664.220
 863500.000    6.283  670.574
 864000.000    6.301  668.659
 864500.000    6.282  670.647
 865000.000    6.243  674.793
 865500.000    6.328  665.808
 866000.000    6.323  666.261
 866500.000    6.111  689.377
 867000.000    6.049  696.439
 867500.000    6.271  671.789
 868000.000    6.450  653.205
 868500.000    6.126  687.669
 869000.000    6.194  680.186
 869500.000    6.246  674.488
 870000.000    6.054  695.859
 870500.000    6.212  678.209
 871000.000    6.181  681.638
 871500.000    6.126  687.739
 872000.000    6.289  669.892
 872500.000    6.276  671.323
 873000.000    6.460  652.188
 873500.000    6.146  685.422
 874000.000    6.093  691.487
 874500.000    6.518  646.397
 875000.000    6.298  668.979
 875500.000    6.338  664.666
 876000.000    6.369  661.490
 876500.000    6.092  691.571
 877000.000    6.129  687.342
 877500.000    6.168  683.086
 878000.000    6.301  668.565
 878500.000    6.529  645.270
 879000.000    6.330  665.598
 879500.000    6.204  679.059
 880000.000    6.422  655.981
 880500.000    6.376  660.749
 881000.000    6.188  680.848
 881500.000    6.117  688.760
 882000.000    6.118  688.584
 882500.000    6.296  669.193
 883000.000    6.250  674.116
 883500.000    6.286  670.160
 884000.000    6.107  689.798
 884500.000    6.256  673.422
 885000.000    6.553  642.928
 885500.000    6.243  674.802
 886000.000    6.125  687.783
 886500.000    6.271  671.847
 887000.000    6.058  695.469
 887500.000    6.322  666.381
 888000.000    6.295  669.299
 888500.000    6.243  674.813
 889000.000    6.274  671.525
 889500.000    6.246  674.543
 890000.000    6.375  660.822
 890500.000    6.264  672.598
 891000.000    6.440  654.212
 891500.000    6.358  662.613
 892000.000    6.189  680.766
 892500.000    6.354  663.080
 893000.000    6.313  667.336
 893500.000    6.554  642.837
 894000.000    6.395  658.766
 894500.000    6.316  666.992
 895000.000    6.389  659.411
 895500.000    6.114  689.120
 896000.000    6.208  678.646
 896500.000    6.436  654.587
 897000.000    6.271  671.832
 897500.000    6.389  659.357
 898000.000    6.495  648.672
 898500.000    6.524  645.791
 899000.000    6.532  644.954
 899500.000    6.466  651.562
 900000.000    6.455  652.670
 900500.000    6.093  691.458
 901000.000    6.480  650.154
 901500.000    6.557  642.551
 902000.000    6.343  664.149
 902500.000    6.356  662.808
 903000.000    6.251  673.958
 903500.000    6.494  648.734
 904000.000    6.425  655.706
 904500.000    6.360  662.411
 905000.000    6.667  631.912
 905500.000    6.414  656.807
 906000.000    6.519  646.217
 906500.000    6.521  646.102
 907000.000    6.352  663.245
 907500.000    6.344  664.099
 908000.000    6.370  661.381
 908500.000    6.348  663.703
 909000.000    6.548  643.432
 909500.000    6.351  663.346
 910000.000    6.483  649.844
 910500.000    6.131  687.148
 911000.000    6.280  670.835
 911500.000    6.385  659.828
 912000.000    6.297  669.047
 912500.000    6.365  661.912
 913000.000    6.318  666.797
 913500.000    6.268  672.087
 914000.000    6.442  653.991
 914500.000    6.323  666.284
 915000.000    6.174  682.415
 915500.000    6.400  658.241
 916000.000    6.356  662.820
 916500.000    6.218  677.500
 917000.000    6.555  642.674
 917500.000    6.445  653.682
 918000.000    6.339  664.607
 918500.000    6.421  656.151
 919000.000    6.391  659.204
 919500.000    6.392  659.053
 920000.000    6.281  670.734
 920500.000    6.266  672.383
 921000.000    6.338  664.659
 921500.000    6.765  622.766
 922000.000    6.490  649.138
 922500.000    6.463  651.895
 923000.000    6.458  652.335
 923500.000    6.462  651.912
 924000.000    6.498  648.318
 924500.000    6.512  646.922
 925000.000    6.374  661.005
 925500.000    6.668  631.776
 926000.000    6.492  648.944
 926500.000    6.476  650.549
 927000.000    6.548  643.408
 927500.000    6.573  640.980
 928000.000    6.700  628.790
 928500.000    6.319  666.685
 929000.000    6.468  651.327
 929500.000    6.402  658.041
 930000.000    6.557  642.486
 930500.000    6.316  667.068
 931000.000    6.327  665.894
 931500.000    6.316  667.013
 932000.000    6.543  643.880
 932500.000    6.353  663.141
 933000.000    6.468  651.344
 933500.000    6.240  675.195
 934000.000    6.476  650.560
 934500.000    6.484  649.707
 935000.000    6.292  669.609
 935500.000    6.454  652.801
 936000.000    6.636  634.906
 936500.000    6.539  644.254
 937000.000    6.404  657.900
 937500.000    6.549  643.286
 938000.000    6.465  651.669
 938500.000    6.530  645.151
 939000.000    6.359  662.464
 939500.000    6.367  661.686
 940000.000    6.484  649.740
 940500.000    6.558  642.394
 941000.000    6.544  643.752
 941500.000    6.473  650.831
 942000.000    6.448  653.362
 942500.000    6.427  655.500
 943000.000    6.504  647.734
 943500.000    6.419  656.304
 944000.000    6.701  628.672
 944500.000    6.401  658.193
 945000.000    6.464  651.762
 945500.000    6.532  644.974
 946000.000    6.553  642.912
 946500.000    6.454  652.748
 947000.000    6.505  647.661
 947500.000    6.590  639.298
 948000.000    6.206  678.851
 948500.000    6.484  649.762
 949000.000    6.627  635.763
 949500.000    6.407  657.538
 950000.000    6.411  657.180
 950500.000    6.520  646.165
 951000.000    6.489  649.198
 951500.000    6.377  660.656
 952000.000    6.598  638.495
 952500.000    6.464  651.781
 953000.000    6.488  649.368
 953500.000    6.376  660.745
 954000.000    6.487  649.410
 954500.000    6.537  644.471
 955000.000    6.466  651.586
 955500.000    6.382  660.118
 956000.000    6.342  664.245
 956500.000    6.491  649.010
 957000.000    6.561  642.151
 957500.000    6.520  646.142
 958000.000    6.828  617.044
 958500.000    6.717  627.208
 959000.000    6.556  642.576
 959500.000    6.472  650.920
 960000.000    6.509  647.199
 960500.000    6.425  655.718
 961000.000    6.211  678.327
 961500.000    6.409  657.306
 962000.000    6.511  647.020
 962500.000    6.329  665.684
 963000.000    6.457  652.459
 963500.000    6.446  653.551
 964000.000    6.693  629.465
 964500.000    6.360  662.363
 965000.000    6.350  663.494
 965500.000    6.326  666.021
 966000.000    6.436  654.541
 966500.000    6.625  635.961
 967000.000    6.862  613.960
 967500.000    6.508  647.360
 968000.000    6.360  662.417
 968500.000    6.630  635.401
 969000.000    6.477  650.455
 969500.000    6.554  642.808
 970000.000    6.632  635.251
 970500.000    6.400  658.269
 971000.000    6.494  648.730
 971500.000    6.451  653.049
 972000.000    6.296  669.102
 972500.000    6.425  655.747
 973000.000    6.470  651.149
 973500.000    6.342  664.277
 974000.000    6.432  655.028
 974500.000    6.395  658.747
 975000.000    6.353  663.107
 975500.000    6.352  663.293
 976000.000    6.238  675.362
 976500.000    6.297  669.028
 977000.000    6.281  670.743
 977500.000    6.240  675.141
 978000.000    6.606  637.711
 978500.000    6.445  653.686
 979000.000    6.425  655.762
 979500.000    6.304  668.258
 980000.000    6.460  652.171
 980500.000    6.590  639.255
 981000.000    6.364  661.996
 981500.000    6.486  649.536
 982000.000    6.311  667.524
 982500.000    6.480  650.165
 983000.000    6.378  660.563
 983500.000    6.388  659.539
 984000.000    6.324  666.221
 984500.000    6.198  679.672
 985000.000    6.429  655.315
 985500.000    6.204  679.118
 986000.000    6.264  672.566
 986500.000    6.031  698.593
 987000.000    6.368  661.532
 987500.000    6.401  658.185
 988000.000    6.348  663.641
 988500.000    6.237  675.434
 989000.000    6.450  653.127
 989500.000    6.544  643.756
 990000.000    6.328  665.717
 990500.000    6.385  659.818
 991000.000    6.236  675.594
 991500.000    6.323  666.266
 992000.000    6.076  693.361
 992500.000    6.247  674.417
 993000.000    6.404  657.852
 993500.000    6.259  673.133
 994000.000    6.447  653.450
 994500.000    6.258  673.159
 995000.000    6.261  672.845
 995500.000    6.348  663.704
 996000.000    6.246  674.456
 996500.000    6.381  660.229
 997000.000    6.279  670.936
 997500.000    6.403  657.974
 998000.000    6.183  681.337
 998500.000    6.232  675.983
 999000.000    6.426  655.649
 999500.000    6.179  681.822
1000000.000    6.563  641.909
