20.085 20.318 -51.862
24.26 25.056 -65.745
22.056 27.045 -62.813
21.624 29.742 -66.1835
19.707 19.775 -59.811
25.298 22.94 -67.241
24.578 27.241 -66.0125
28.18 27.317 -77.87
26.578 23.354 -66.7345
19.024 19.835 -57.491
23.006 20.817 -65.608
21.932 22.777 -59.582
25.82 30.495 -71.858
28.191 35.589 -70.9255
32.03 34.007 -74.964
23.724 21.332 -63.1895
26.547 23.074 -60.573
26.861 21.383 -67.1925
25.208 25.819 -64.546
29.445 30.253 -58.063
22.289 19.554 -59.9605
28.951 28.025 -72.619
34.283 30.071 -77.153
40.174 37.74 -101.191
28.915 28.581 -75.522
25.201 23.676 -67.954
33.964 30.599 -82.095
35.315 32.703 -79.393
27.22 26.491 -65.1565
32.612 34.027 -81.2125
34.458 30.917 -70.26
27.251 31.31 -71.051
25.438 27.492 -64.655
28.893 30.39 -69.9435
24.54 27.442 -59.179
24.646 24.037 -55.8765
32.009 31.842 -77.974
29.824 29.231 -69.798
29.364 29.611 -71.11
28.054 31.515 -68.7615
23.527 29.34 -51.794
27.965 31.498 -59.258
28.227 36.0 -69.445
26.789 31.114 -64.575
25.044 20.281 -55.4135
16.04 13.688 -42.985
12.327 13.732 -32.099
23.498 27.537 -60.212
20.683 21.42 -54.301
21.588 26.65 -64.784
17.339 17.622 -48.848
21.519 22.0 -51.932
21.968 23.006 -53.377
17.138 14.028 -39.604
19.819 21.051 -48.542
21.1 17.994 -46.338
14.642 13.399 -42.1185
16.113 16.617 -45.872
21.474 17.115 -49.841
19.447 18.52 -48.2225
17.209 15.508 -44.838
21.319 19.0 -49.529
16.957 16.927 -46.264
14.502 11.876 -42.416
19.505 20.029 -61.503
19.772 17.733 -51.873
18.202 19.294 -49.826
25.301 22.649 -64.913
25.114 23.589 -61.491
23.604 24.107 -63.182
28.527 25.935 -73.967
34.827 32.9 -93.256
34.219 28.844 -77.085
29.599 29.807 -77.6495
31.884 33.832 -79.6015
37.769 39.637 -93.1145
40.435 42.844 -97.2065
39.121 33.646 -94.413
34.614 34.798 -85.3205
35.749 37.814 -92.456
41.67 43.622 -100.1855
38.111 38.164 -94.6135
31.214 29.634 -75.2355
20.696 19.456 -54.914
24.611 24.472 -68.317
26.037 25.75 -74.644
24.336 24.237 -64.033
27.361 27.511 -73.6325
26.63 23.894 -68.539
30.693 29.048 -84.033
39.595 38.102 -100.1575
30.522 36.895 -88.675
37.844 38.068 -91.928
34.884 39.846 -94.072
28.1 32.935 -81.993
24.863 29.88 -67.768
25.098 33.072 -73.1345
33.166 36.026 -80.542
39.345 45.437 -103.2995
40.01 47.244 -111.387
42.853 45.586 -112.6365
