 750000.000 1.118840 0.961817 0.883981 0.892799
 750500.000 1.098713 0.982859 0.859560 0.842310
 751000.000 1.128749 1.013797 0.936804 0.801726
 751500.000 1.112197 0.957972 0.898102 0.865833
 752000.000 1.104141 0.894027 0.892201 0.918123
 752500.000 1.129219 0.964664 0.954395 0.841918
 753000.000 1.122447 0.979805 0.861099 0.904581
 753500.000 1.110194 0.992350 0.813021 0.905151
 754000.000 1.131406 1.068238 0.711114 0.955691
 754500.000 1.237364 1.162031 0.784389 1.047166
 755000.000 1.224185 1.136331 0.831446 1.007328
 755500.000 1.157605 0.955839 0.901054 0.977023
 756000.000 1.177387 0.897561 0.924968 1.054182
 756500.000 1.196962 1.058435 0.760211 1.080384
 757000.000 1.140691 1.001860 0.805481 0.974591
 757500.000 1.106807 0.938713 0.808131 0.956966
 758000.000 1.099450 0.952535 0.773588 0.954892
 758500.000 1.105646 0.906466 0.818099 0.976699
 759000.000 1.097002 0.886429 0.865471 0.933825
 759500.000 1.010898 0.737553 0.832536 0.898182
 760000.000 1.007102 0.786902 0.796161 0.880579
 760500.000 1.008018 0.766356 0.808187 0.889794
 761000.000 1.028352 0.704858 0.888131 0.910721
 761500.000 1.000585 0.739644 0.846993 0.858995
 762000.000 1.007365 0.784542 0.805543 0.874735
 762500.000 1.071955 0.832620 0.869572 0.921284
 763000.000 1.128998 0.842461 0.948135 0.969832
 763500.000 1.106930 0.880662 0.887505 0.941997
 764000.000 1.099218 0.850934 0.907866 0.931800
 764500.000 1.123155 0.888408 0.949996 0.911699
 765000.000 1.093483 0.837173 0.921426 0.917347
 765500.000 1.134531 0.782534 1.009178 0.971350
 766000.000 1.164522 0.927977 0.947933 0.975964
 766500.000 1.130350 0.892547 0.910996 0.963759
 767000.000 1.099243 0.837145 0.880063 0.970230
 767500.000 1.109874 0.849081 0.900210 0.965569
 768000.000 1.151703 0.828612 0.960559 1.021553
 768500.000 1.186926 0.852228 0.992657 1.051631
 769000.000 1.161824 0.851387 0.975658 1.011387
 769500.000 1.111519 0.817896 0.957431 0.940914
 770000.000 1.080871 0.824856 0.925434 0.894286
 770500.000 1.085806 0.866923 0.925778 0.865637
 771000.000 1.101150 0.879545 0.907963 0.909432
 771500.000 1.145055 0.862588 0.987954 0.949835
 772000.000 1.133045 0.855865 0.966346 0.949344
 772500.000 1.084567 0.844080 0.917387 0.893588
 773000.000 1.098076 0.824239 0.965099 0.894849
 773500.000 1.128615 0.815288 0.997092 0.942685
 774000.000 1.200572 0.853090 1.051345 1.024529
 774500.000 1.196081 0.894322 1.034798 0.995288
 775000.000 1.177078 0.911406 0.986151 0.983805
 775500.000 1.140242 0.854203 0.967740 0.966498
 776000.000 1.157392 0.830736 1.006736 0.987659
 776500.000 1.134062 0.765682 0.995019 0.997929
 777000.000 1.133803 0.779050 0.986779 0.995173
 777500.000 1.133226 0.800210 0.994866 0.968662
 778000.000 1.116829 0.799924 0.978973 0.946758
 778500.000 1.118052 0.811930 0.984107 0.934015
 779000.000 1.135358 0.760042 0.994246 1.005925
 779500.000 1.117822 0.814624 0.960911 0.955034
 780000.000 1.112138 0.780891 0.934126 0.995650
 780500.000 1.118901 0.777566 0.980478 0.968470
 781000.000 1.123139 0.743441 0.952335 1.031134
 781500.000 1.105891 0.739162 0.958984 0.989939
 782000.000 1.135298 0.804768 0.947284 1.016268
 782500.000 1.220903 0.837984 1.023751 1.109470
 783000.000 1.159384 0.787860 0.988702 1.044073
 783500.000 1.140363 0.789909 0.979213 1.008981
 784000.000 1.145701 0.874016 0.957763 0.971621
 784500.000 1.141276 0.856021 0.965968 0.969102
 785000.000 1.143245 0.841806 0.952705 0.998867
 785500.000 1.140689 0.813944 0.958161 1.010826
 786000.000 1.136516 0.843191 0.925770 1.007630
 786500.000 1.170905 0.838933 1.007629 1.011391
 787000.000 1.192090 0.875065 1.026719 1.011072
 787500.000 1.148500 0.884608 0.969861 0.956527
 788000.000 1.147086 0.865542 0.969739 0.970595
 788500.000 1.143910 0.860539 0.989190 0.947648
 789000.000 1.169511 0.832163 1.010617 1.010777
 789500.000 1.245767 0.855155 1.073861 1.104266
 790000.000 1.200347 0.842295 1.056007 1.028131
 790500.000 1.210523 0.890644 1.025465 1.042068
 791000.000 1.149161 0.869319 0.980753 0.961017
 791500.000 1.164837 0.856396 0.971390 1.018174
 792000.000 1.167542 0.838060 0.988312 1.023329
 792500.000 1.150323 0.839852 0.995913 0.974316
 793000.000 1.164009 0.835417 0.989151 1.016609
 793500.000 1.135989 0.797477 1.003552 0.968430
 794000.000 1.153285 0.822687 0.977377 1.013930
 794500.000 1.173953 0.870473 0.995185 1.004097
 795000.000 1.182974 0.850279 1.006030 1.031398
 795500.000 1.212562 0.922589 1.030454 1.013709
 796000.000 1.173208 0.859179 1.004240 1.003070
 796500.000 1.164688 0.873537 1.026263 0.946951
 797000.000 1.201667 0.907634 1.058439 0.971553
 797500.000 1.191151 0.870273 1.062936 0.974924
 798000.000 1.162941 0.904671 0.989991 0.952024
 798500.000 1.181779 0.877228 1.034494 0.976470
 799000.000 1.170552 0.841726 1.017295 0.998494
 799500.000 1.170275 0.855605 1.035497 0.966836
 800000.000 1.152993 0.819700 1.038030 0.953610
 800500.000 1.219683 0.904672 1.063488 1.012826
 801000.000 1.167534 0.871251 1.045941 0.934452
 801500.000 1.157975 0.876105 1.001329 0.954772
 802000.000 1.205904 0.900515 1.049792 0.997705
 802500.000 1.162982 0.864744 0.967387 1.010659
 803000.000 1.134594 0.822975 0.961861 0.985971
 803500.000 1.177647 0.846612 1.018944 1.009309
 804000.000 1.159727 0.930953 0.978456 0.930528
 804500.000 1.148713 0.812172 1.005548 0.984041
 805000.000 1.175376 0.838555 1.012030 1.017663
 805500.000 1.178313 0.875358 1.011232 0.993982
 806000.000 1.123438 0.832953 0.948000 0.965253
 806500.000 1.153219 0.775945 1.009502 1.019138
 807000.000 1.159688 0.820174 1.005642 1.002871
 807500.000 1.154999 0.840965 1.002202 0.977964
 808000.000 1.152640 0.820764 1.006593 0.985026
 808500.000 1.176611 0.826837 1.016612 1.025509
 809000.000 1.180568 0.849902 1.013629 1.018679
 809500.000 1.145370 0.808835 0.965247 1.018740
 810000.000 1.133617 0.748589 1.008453 0.996400
 810500.000 1.165540 0.739920 1.039220 1.043796
 811000.000 1.109302 0.761436 0.967736 0.972011
 811500.000 1.135765 0.761620 1.012257 0.987521
 812000.000 1.162314 0.775766 1.053151 0.995493
 812500.000 1.121684 0.727287 1.006433 0.987165
 813000.000 1.253986 0.739316 1.141734 1.137901
 813500.000 1.226620 0.790117 1.082360 1.101548
 814000.000 1.122582 0.733268 1.027627 0.962642
 814500.000 1.188982 0.846756 1.009208 1.044922
 815000.000 1.127621 0.690946 1.022663 1.009858
 815500.000 1.161736 0.756642 1.051339 1.010663
 816000.000 1.145429 0.686558 1.039896 1.035023
 816500.000 1.125630 0.726950 1.023885 0.978411
 817000.000 1.152688 0.724900 1.039296 1.025553
 817500.000 1.156004 0.724052 1.042150 1.030710
 818000.000 1.145953 0.797710 1.001745 0.993268
 818500.000 1.170815 0.763747 1.026306 1.051190
 819000.000 1.166564 0.821928 1.002643 1.020237
 819500.000 1.164408 0.796585 1.008806 1.029298
 820000.000 1.182764 0.800802 1.033449 1.043341
 820500.000 1.219689 0.790471 1.065851 1.101999
 821000.000 1.161924 0.769161 1.027990 1.025555
 821500.000 1.147549 0.712727 1.031971 1.029948
 822000.000 1.115448 0.667430 1.009879 1.011499
 822500.000 1.168280 0.739946 1.050502 1.038596
 823000.000 1.156711 0.689084 1.057231 1.040858
 823500.000 1.169787 0.667702 1.074072 1.066465
 824000.000 1.150641 0.718921 1.035986 1.028510
 824500.000 1.160868 0.762367 1.047044 1.008823
 825000.000 1.162612 0.784633 1.034905 1.008293
 825500.000 1.146736 0.711953 1.039855 1.020702
 826000.000 1.123504 0.756652 0.990762 0.985086
 826500.000 1.118420 0.730627 0.986584 0.997278
 827000.000 1.143799 0.698501 1.029491 1.033827
 827500.000 1.146004 0.733882 1.035938 1.007421
 828000.000 1.097988 0.698989 0.995156 0.965524
 828500.000 1.160229 0.730678 1.061466 1.015708
 829000.000 1.129736 0.693934 1.046217 0.988177
 829500.000 1.189808 0.814319 1.073346 1.008017
 830000.000 1.152581 0.761964 1.061183 0.974777
 830500.000 1.152364 0.813300 1.043835 0.951230
 831000.000 1.162107 0.841066 1.042595 0.952150
 831500.000 1.244504 0.862909 1.126053 1.041620
 832000.000 1.259627 0.765696 1.152204 1.122257
 832500.000 1.237400 0.825511 1.094799 1.087320
 833000.000 1.243567 0.812734 1.110080 1.095492
 833500.000 1.224990 0.779604 1.108677 1.079005
 834000.000 1.271283 0.843290 1.110175 1.135208
 834500.000 1.235484 0.793309 1.099463 1.102126
 835000.000 1.175145 0.762889 1.072313 1.014926
 835500.000 1.181794 0.731860 1.092292 1.031771
 836000.000 1.226814 0.765533 1.135266 1.065493
 836500.000 1.195415 0.743525 1.100630 1.045858
 837000.000 1.199095 0.693930 1.099485 1.088692
 837500.000 1.257337 0.723598 1.171963 1.124589
 838000.000 1.280853 0.737094 1.187519 1.152241
 838500.000 1.271491 0.778566 1.156693 1.135461
 839000.000 1.243461 0.781394 1.121430 1.106439
 839500.000 1.292682 0.844068 1.150856 1.142424
 840000.000 1.219713 0.764768 1.122360 1.063411
 840500.000 1.222340 0.762728 1.114807 1.078741
 841000.000 1.234065 0.812526 1.146710 1.034743
 841500.000 1.254711 0.877140 1.156406 1.020760
 842000.000 1.175458 0.775836 1.090167 0.986417
 842500.000 1.116005 0.716222 1.013415 0.975168
 843000.000 1.293606 0.808769 1.177805 1.142585
 843500.000 1.198591 0.834368 1.068800 1.017222
 844000.000 1.164509 0.791892 1.037891 1.003919
 844500.000 1.191344 0.848989 1.053229 1.004254
 845000.000 1.188375 0.818932 1.048586 1.026785
 845500.000 1.234681 0.770780 1.134419 1.080678
 846000.000 1.221561 0.719733 1.121631 1.099250
 846500.000 1.228807 0.782910 1.125961 1.067333
 847000.000 1.230837 0.832988 1.137541 1.020810
 847500.000 1.264948 0.849248 1.154910 1.070115
 848000.000 1.224905 0.822239 1.135342 1.017697
 848500.000 1.256847 0.863506 1.146435 1.048511
 849000.000 1.137180 0.732479 1.050335 0.972947
 849500.000 1.181941 0.821420 1.092934 0.961630
 850000.000 1.233089 0.885984 1.134561 0.984288
 850500.000 1.209626 0.866801 1.073839 1.010899
 851000.000 1.168194 0.839647 1.053147 0.956675
 851500.000 1.189582 0.876019 1.051887 0.977925
 852000.000 1.146515 0.863057 1.031018 0.906163
 852500.000 1.186639 0.843231 1.061431 0.989217
 853000.000 1.155137 0.802932 1.043967 0.966497
 853500.000 1.214622 0.777593 1.121767 1.042880
 854000.000 1.169112 0.831194 1.071610 0.945734
 854500.000 1.143966 0.844426 1.042309 0.904352
 855000.000 1.184963 0.866913 1.075743 0.948426
 855500.000 1.185365 0.808577 1.091803 0.982012
 856000.000 1.188607 0.861920 1.069257 0.969205
 856500.000 1.174674 0.831186 1.060048 0.972186
 857000.000 1.158430 0.837129 1.044923 0.944072
 857500.000 1.143944 0.774296 1.069019 0.935351
 858000.000 1.096647 0.705999 0.993068 0.959505
 858500.000 1.116988 0.833278 1.009180 0.884607
 859000.000 1.104847 0.833375 1.017985 0.842950
 859500.000 1.106416 0.849706 0.996217 0.856658
 860000.000 1.122557 0.794089 1.035240 0.904416
 860500.000 1.168107 0.772470 1.086185 0.975929
 861000.000 1.164603 0.772669 1.085322 0.968328
 861500.000 1.123012 0.746181 1.045944 0.933557
 862000.000 1.113851 0.693445 1.036971 0.961849
 862500.000 1.129094 0.673917 1.051786 0.994629
 863000.000 1.141158 0.660160 1.081741 0.999254
 863500.000 1.151424 0.657954 1.093665 1.011210
 864000.000 1.193630 0.696669 1.121602 1.051745
 864500.000 1.161130 0.718238 1.089347 0.996947
 865000.000 1.169471 0.667720 1.110922 1.027290
 865500.000 1.132190 0.645098 1.068492 1.002936
 866000.000 1.110304 0.608044 1.050529 0.996103
 866500.000 1.130398 0.641015 1.066643 1.003480
 867000.000 1.211042 0.675507 1.138699 1.086417
 867500.000 1.158286 0.663287 1.087585 1.029787
 868000.000 1.113560 0.602204 1.043649 1.013991
 868500.000 1.164115 0.675727 1.051562 1.071420
 869000.000 1.184006 0.707964 1.064267 1.081602
 869500.000 1.174211 0.656514 1.094409 1.062449
 870000.000 1.178834 0.655064 1.094182 1.073757
 870500.000 1.232306 0.721696 1.134127 1.109083
 871000.000 1.187856 0.706127 1.102610 1.052444
 871500.000 1.178352 0.765561 1.080198 1.011986
 872000.000 1.171066 0.738997 1.078249 1.016884
 872500.000 1.172026 0.727363 1.067976 1.038104
 873000.000 1.203337 0.692126 1.100733 1.097901
 873500.000 1.147082 0.681534 1.050829 1.030953
 874000.000 1.145778 0.734184 1.025495 1.017325
 874500.000 1.190523 0.732168 1.060241 1.083748
 875000.000 1.216746 0.741605 1.087449 1.108341
 875500.000 1.203010 0.746495 1.066400 1.095445
 876000.000 1.173480 0.714789 1.073027 1.044892
 876500.000 1.195918 0.731222 1.095294 1.061172
 877000.000 1.246617 0.733648 1.148201 1.118706
 877500.000 1.209383 0.668465 1.125135 1.101108
 878000.000 1.210642 0.689621 1.121812 1.094197
 878500.000 1.236359 0.711469 1.132107 1.126638
 879000.000 1.262230 0.744591 1.171726 1.122092
 879500.000 1.269315 0.749632 1.175011 1.131248
 880000.000 1.246652 0.748863 1.146609 1.110304
 880500.000 1.243004 0.787693 1.134531 1.087426
 881000.000 1.251305 0.703404 1.176050 1.119669
 881500.000 1.161870 0.708772 1.071686 1.024215
 882000.000 1.205843 0.723910 1.125990 1.056511
 882500.000 1.177905 0.740767 1.085820 1.023318
 883000.000 1.197990 0.710491 1.102255 1.072659
 883500.000 1.140695 0.744717 1.035854 0.987305
 884000.000 1.130462 0.712256 1.030430 0.993376
 884500.000 1.151587 0.749156 1.044669 0.999869
 885000.000 1.112447 0.746917 0.993992 0.963936
 885500.000 1.165351 0.794623 1.019521 1.022367
 886000.000 1.164850 0.772663 1.046987 1.010228
 886500.000 1.208762 0.766735 1.086845 1.073822
 887000.000 1.187037 0.779729 1.061417 1.040927
 887500.000 1.219113 0.781738 1.116930 1.055381
 888000.000 1.168970 0.799055 1.054443 0.991284
 888500.000 1.177509 0.794723 1.045983 1.023420
 889000.000 1.191236 0.776526 1.066871 1.047321
 889500.000 1.166893 0.774006 1.023395 1.037716
 890000.000 1.169860 0.763195 1.043245 1.032626
 890500.000 1.148783 0.730627 1.049871 1.001678
 891000.000 1.198308 0.751175 1.094003 1.053934
 891500.000 1.148944 0.730013 1.063190 0.988358
 892000.000 1.173039 0.712846 1.081372 1.036593
 892500.000 1.208616 0.693899 1.114262 1.094727
 893000.000 1.199230 0.712271 1.100412 1.076137
 893500.000 1.184607 0.705318 1.086987 1.061871
 894000.000 1.193652 0.712973 1.092877 1.070934
 894500.000 1.165067 0.699807 1.091258 1.016951
 895000.000 1.143143 0.683998 1.063250 1.007569
 895500.000 1.182263 0.701514 1.094584 1.051311
 896000.000 1.220730 0.760086 1.117337 1.074332
 896500.000 1.181854 0.708950 1.086767 1.053511
 897000.000 1.125788 0.705912 1.046597 0.970114
 897500.000 1.166951 0.694714 1.092802 1.023086
 898000.000 1.200306 0.756457 1.097136 1.051443
 898500.000 1.226182 0.785200 1.114141 1.072005
 899000.000 1.260000 0.793273 1.153346 1.102595
 899500.000 1.210744 0.772183 1.091584 1.069571
 900000.000 1.210352 0.732110 1.117686 1.069906
 900500.000 1.244202 0.778937 1.164775 1.064252
 901000.000 1.286640 0.754677 1.198024 1.142840
 901500.000 1.257376 0.770466 1.129429 1.136997
 902000.000 1.210180 0.686266 1.124773 1.092242
 902500.000 1.221678 0.723684 1.123145 1.095362
 903000.000 1.210801 0.745532 1.111812 1.067772
 903500.000 1.168235 0.708864 1.075423 1.034660
 904000.000 1.202512 0.743809 1.093115 1.069541
 904500.000 1.196501 0.757797 1.081962 1.057513
 905000.000 1.172146 0.748233 1.080953 1.009722
 905500.000 1.153642 0.709857 1.079390 0.996394
 906000.000 1.089054 0.675743 1.022742 0.932443
 906500.000 1.096189 0.618228 1.022870 0.987317
 907000.000 1.179150 0.727232 1.082554 1.039231
 907500.000 1.141983 0.721319 1.047103 0.995753
 908000.000 1.229077 0.783561 1.123646 1.069911
 908500.000 1.169766 0.742759 1.043298 1.047160
 909000.000 1.178624 0.761426 1.063435 1.033269
 909500.000 1.210309 0.754082 1.120297 1.051660
 910000.000 1.219569 0.802703 1.094545 1.064113
 910500.000 1.253602 0.792952 1.153924 1.087531
 911000.000 1.219519 0.856626 1.106045 1.008617
 911500.000 1.222324 0.846107 1.108083 1.021963
 912000.000 1.214005 0.827812 1.109730 1.015304
 912500.000 1.188959 0.783044 1.101501 1.000393
 913000.000 1.143564 0.811646 1.014058 0.963532
 913500.000 1.224448 0.859178 1.055815 1.070333
 914000.000 1.190203 0.851025 1.100345 0.947715
 914500.000 1.198506 0.837076 1.119934 0.958063
 915000.000 1.206513 0.862951 1.091321 0.987767
 915500.000 1.227202 0.851158 1.132953 1.001997
 916000.000 1.210473 0.924095 1.030450 1.007327
 916500.000 1.221300 0.842984 1.086744 1.044755
 917000.000 1.181690 0.847406 1.063219 0.971724
 917500.000 1.171781 0.847513 1.037890 0.975012
 918000.000 1.135324 0.819373 1.017272 0.933652
 918500.000 1.175420 0.809408 1.063366 0.988601
 919000.000 1.238554 0.812480 1.118525 1.075549
 919500.000 1.190746 0.843799 1.045621 1.015103
 920000.000 1.239839 0.817860 1.110560 1.082663
 920500.000 1.200739 0.813234 1.059974 1.048167
 921000.000 1.180805 0.840135 1.042977 0.997483
 921500.000 1.206042 0.899771 1.029186 1.019934
 922000.000 1.245745 0.904332 1.074131 1.064044
 922500.000 1.247909 0.882647 1.118467 1.041403
 923000.000 1.204001 0.849046 1.110264 0.972456
 923500.000 1.199127 0.822362 1.046089 1.051300
 924000.000 1.101920 0.767831 0.978207 0.939149
 924500.000 1.056328 0.743016 0.936271 0.896093
 925000.000 1.103883 0.784179 1.013757 0.891332
 925500.000 1.094983 0.727020 1.004061 0.928050
 926000.000 1.078976 0.682972 0.989028 0.940080
 926500.000 1.102844 0.707597 1.012385 0.952319
 927000.000 1.072901 0.695908 0.965122 0.941532
 927500.000 1.023903 0.676858 0.918043 0.892084
 928000.000 1.051286 0.748958 0.897558 0.918618
 928500.000 1.076896 0.713567 0.986294 0.915128
 929000.000 1.065257 0.744225 0.939398 0.912802
 929500.000 1.094701 0.759787 0.967006 0.940407
 930000.000 1.089343 0.792317 0.941095 0.927313
 930500.000 1.053445 0.701927 0.935572 0.922767
 931000.000 1.087551 0.805232 0.940597 0.912367
 931500.000 1.173450 0.845947 1.044349 0.973487
 932000.000 1.076951 0.768955 0.982052 0.874031
 932500.000 1.138874 0.822236 1.064954 0.885364
 933000.000 1.159736 0.861392 1.068466 0.897976
 933500.000 1.161645 0.866789 1.067904 0.898386
 934000.000 1.090825 0.747010 1.002965 0.903235
 934500.000 1.097841 0.738952 1.042527 0.881814
 935000.000 1.099479 0.789778 1.022645 0.864960
 935500.000 1.102147 0.775522 1.006935 0.902279
 936000.000 1.129100 0.820009 1.056023 0.873001
 936500.000 1.040449 0.773016 0.955774 0.808710
 937000.000 1.171642 0.859971 1.079218 0.917184
 937500.000 1.144497 0.836504 1.042258 0.913075
 938000.000 1.123716 0.799629 1.044787 0.891341
 938500.000 1.150686 0.824273 1.025177 0.957989
 939000.000 1.108415 0.856620 0.959582 0.895864
 939500.000 1.114936 0.833043 0.983284 0.908491
 940000.000 1.140778 0.798590 1.060863 0.916283
 940500.000 1.147167 0.796889 1.022053 0.975889
 941000.000 1.134768 0.754390 1.046896 0.954098
 941500.000 1.162378 0.780005 1.086570 0.955618
 942000.000 1.167986 0.810696 1.082697 0.948115
 942500.000 1.154814 0.798984 1.075790 0.933536
 943000.000 1.100624 0.755424 1.008417 0.913880
 943500.000 1.116560 0.814230 1.007332 0.903176
 944000.000 1.117722 0.775242 1.016905 0.929252
 944500.000 1.130153 0.795330 1.011487 0.948071
 945000.000 1.100671 0.753181 0.982970 0.943104
 945500.000 1.068606 0.731105 0.990652 0.876316
 946000.000 1.067625 0.750544 0.968392 0.882352
 946500.000 1.101843 0.756626 1.029266 0.892324
 947000.000 1.098591 0.779076 1.025583 0.868923
 947500.000 1.089232 0.754804 1.015551 0.878512
 948000.000 1.109066 0.772872 1.011753 0.916013
 948500.000 1.113287 0.745995 1.028160 0.930159
 949000.000 1.088272 0.775422 1.013760 0.860047
 949500.000 1.082659 0.804836 1.004053 0.829708
 950000.000 1.064937 0.775997 0.978318 0.841965
 950500.000 1.075256 0.780190 0.998460 0.840672
 951000.000 1.070730 0.758466 0.973720 0.877225
 951500.000 1.050562 0.747272 0.970654 0.840700
 952000.000 1.076878 0.807627 0.983340 0.836726
 952500.000 1.071502 0.772147 0.981783 0.857977
 953000.000 1.085381 0.743799 1.002983 0.892687
 953500.000 1.091590 0.774650 1.000039 0.884858
 954000.000 1.037630 0.738857 0.940621 0.850103
 954500.000 1.097397 0.802517 0.988973 0.886825
 955000.000 1.070105 0.760005 0.978045 0.869522
 955500.000 1.108862 0.843174 0.990591 0.875749
 956000.000 1.092057 0.835826 0.964501 0.869660
 956500.000 1.109691 0.829951 1.002126 0.877355
 957000.000 1.119537 0.854980 0.996027 0.885247
 957500.000 1.092669 0.801102 0.969661 0.897687
 958000.000 1.086828 0.787016 0.973469 0.891826
 958500.000 1.071798 0.770289 0.967118 0.876835
 959000.000 1.094102 0.813707 0.960475 0.899716
 959500.000 1.104423 0.847046 0.982842 0.869503
 960000.000 1.078297 0.775796 0.971660 0.882873
 960500.000 1.072218 0.785280 0.968834 0.862552
 961000.000 1.078773 0.770881 0.982260 0.876590
 961500.000 1.061742 0.773604 0.989933 0.822291
 962000.000 1.100358 0.858894 1.001458 0.825200
 962500.000 1.077461 0.842412 0.964760 0.825484
 963000.000 1.107119 0.848361 0.947682 0.913021
 963500.000 1.083990 0.785563 0.962172 0.898436
 964000.000 1.120973 0.790909 1.022716 0.917428
 964500.000 1.112204 0.826105 1.000036 0.889647
 965000.000 1.084647 0.784681 0.999390 0.859308
 965500.000 1.137088 0.774217 1.025390 0.967008
 966000.000 1.115260 0.820587 1.010949 0.890071
 966500.000 1.109708 0.792533 1.004000 0.909274
 967000.000 1.120271 0.815781 1.025503 0.890426
 967500.000 1.119879 0.847525 0.983447 0.907078
 968000.000 1.130621 0.824007 1.020197 0.914780
 968500.000 1.179769 0.834807 1.054238 0.987618
 969000.000 1.158551 0.891780 1.021341 0.919823
 969500.000 1.113667 0.820885 0.986172 0.913302
 970000.000 1.119006 0.795454 1.002747 0.930643
 970500.000 1.104942 0.810677 0.994216 0.892262
 971000.000 1.089400 0.790034 0.995095 0.871330
 971500.000 1.100984 0.826196 0.999401 0.861932
 972000.000 1.100029 0.850647 0.991464 0.844703
 972500.000 1.098260 0.808042 0.991891 0.880663
 973000.000 1.093019 0.828299 0.980165 0.861728
 973500.000 1.104275 0.821182 1.008538 0.864498
 974000.000 1.106488 0.785582 0.997441 0.914660
 974500.000 1.081893 0.814715 0.990784 0.834009
 975000.000 1.112448 0.832162 1.008248 0.875229
 975500.000 1.101156 0.825359 1.008282 0.852783
 976000.000 1.133940 0.822817 1.025690 0.917918
 976500.000 1.120486 0.848512 1.012735 0.874856
 977000.000 1.123138 0.830118 1.032546 0.876146
 977500.000 1.164053 0.808507 1.080581 0.942710
 978000.000 1.190604 0.837137 1.116655 0.941998
 978500.000 1.075427 0.735529 1.002591 0.875725
 979000.000 1.079440 0.706550 1.014597 0.895411
 979500.000 1.071182 0.739441 1.010893 0.852163
 980000.000 1.076142 0.747829 1.013792 0.853896
 980500.000 1.096708 0.723395 1.019570 0.917994
 981000.000 1.093957 0.706446 1.015852 0.928688
 981500.000 1.086469 0.711339 1.014448 0.908693
 982000.000 1.079689 0.732536 1.016915 0.872198
 982500.000 1.077781 0.712138 1.006892 0.895685
 983000.000 1.078466 0.709873 1.011560 0.893871
 983500.000 1.113023 0.712602 1.055137 0.925487
 984000.000 1.076120 0.695814 1.011111 0.899758
 984500.000 1.079778 0.709230 1.009380 0.899991
 985000.000 1.077664 0.729880 1.019935 0.865867
 985500.000 1.075555 0.705126 1.028712 0.870738
 986000.000 1.117084 0.716477 1.052333 0.935418
 986500.000 1.070159 0.673676 1.004639 0.909583
 987000.000 1.072799 0.706606 1.001878 0.893724
 987500.000 1.090807 0.659212 1.026606 0.944055
 988000.000 1.103526 0.767078 1.004625 0.915347
 988500.000 1.049492 0.650968 1.006349 0.875425
 989000.000 1.091706 0.660826 1.037553 0.932971
 989500.000 1.097177 0.701263 1.045262 0.907333
 990000.000 1.206892 0.806677 1.149447 0.970165
 990500.000 1.126844 0.708660 1.055604 0.960757
 991000.000 1.133709 0.697496 1.044284 0.996777
 991500.000 1.149321 0.740782 1.061486 0.983039
 992000.000 1.176509 0.648614 1.111147 1.054986
 992500.000 1.159526 0.680782 1.088061 1.020618
 993000.000 1.156055 0.660982 1.091994 1.021556
 993500.000 1.172751 0.619596 1.101807 1.073690
 994000.000 1.162269 0.656238 1.091601 1.038987
 994500.000 1.208555 0.665039 1.135147 1.091045
 995000.000 1.171711 0.664634 1.096293 1.049864
 995500.000 1.183419 0.704767 1.112191 1.033099
 996000.000 1.157737 0.735060 1.088019 0.978065
 996500.000 1.134581 0.690569 1.057889 0.989209
 997000.000 1.170779 0.728794 1.088684 1.012458
 997500.000 1.210761 0.707024 1.119387 1.085807
 998000.000 1.193950 0.751647 1.123820 1.011480
 998500.000 1.138626 0.726451 1.069373 0.960025
 999000.000 1.120029 0.713707 1.057264 0.939014
 999500.000 1.135694 0.705017 1.065941 0.972793
1000000.000 1.156853 0.663676 1.095653 1.017691
