 750000.000   27.213
 750500.000   28.253
 751000.000   27.367
 751500.000   27.236
 752000.000   27.472
 752500.000   27.811
 753000.000   27.546
 753500.000   28.419
 754000.000   28.085
 754500.000   26.948
 755000.000   27.624
 755500.000   26.551
 756000.000   27.821
 756500.000   28.320
 757000.000   28.044
 757500.000   27.215
 758000.000   27.674
 758500.000   27.414
 759000.000   28.315
 759500.000   26.789
 760000.000   27.278
 760500.000   26.930
 761000.000   26.954
 761500.000   27.847
 762000.000   27.857
 762500.000   26.775
 763000.000   28.501
 763500.000   27.450
 764000.000   28.469
 764500.000   28.173
 765000.000   27.506
 765500.000   27.747
 766000.000   27.737
 766500.000   28.435
 767000.000   27.965
 767500.000   27.989
 768000.000   28.668
 768500.000   28.030
 769000.000   28.329
 769500.000   27.059
 770000.000   28.409
 770500.000   27.779
 771000.000   29.711
 771500.000   28.259
 772000.000   28.475
 772500.000   28.871
 773000.000   28.205
 773500.000   27.373
 774000.000   28.372
 774500.000   27.036
 775000.000   27.998
 775500.000   28.633
 776000.000   28.432
 776500.000   28.002
 777000.000   29.519
 777500.000   28.739
 778000.000   28.822
 778500.000   28.181
 779000.000   28.023
 779500.000   27.628
 780000.000   27.882
 780500.000   27.164
 781000.000   27.433
 781500.000   27.921
 782000.000   28.247
 782500.000   28.016
 783000.000   28.446
 783500.000   28.079
 784000.000   28.305
 784500.000   28.907
 785000.000   28.630
 785500.000   29.421
 786000.000   28.517
 786500.000   27.769
 787000.000   28.125
 787500.000   29.391
 788000.000   29.964
 788500.000   28.795
 789000.000   28.916
 789500.000   28.717
 790000.000   28.338
 790500.000   28.726
 791000.000   29.305
 791500.000   28.849
 792000.000   28.158
 792500.000   29.031
 793000.000   28.327
 793500.000   27.385
 794000.000   27.759
 794500.000   29.002
 795000.000   28.644
 795500.000   28.478
 796000.000   27.560
 796500.000   27.926
 797000.000   27.495
 797500.000   28.166
 798000.000   27.777
 798500.000   27.586
 799000.000   29.313
 799500.000   27.859
 800000.000   29.195
 800500.000   28.436
 801000.000   29.676
 801500.000   28.317
 802000.000   28.557
 802500.000   28.571
 803000.000   29.346
 803500.000   28.726
 804000.000   28.309
 804500.000   29.028
 805000.000   28.042
 805500.000   27.652
 806000.000   27.869
 806500.000   28.205
 807000.000   28.554
 807500.000   28.111
 808000.000   27.648
 808500.000   28.015
 809000.000   28.909
 809500.000   28.987
 810000.000   27.734
 810500.000   28.685
 811000.000   27.580
 811500.000   28.205
 812000.000   28.055
 812500.000   27.731
 813000.000   28.511
 813500.000   27.816
 814000.000   28.743
 814500.000   28.142
 815000.000   27.645
 815500.000   28.043
 816000.000   28.138
 816500.000   27.297
 817000.000   27.502
 817500.000   27.371
 818000.000   27.212
 818500.000   27.587
 819000.000   28.099
 819500.000   28.686
 820000.000   28.144
 820500.000   29.238
 821000.000   27.536
 821500.000   29.086
 822000.000   29.023
 822500.000   29.238
 823000.000   28.773
 823500.000   28.621
 824000.000   26.931
 824500.000   27.731
 825000.000   28.098
 825500.000   28.458
 826000.000   28.188
 826500.000   28.343
 827000.000   28.285
 827500.000   28.462
 828000.000   29.202
 828500.000   28.777
 829000.000   28.820
 829500.000   28.232
 830000.000   28.214
 830500.000   27.225
 831000.000   27.712
 831500.000   27.914
 832000.000   26.978
 832500.000   27.432
 833000.000   28.889
 833500.000   27.909
 834000.000   27.334
 834500.000   27.883
 835000.000   28.297
 835500.000   27.521
 836000.000   27.472
 836500.000   27.844
 837000.000   28.265
 837500.000   28.467
 838000.000   28.813
 838500.000   28.450
 839000.000   28.250
 839500.000   26.742
 840000.000   27.265
 840500.000   27.447
 841000.000   27.271
 841500.000   26.826
 842000.000   26.917
 842500.000   27.304
 843000.000   27.427
 843500.000   27.463
 844000.000   27.831
 844500.000   26.716
 845000.000   27.575
 845500.000   27.140
 846000.000   26.403
 846500.000   26.894
 847000.000   26.382
 847500.000   26.914
 848000.000   26.672
 848500.000   26.603
 849000.000   25.672
 849500.000   26.624
 850000.000   26.874
 850500.000   27.289
 851000.000   27.143
 851500.000   27.116
 852000.000   27.898
 852500.000   27.074
 853000.000   26.260
 853500.000   26.152
 854000.000   26.101
 854500.000   25.327
 855000.000   26.907
 855500.000   27.244
 856000.000   27.476
 856500.000   26.608
 857000.000   26.578
 857500.000   27.304
 858000.000   26.309
 858500.000   26.694
 859000.000   26.313
 859500.000   27.141
 860000.000   27.158
 860500.000   27.057
 861000.000   26.925
 861500.000   26.776
 862000.000   26.865
 862500.000   27.409
 863000.000   27.538
 863500.000   26.896
 864000.000   26.175
 864500.000   26.824
 865000.000   27.292
 865500.000   25.612
 866000.000   27.252
 866500.000   26.921
 867000.000   26.764
 867500.000   26.463
 868000.000   26.800
 868500.000   26.211
 869000.000   27.017
 869500.000   27.350
 870000.000   26.540
 870500.000   26.937
 871000.000   27.108
 871500.000   27.075
 872000.000   26.178
 872500.000   27.081
 873000.000   27.833
 873500.000   27.694
 874000.000   27.328
 874500.000   27.805
 875000.000   27.937
 875500.000   27.615
 876000.000   27.365
 876500.000   28.161
 877000.000   27.842
 877500.000   26.962
 878000.000   27.986
 878500.000   27.107
 879000.000   27.282
 879500.000   27.377
 880000.000   27.277
 880500.000   27.843
 881000.000   26.597
 881500.000   28.606
 882000.000   27.751
 882500.000   27.124
 883000.000   27.262
 883500.000   28.491
 884000.000   27.867
 884500.000   26.843
 885000.000   27.554
 885500.000   27.662
 886000.000   27.659
 886500.000   26.661
 887000.000   27.928
 887500.000   27.635
 888000.000   27.051
 888500.000   28.085
 889000.000   28.142
 889500.000   27.484
 890000.000   28.275
 890500.000   27.850
 891000.000   28.359
 891500.000   27.669
 892000.000   27.353
 892500.000   26.914
 893000.000   27.781
 893500.000   26.357
 894000.000   26.978
 894500.000   27.552
 895000.000   26.610
 895500.000   26.759
 896000.000   26.389
 896500.000   26.939
 897000.000   26.569
 897500.000   26.500
 898000.000   28.254
 898500.000   27.165
 899000.000   26.790
 899500.000   27.660
 900000.000   27.543
 900500.000   27.390
 901000.000   26.753
 901500.000   27.711
 902000.000   26.780
 902500.000   27.462
 903000.000   27.547
 903500.000   27.569
 904000.000   27.381
 904500.000   28.596
 905000.000   27.854
 905500.000   28.161
 906000.000   28.299
 906500.000   28.470
 907000.000   28.428
 907500.000   28.031
 908000.000   28.031
 908500.000   28.274
 909000.000   29.268
 909500.000   28.786
 910000.000   28.773
 910500.000   28.526
 911000.000   28.498
 911500.000   28.080
 912000.000   26.775
 912500.000   28.158
 913000.000   27.975
 913500.000   28.752
 914000.000   29.406
 914500.000   28.356
 915000.000   29.228
 915500.000   28.062
 916000.000   26.996
 916500.000   27.589
 917000.000   29.309
 917500.000   26.843
 918000.000   28.574
 918500.000   28.040
 919000.000   28.466
 919500.000   28.100
 920000.000   28.416
 920500.000   27.587
 921000.000   27.398
 921500.000   27.737
 922000.000   26.023
 922500.000   27.448
 923000.000   27.216
 923500.000   27.018
 924000.000   25.962
 924500.000   26.916
 925000.000   26.577
 925500.000   27.342
 926000.000   27.720
 926500.000   28.217
 927000.000   27.042
 927500.000   26.961
 928000.000   26.598
 928500.000   27.641
 929000.000   27.388
 929500.000   26.929
 930000.000   27.694
 930500.000   27.936
 931000.000   28.445
 931500.000   27.338
 932000.000   27.162
 932500.000   26.490
 933000.000   27.885
 933500.000   26.858
 934000.000   27.759
 934500.000   26.739
 935000.000   27.933
 935500.000   27.508
 936000.000   27.860
 936500.000   27.999
 937000.000   27.108
 937500.000   26.867
 938000.000   26.286
 938500.000   26.563
 939000.000   26.961
 939500.000   26.577
 940000.000   27.695
 940500.000   26.288
 941000.000   25.876
 941500.000   26.337
 942000.000   25.964
 942500.000   27.474
 943000.000   26.885
 943500.000   27.051
 944000.000   28.766
 944500.000   27.322
 945000.000   27.355
 945500.000   27.415
 946000.000   28.178
 946500.000   28.131
 947000.000   27.647
 947500.000   26.624
 948000.000   26.916
 948500.000   26.219
 949000.000   26.640
 949500.000   27.361
 950000.000   29.372
 950500.000   27.464
 951000.000   26.859
 951500.000   27.757
 952000.000   28.048
 952500.000   27.768
 953000.000   28.299
 953500.000   26.543
 954000.000   27.834
 954500.000   27.990
 955000.000   26.851
 955500.000   26.848
 956000.000   26.739
 956500.000   27.773
 957000.000   27.753
 957500.000   27.556
 958000.000   26.505
 958500.000   28.984
 959000.000   28.002
 959500.000   28.804
 960000.000   27.937
 960500.000   28.614
 961000.000   28.151
 961500.000   28.731
 962000.000   27.643
 962500.000   27.521
 963000.000   27.786
 963500.000   28.799
 964000.000   29.334
 964500.000   29.197
 965000.000   27.635
 965500.000   28.243
 966000.000   27.823
 966500.000   28.508
 967000.000   28.508
 967500.000   26.867
 968000.000   29.068
 968500.000   27.338
 969000.000   27.226
 969500.000   28.132
 970000.000   27.952
 970500.000   28.800
 971000.000   29.141
 971500.000   28.100
 972000.000   26.751
 972500.000   27.349
 973000.000   27.257
 973500.000   27.295
 974000.000   28.120
 974500.000   28.488
 975000.000   27.750
 975500.000   28.082
 976000.000   28.703
 976500.000   27.943
 977000.000   29.146
 977500.000   28.635
 978000.000   28.762
 978500.000   28.072
 979000.000   30.172
 979500.000   28.976
 980000.000   28.953
 980500.000   28.644
 981000.000   29.418
 981500.000   29.810
 982000.000   29.500
 982500.000   28.746
 983000.000   28.047
 983500.000   29.169
 984000.000   27.964
 984500.000   27.724
 985000.000   27.256
 985500.000   27.763
 986000.000   28.742
 986500.000   28.881
 987000.000   28.866
 987500.000   28.469
 988000.000   27.494
 988500.000   27.966
 989000.000   27.810
 989500.000   27.411
 990000.000   28.021
 990500.000   28.078
 991000.000   27.913
 991500.000   28.251
 992000.000   28.312
 992500.000   28.254
 993000.000   29.432
 993500.000   28.895
 994000.000   28.180
 994500.000   27.752
 995000.000   28.510
 995500.000   28.159
 996000.000   29.004
 996500.000   27.370
 997000.000   27.966
 997500.000   28.010
 998000.000   27.503
 998500.000   28.839
 999000.000   27.824
 999500.000   28.164
1000000.000   27.226
