TRP_lipid
""
WAVELENGTH	FLUORESCENCE
300.0	123.12723541259766
300.5	129.41671752929688
301.0	136.58871459960938
301.5	143.0665283203125
302.0	152.70037841796875
302.5	163.60487365722656
303.0	173.6853790283203
303.5	185.4087371826172
304.0	196.7491455078125
304.5	209.44155883789062
305.0	223.5873565673828
305.5	235.2252197265625
306.0	250.8158721923828
306.5	263.30621337890625
307.0	279.97747802734375
307.5	293.0412902832031
308.0	311.6313171386719
308.5	329.10723876953125
309.0	345.321044921875
309.5	363.4743957519531
310.0	380.79376220703125
310.5	398.3704528808594
311.0	418.2458801269531
311.5	436.8685607910156
312.0	457.5275573730469
312.5	476.9613037109375
313.0	499.01995849609375
313.5	519.7724609375
314.0	543.2528686523438
314.5	569.2017211914062
315.0	589.33837890625
315.5	615.9861450195312
316.0	636.4754638671875
316.5	664.5782470703125
317.0	690.4187622070312
317.5	714.2842407226562
318.0	738.1126708984375
318.5	764.9695434570312
319.0	789.9290771484375
319.5	817.9878540039062
320.0	843.6731567382812
320.5	872.1530151367188
321.0	903.7510375976562
321.5	928.10693359375
322.0	960.4013061523438
322.5	985.3802490234375
323.0	1018.8743896484375
323.5	1050.3277587890625
324.0	1078.4906005859375
324.5	1107.187255859375
325.0	1139.2152099609375
325.5	1168.5504150390625
326.0	1200.07861328125
326.5	1228.959716796875
327.0	1261.0863037109375
327.5	1295.7401123046875
328.0	1321.47509765625
328.5	1356.60498046875
329.0	1382.32373046875
329.5	1416.293701171875
330.0	1444.7481689453125
330.5	1476.159912109375
331.0	1504.30810546875
331.5	1535.1571044921875
332.0	1562.1885986328125
332.5	1591.5577392578125
333.0	1623.65576171875
333.5	1647.6497802734375
334.0	1679.6627197265625
334.5	1705.1993408203125
335.0	1733.1710205078125
335.5	1757.643310546875
336.0	1785.01806640625
336.5	1808.7994384765625
337.0	1834.513671875
337.5	1861.8681640625
338.0	1882.3302001953125
338.5	1909.0018310546875
339.0	1931.2098388671875
339.5	1954.4293212890625
340.0	1974.50341796875
340.5	1995.756591796875
341.0	2014.916259765625
341.5	2035.4586181640625
342.0	2056.8759765625
342.5	2072.087890625
343.0	2091.597900390625
343.5	2107.094970703125
344.0	2124.299072265625
344.5	2139.45263671875
345.0	2154.927978515625
345.5	2168.654052734375
346.0	2183.3212890625
346.5	2196.528076171875
347.0	2208.308349609375
347.5	2220.550048828125
348.0	2230.729248046875
348.5	2241.718505859375
349.0	2251.173095703125
349.5	2260.11669921875
350.0	2270.017822265625
350.5	2277.592041015625
351.0	2285.058837890625
351.5	2291.050537109375
352.0	2296.552734375
352.5	2301.491943359375
353.0	2306.374267578125
353.5	2310.60205078125
354.0	2314.209228515625
354.5	2317.677001953125
355.0	2319.869873046875
355.5	2321.967041015625
356.0	2322.716552734375
356.5	2322.661376953125
357.0	2321.88818359375
357.5	2322.05078125
358.0	2320.959716796875
358.5	2319.68017578125
359.0	2317.9052734375
359.5	2314.72314453125
360.0	2312.234375
360.5	2309.02294921875
361.0	2305.0400390625
361.5	2300.451171875
362.0	2294.575439453125
362.5	2288.4638671875
363.0	2282.060546875
363.5	2275.88623046875
364.0	2267.424072265625
364.5	2260.607421875
365.0	2250.9111328125
365.5	2241.71630859375
366.0	2232.83740234375
366.5	2221.890625
367.0	2211.72607421875
367.5	2200.233154296875
368.0	2187.77490234375
368.5	2176.456298828125
369.0	2163.786865234375
369.5	2152.396728515625
370.0	2138.5498046875
370.5	2125.285400390625
371.0	2109.611083984375
371.5	2094.4345703125
372.0	2080.5390625
372.5	2064.943115234375
373.0	2050.16845703125
373.5	2031.944580078125
374.0	2014.7786865234375
374.5	1999.26171875
375.0	1981.5274658203125
375.5	1964.8392333984375
376.0	1944.51953125
376.5	1925.7498779296875
377.0	1908.704345703125
377.5	1889.66796875
378.0	1871.95361328125
378.5	1850.2391357421875
379.0	1830.5439453125
379.5	1811.739501953125
380.0	1792.114013671875
380.5	1774.4642333984375
381.0	1751.815185546875
381.5	1731.67431640625
382.0	1713.2890625
382.5	1692.720458984375
383.0	1674.052734375
383.5	1651.3870849609375
384.0	1630.952392578125
384.5	1612.06396484375
385.0	1590.9415283203125
385.5	1571.80078125
386.0	1548.8734130859375
386.5	1527.427734375
387.0	1507.8480224609375
387.5	1486.7120361328125
388.0	1467.693359375
388.5	1444.7349853515625
389.0	1423.9267578125
389.5	1404.5355224609375
390.0	1381.8194580078125
390.5	1364.9017333984375
391.0	1342.2403564453125
391.5	1321.9180908203125
392.0	1303.895263671875
392.5	1281.9554443359375
393.0	1265.4219970703125
393.5	1244.38916015625
394.0	1224.6663818359375
394.5	1206.6912841796875
395.0	1185.437255859375
395.5	1165.48486328125
396.0	1147.6422119140625
396.5	1127.0010986328125
397.0	1111.7894287109375
397.5	1091.9224853515625
398.0	1072.8170166015625
398.5	1056.066650390625
399.0	1036.0672607421875
399.5	1017.90478515625
400.0	1001.9413452148438
400.5	985.985595703125
401.0	969.0791015625
401.5	950.3213500976562
402.0	933.294677734375
402.5	918.1848754882812
403.0	900.039794921875
403.5	883.6986083984375
404.0	869.6986694335938
404.5	855.1356201171875
405.0	839.4954833984375
405.5	822.8734741210938
406.0	809.5096435546875
406.5	794.468505859375
407.0	778.3096313476562
407.5	764.2510986328125
408.0	751.21826171875
408.5	735.9461669921875
409.0	724.5756225585938
409.5	709.3814697265625
410.0	697.182373046875
410.5	683.8036499023438
411.0	669.39013671875
411.5	657.6566162109375
412.0	645.0604248046875
412.5	631.480224609375
413.0	619.5083618164062
413.5	608.782958984375
414.0	595.8756103515625
414.5	586.290771484375
415.0	573.6104736328125
415.5	563.4398803710938
416.0	552.21533203125
416.5	540.7296142578125
417.0	531.12060546875
417.5	520.824462890625
418.0	509.63250732421875
418.5	500.3245849609375
419.0	489.97833251953125
419.5	479.05078125
420.0	469.5362243652344
420.5	461.12225341796875
421.0	450.65264892578125
421.5	443.0970153808594
422.0	433.3352355957031
422.5	423.6182556152344
423.0	416.7153625488281
423.5	406.9545593261719
424.0	399.2447204589844
424.5	390.6415710449219
425.0	381.6198425292969
425.5	374.2169189453125
426.0	366.4961242675781
426.5	358.04248046875
427.0	351.106201171875
427.5	343.7112731933594
428.0	335.9097900390625
428.5	329.61480712890625
429.0	322.60699462890625
429.5	315.06756591796875
430.0	308.8734130859375
430.5	302.1230773925781
431.0	295.2740478515625
431.5	289.6605529785156
432.0	283.72637939453125
432.5	277.2638244628906
433.0	272.009521484375
433.5	266.2787780761719
434.0	259.93701171875
434.5	254.760009765625
435.0	249.0617218017578
435.5	243.08203125
436.0	238.48448181152344
436.5	233.6831817626953
437.0	228.32131958007812
437.5	223.8732452392578
438.0	218.94064331054688
438.5	213.99476623535156
439.0	209.99961853027344
439.5	205.5706787109375
440.0	200.64471435546875
440.5	196.57090759277344
441.0	192.60548400878906
441.5	187.95721435546875
442.0	184.56243896484375
442.5	180.7072296142578
443.0	177.00460815429688
443.5	173.5300750732422
444.0	169.93711853027344
444.5	166.19947814941406
445.0	162.35189819335938
445.5	159.1875
446.0	155.75244140625
446.5	151.954833984375
447.0	149.1573486328125
447.5	145.8487091064453
448.0	142.4651641845703
448.5	139.75437927246094
449.0	136.6850128173828
449.5	133.41317749023438
450.0	130.85507202148438
