 750000.000    5.933  694.375
 750500.000    5.965  690.701
 751000.000    5.656  728.408
 751500.000    5.803  709.915
 752000.000    5.798  710.514
 752500.000    5.906  697.544
 753000.000    5.906  697.539
 753500.000    5.984  688.510
 754000.000    5.932  694.482
 754500.000    6.030  683.231
 755000.000    5.758  715.470
 755500.000    5.898  698.502
 756000.000    5.726  719.428
 756500.000    5.662  727.679
 757000.000    5.966  690.495
 757500.000    5.888  699.711
 758000.000    6.101  675.312
 758500.000    6.096  675.791
 759000.000    5.892  699.174
 759500.000    5.923  695.559
 760000.000    5.805  709.664
 760500.000    5.776  713.251
 761000.000    5.814  708.573
 761500.000    5.905  697.623
 762000.000    5.892  699.232
 762500.000    5.875  701.200
 763000.000    5.693  723.656
 763500.000    5.835  706.047
 764000.000    5.828  706.883
 764500.000    5.792  711.311
 765000.000    5.911  696.920
 765500.000    5.972  689.869
 766000.000    5.805  709.732
 766500.000    5.595  736.374
 767000.000    5.577  738.681
 767500.000    5.869  701.987
 768000.000    5.994  687.288
 768500.000    5.761  715.089
 769000.000    5.837  705.768
 769500.000    5.783  712.422
 770000.000    5.744  717.267
 770500.000    5.929  694.872
 771000.000    5.832  706.364
 771500.000    5.733  718.563
 772000.000    5.941  693.438
 772500.000    5.736  718.174
 773000.000    5.752  716.229
 773500.000    5.927  695.145
 774000.000    5.762  715.030
 774500.000    5.963  690.898
 775000.000    5.853  703.846
 775500.000    5.795  710.916
 776000.000    5.972  689.829
 776500.000    5.979  689.030
 777000.000    5.761  715.141
 777500.000    5.890  699.426
 778000.000    5.720  720.185
 778500.000    5.938  693.786
 779000.000    5.907  697.478
 779500.000    5.840  705.474
 780000.000    5.730  718.971
 780500.000    5.927  695.147
 781000.000    5.849  704.403
 781500.000    5.965  690.674
 782000.000    5.920  695.962
 782500.000    5.895  698.837
 783000.000    5.845  704.856
 783500.000    6.060  679.781
 784000.000    6.054  680.459
 784500.000    5.865  702.480
 785000.000    6.125  672.664
 785500.000    5.918  696.106
 786000.000    6.059  679.974
 786500.000    6.207  663.729
 787000.000    5.884  700.144
 787500.000    5.740  717.751
 788000.000    6.013  685.140
 788500.000    5.825  707.316
 789000.000    5.913  696.783
 789500.000    5.885  700.091
 790000.000    5.982  688.748
 790500.000    6.010  685.483
 791000.000    5.914  696.633
 791500.000    5.896  698.779
 792000.000    5.977  689.249
 792500.000    6.111  674.118
 793000.000    5.940  693.594
 793500.000    5.858  703.273
 794000.000    5.943  693.236
 794500.000    5.812  708.903
 795000.000    5.807  709.459
 795500.000    5.927  695.086
 796000.000    5.919  696.033
 796500.000    5.934  694.257
 797000.000    6.020  684.382
 797500.000    5.725  719.632
 798000.000    5.945  693.023
 798500.000    6.010  685.446
 799000.000    6.018  684.566
 799500.000    5.981  688.867
 800000.000    5.690  724.103
 800500.000    5.741  717.622
 801000.000    6.079  677.656
 801500.000    5.915  696.480
 802000.000    5.835  706.019
 802500.000    5.860  703.086
 803000.000    5.833  706.307
 803500.000    5.765  714.590
 804000.000    5.744  717.286
 804500.000    6.055  680.377
 805000.000    5.797  710.736
 805500.000    6.056  680.243
 806000.000    5.849  704.331
 806500.000    6.009  685.590
 807000.000    5.836  705.931
 807500.000    5.991  687.619
 808000.000    5.962  691.033
 808500.000    5.782  712.499
 809000.000    5.547  742.744
 809500.000    5.813  708.732
 810000.000    5.783  712.448
 810500.000    5.726  719.532
 811000.000    5.759  715.346
 811500.000    6.116  673.561
 812000.000    5.992  687.503
 812500.000    5.793  711.203
 813000.000    5.704  722.203
 813500.000    6.025  683.766
 814000.000    5.721  720.085
 814500.000    5.887  699.810
 815000.000    5.849  704.418
 815500.000    5.983  688.594
 816000.000    5.825  707.206
 816500.000    5.817  708.214
 817000.000    5.858  703.232
 817500.000    5.813  708.727
 818000.000    5.971  689.918
 818500.000    5.767  714.350
 819000.000    5.700  722.794
 819500.000    5.749  716.604
 820000.000    5.798  710.550
 820500.000    5.708  721.772
 821000.000    5.825  707.230
 821500.000    5.751  716.363
 822000.000    5.866  702.291
 822500.000    5.852  703.995
 823000.000    5.807  709.397
 823500.000    5.888  699.668
 824000.000    6.006  685.979
 824500.000    5.691  723.939
 825000.000    5.803  709.912
 825500.000    5.949  692.526
 826000.000    5.912  696.846
 826500.000    5.788  711.769
 827000.000    5.741  717.569
 827500.000    5.744  717.229
 828000.000    5.935  694.124
 828500.000    5.931  694.579
 829000.000    5.922  695.681
 829500.000    5.857  703.366
 830000.000    5.903  697.926
 830500.000    5.710  721.560
 831000.000    5.702  722.570
 831500.000    5.676  725.838
 832000.000    5.701  722.613
 832500.000    6.034  682.727
 833000.000    5.728  719.186
 833500.000    5.981  688.834
 834000.000    5.619  733.136
 834500.000    5.808  709.280
 835000.000    5.767  714.361
 835500.000    5.803  710.002
 836000.000    5.911  696.930
 836500.000    5.805  709.694
 837000.000    5.874  701.362
 837500.000    5.861  702.917
 838000.000    5.777  713.125
 838500.000    5.937  693.960
 839000.000    5.878  700.916
 839500.000    5.906  697.611
 840000.000    6.017  684.654
 840500.000    6.014  684.997
 841000.000    5.729  719.138
 841500.000    5.793  711.198
 842000.000    5.861  702.967
 842500.000    5.907  697.398
 843000.000    5.811  708.936
 843500.000    5.943  693.208
 844000.000    5.721  720.125
 844500.000    6.011  685.336
 845000.000    5.921  695.756
 845500.000    6.031  683.065
 846000.000    5.907  697.388
 846500.000    5.909  697.208
 847000.000    5.828  706.910
 847500.000    5.958  691.513
 848000.000    5.819  708.034
 848500.000    5.784  712.244
 849000.000    5.917  696.313
 849500.000    5.711  721.335
 850000.000    5.876  701.065
 850500.000    5.779  712.850
 851000.000    5.872  701.622
 851500.000    5.838  705.738
 852000.000    5.684  724.768
 852500.000    5.595  736.307
 853000.000    5.872  701.615
 853500.000    5.690  724.018
 854000.000    5.962  691.067
 854500.000    5.889  699.634
 855000.000    6.113  673.983
 855500.000    5.914  696.596
 856000.000    6.062  679.567
 856500.000    5.761  715.131
 857000.000    5.992  687.586
 857500.000    5.781  712.671
 858000.000    5.784  712.230
 858500.000    5.758  715.533
 859000.000    5.737  718.073
 859500.000    5.731  718.804
 860000.000    5.817  708.270
 860500.000    5.889  699.631
 861000.000    5.909  697.193
 861500.000    5.873  701.482
 862000.000    5.811  708.910
 862500.000    6.087  676.870
 863000.000    5.761  715.147
 863500.000    5.774  713.550
 864000.000    5.835  706.076
 864500.000    6.156  669.201
 865000.000    6.042  681.899
 865500.000    5.778  713.047
 866000.000    5.834  706.170
 866500.000    5.744  717.297
 867000.000    5.969  690.169
 867500.000    5.928  695.024
 868000.000    5.817  708.272
 868500.000    6.056  680.261
 869000.000    6.108  674.508
 869500.000    5.930  694.693
 870000.000    5.829  706.737
 870500.000    5.881  700.530
 871000.000    5.763  714.828
 871500.000    5.811  709.009
 872000.000    5.890  699.414
 872500.000    5.934  694.213
 873000.000    5.981  688.848
 873500.000    5.988  688.015
 874000.000    5.963  690.887
 874500.000    5.780  712.819
 875000.000    5.614  733.859
 875500.000    5.930  694.777
 876000.000    5.732  718.703
 876500.000    5.657  728.252
 877000.000    5.773  713.691
 877500.000    5.592  736.775
 878000.000    5.944  693.124
 878500.000    6.018  684.560
 879000.000    6.061  679.692
 879500.000    5.761  715.081
 880000.000    5.651  728.983
 880500.000    5.632  731.559
 881000.000    5.714  721.007
 881500.000    5.832  706.371
 882000.000    6.077  677.902
 882500.000    5.913  696.785
 883000.000    5.767  714.380
 883500.000    5.896  698.747
 884000.000    5.924  695.446
 884500.000    5.846  704.769
 885000.000    5.702  722.530
 885500.000    5.921  695.811
 886000.000    5.871  701.761
 886500.000    5.881  700.514
 887000.000    5.643  730.021
 887500.000    5.878  700.920
 888000.000    5.748  716.761
 888500.000    5.930  694.789
 889000.000    5.682  725.093
 889500.000    5.686  724.557
 890000.000    5.969  690.143
 890500.000    6.113  673.924
 891000.000    6.088  676.725
 891500.000    5.862  702.824
 892000.000    5.839  705.570
 892500.000    5.931  694.609
 893000.000    5.785  712.183
 893500.000    5.879  700.766
 894000.000    5.820  707.894
 894500.000    5.928  695.002
 895000.000    6.013  685.152
 895500.000    5.852  704.005
 896000.000    5.863  702.650
 896500.000    5.725  719.665
 897000.000    5.928  694.964
 897500.000    5.824  707.376
 898000.000    5.790  711.530
 898500.000    5.946  692.889
 899000.000    5.892  699.226
 899500.000    5.963  690.837
 900000.000    5.935  694.179
 900500.000    5.760  715.194
 901000.000    5.748  716.676
 901500.000    5.846  704.716
 902000.000    5.783  712.368
 902500.000    5.764  714.782
 903000.000    5.845  704.829
 903500.000    5.709  721.675
 904000.000    5.948  692.601
 904500.000    5.834  706.119
 905000.000    5.853  703.874
 905500.000    5.902  698.079
 906000.000    5.801  710.202
 906500.000    5.650  729.193
 907000.000    5.572  739.346
 907500.000    5.771  713.890
 908000.000    5.775  713.439
 908500.000    6.050  680.996
 909000.000    5.828  706.919
 909500.000    5.745  717.063
 910000.000    5.837  705.780
 910500.000    6.021  684.250
 911000.000    5.956  691.698
 911500.000    5.855  703.656
 912000.000    5.977  689.232
 912500.000    5.967  690.405
 913000.000    5.753  716.059
 913500.000    5.980  688.965
 914000.000    5.932  694.462
 914500.000    5.926  695.183
 915000.000    5.840  705.386
 915500.000    6.050  681.013
 916000.000    6.083  677.282
 916500.000    5.880  700.597
 917000.000    6.120  673.123
 917500.000    6.187  665.927
 918000.000    6.186  665.972
 918500.000    5.905  697.726
 919000.000    5.744  717.201
 919500.000    6.030  683.166
 920000.000    6.206  663.793
 920500.000    6.005  686.043
 921000.000    5.862  702.814
 921500.000    5.939  693.690
 922000.000    5.811  708.961
 922500.000    6.148  670.122
 923000.000    6.049  681.045
 923500.000    5.888  699.637
 924000.000    5.975  689.503
 924500.000    5.966  690.537
 925000.000    5.916  696.426
 925500.000    5.939  693.648
 926000.000    6.199  664.570
 926500.000    5.939  693.656
 927000.000    5.879  700.753
 927500.000    6.170  667.736
 928000.000    5.914  696.641
 928500.000    6.015  684.958
 929000.000    5.850  704.265
 929500.000    5.935  694.195
 930000.000    5.762  715.038
 930500.000    6.032  682.949
 931000.000    6.048  681.153
 931500.000    5.937  693.950
 932000.000    5.951  692.311
 932500.000    6.002  686.453
 933000.000    6.076  678.099
 933500.000    5.802  710.091
 934000.000    5.844  704.933
 934500.000    6.136  671.413
 935000.000    5.632  731.518
 935500.000    5.953  692.078
 936000.000    5.918  696.143
 936500.000    5.911  696.950
 937000.000    5.949  692.565
 937500.000    5.965  690.632
 938000.000    5.849  704.390
 938500.000    5.945  692.989
 939000.000    5.983  688.531
 939500.000    5.873  701.491
 940000.000    5.851  704.105
 940500.000    5.975  689.495
 941000.000    6.021  684.210
 941500.000    5.818  708.053
 942000.000    6.005  686.118
 942500.000    6.086  676.974
 943000.000    5.926  695.241
 943500.000    5.956  691.662
 944000.000    5.916  696.329
 944500.000    5.974  689.653
 945000.000    6.023  684.063
 945500.000    5.887  699.800
 946000.000    6.088  676.746
 946500.000    5.910  697.093
 947000.000    5.963  690.848
 947500.000    5.799  710.400
 948000.000    5.798  710.537
 948500.000    6.021  684.252
 949000.000    6.033  682.917
 949500.000    5.911  696.944
 950000.000    5.981  688.865
 950500.000    5.948  692.667
 951000.000    5.699  722.957
 951500.000    5.824  707.396
 952000.000    5.789  711.643
 952500.000    5.840  705.455
 953000.000    6.090  676.513
 953500.000    5.985  688.305
 954000.000    5.870  701.856
 954500.000    6.011  685.333
 955000.000    5.870  701.863
 955500.000    6.046  681.400
 956000.000    5.775  713.406
 956500.000    5.918  696.148
 957000.000    5.898  698.540
 957500.000    5.865  702.479
 958000.000    5.900  698.297
 958500.000    5.966  690.504
 959000.000    5.847  704.589
 959500.000    5.831  706.588
 960000.000    5.916  696.396
 960500.000    5.910  697.056
 961000.000    5.851  704.107
 961500.000    6.025  683.830
 962000.000    5.906  697.594
 962500.000    5.777  713.191
 963000.000    5.833  706.252
 963500.000    5.839  705.592
 964000.000    5.927  695.123
 964500.000    5.942  693.388
 965000.000    5.968  690.327
 965500.000    5.855  703.618
 966000.000    5.886  699.917
 966500.000    5.930  694.751
 967000.000    5.788  711.727
 967500.000    5.760  715.283
 968000.000    5.990  687.834
 968500.000    5.998  686.845
 969000.000    6.082  677.388
 969500.000    5.838  705.720
 970000.000    5.837  705.779
 970500.000    5.961  691.181
 971000.000    5.920  695.939
 971500.000    5.862  702.848
 972000.000    5.932  694.462
 972500.000    5.935  694.124
 973000.000    5.985  688.370
 973500.000    6.071  678.608
 974000.000    6.031  683.083
 974500.000    5.997  687.029
 975000.000    6.209  663.540
 975500.000    6.146  670.323
 976000.000    5.976  689.408
 976500.000    5.992  687.551
 977000.000    6.067  678.995
 977500.000    5.852  704.048
 978000.000    5.967  690.374
 978500.000    5.690  724.042
 979000.000    6.053  680.667
 979500.000    5.928  694.917
 980000.000    6.042  681.915
 980500.000    6.038  682.299
 981000.000    5.782  712.533
 981500.000    5.980  688.888
 982000.000    6.019  684.434
 982500.000    5.876  701.112
 983000.000    5.716  720.725
 983500.000    5.953  692.012
 984000.000    5.948  692.630
 984500.000    5.897  698.617
 985000.000    6.012  685.208
 985500.000    6.208  663.665
 986000.000    6.098  675.598
 986500.000    6.288  655.154
 987000.000    6.031  683.118
 987500.000    5.988  688.037
 988000.000    6.111  674.119
 988500.000    5.923  695.514
 989000.000    6.169  667.875
 989500.000    6.215  662.827
 990000.000    5.875  701.200
 990500.000    6.121  673.009
 991000.000    6.219  662.479
 991500.000    6.156  669.251
 992000.000    5.818  708.170
 992500.000    6.055  680.348
 993000.000    5.911  697.029
 993500.000    5.973  689.722
 994000.000    5.889  699.517
 994500.000    6.000  686.621
 995000.000    6.041  682.017
 995500.000    5.974  689.664
 996000.000    5.762  715.005
 996500.000    6.043  681.755
 997000.000    6.173  667.341
 997500.000    6.273  656.726
 998000.000    6.386  645.138
 998500.000    6.161  668.665
 999000.000    6.031  683.144
 999500.000    6.136  671.424
1000000.000    6.093  676.176
