BFII_nolipid
""
WAVELENGTH	FLUORESCENCE
300.0	79.5227279663086
300.5	85.31584930419922
301.0	91.64193725585938
301.5	97.59161376953125
302.0	104.19832611083984
302.5	113.89107513427734
303.0	123.46546936035156
303.5	134.51336669921875
304.0	145.13577270507812
304.5	157.1588592529297
305.0	170.94473266601562
305.5	181.76609802246094
306.0	196.70574951171875
306.5	208.57884216308594
307.0	225.1040802001953
307.5	237.7223358154297
308.0	255.58822631835938
308.5	272.893798828125
309.0	288.9209289550781
309.5	307.45587158203125
310.0	324.9771423339844
310.5	342.98028564453125
311.0	363.4032897949219
311.5	383.0962219238281
312.0	405.5969543457031
312.5	426.2701721191406
313.0	449.8938903808594
313.5	471.88458251953125
314.0	496.28289794921875
314.5	524.416015625
315.0	546.1141357421875
315.5	574.495849609375
316.0	596.5879516601562
316.5	626.4862670898438
317.0	654.348876953125
317.5	680.210205078125
318.0	706.5930786132812
318.5	735.8187255859375
319.0	762.8862915039062
319.5	793.2453002929688
320.0	820.8414306640625
320.5	851.654052734375
321.0	885.7271728515625
321.5	912.0143432617188
322.0	947.1284790039062
322.5	973.97509765625
323.0	1010.476318359375
323.5	1043.930419921875
324.0	1074.9168701171875
324.5	1105.6707763671875
325.0	1139.94921875
325.5	1171.130126953125
326.0	1205.550048828125
326.5	1236.379150390625
327.0	1270.95654296875
327.5	1308.930908203125
328.0	1337.447509765625
328.5	1374.876220703125
329.0	1403.5042724609375
329.5	1440.247314453125
330.0	1470.2454833984375
330.5	1504.3717041015625
331.0	1534.369140625
331.5	1566.89013671875
332.0	1596.9637451171875
332.5	1629.176513671875
333.0	1663.706298828125
333.5	1690.016845703125
334.0	1724.5457763671875
334.5	1752.4991455078125
335.0	1783.259765625
335.5	1809.6539306640625
336.0	1838.4248046875
336.5	1864.0020751953125
337.0	1891.64990234375
337.5	1920.8719482421875
338.0	1942.0728759765625
338.5	1970.06787109375
339.0	1993.4627685546875
339.5	2017.783935546875
340.0	2039.09765625
340.5	2062.044189453125
341.0	2082.236083984375
341.5	2103.493896484375
342.0	2125.616943359375
342.5	2142.258056640625
343.0	2162.777587890625
343.5	2179.63720703125
344.0	2197.290771484375
344.5	2213.082275390625
345.0	2228.95849609375
345.5	2242.716552734375
346.0	2256.92626953125
346.5	2271.663330078125
347.0	2283.020751953125
347.5	2295.372314453125
348.0	2305.513427734375
348.5	2315.66552734375
349.0	2324.2626953125
349.5	2333.42138671875
350.0	2343.127685546875
350.5	2349.512451171875
351.0	2356.3291015625
351.5	2361.7099609375
352.0	2366.448974609375
352.5	2369.96533203125
353.0	2373.4853515625
353.5	2376.061767578125
354.0	2378.363037109375
354.5	2380.324462890625
355.0	2381.536865234375
355.5	2382.4638671875
356.0	2382.443115234375
356.5	2381.62451171875
357.0	2379.464599609375
357.5	2378.464111328125
358.0	2375.948486328125
358.5	2372.910888671875
359.0	2368.98583984375
359.5	2364.7421875
360.0	2360.2548828125
360.5	2354.704345703125
361.0	2349.18896484375
361.5	2341.438720703125
362.0	2333.988525390625
362.5	2326.35693359375
363.0	2318.762939453125
363.5	2310.873779296875
364.0	2301.474365234375
364.5	2292.503173828125
365.0	2281.07373046875
365.5	2270.0947265625
366.0	2260.488037109375
366.5	2248.792236328125
367.0	2237.690185546875
367.5	2223.89892578125
368.0	2209.96630859375
368.5	2197.825439453125
369.0	2182.54541015625
369.5	2168.194091796875
370.0	2152.244873046875
370.5	2138.26416015625
371.0	2120.255615234375
371.5	2103.84521484375
372.0	2089.1103515625
372.5	2071.486083984375
373.0	2055.361083984375
373.5	2035.662109375
374.0	2017.1998291015625
374.5	2000.1993408203125
375.0	1980.7413330078125
375.5	1962.582763671875
376.0	1940.354736328125
376.5	1920.1026611328125
377.0	1901.1055908203125
377.5	1880.4642333984375
378.0	1861.43212890625
378.5	1838.7296142578125
379.0	1817.863525390625
379.5	1798.3154296875
380.0	1777.4403076171875
380.5	1757.5250244140625
381.0	1733.0947265625
381.5	1711.5721435546875
382.0	1691.573486328125
382.5	1669.6839599609375
383.0	1650.0140380859375
383.5	1626.3416748046875
384.0	1603.4073486328125
384.5	1582.732177734375
385.0	1561.2061767578125
385.5	1541.1048583984375
386.0	1516.6390380859375
386.5	1494.5948486328125
387.0	1474.8836669921875
387.5	1453.4825439453125
388.0	1434.083984375
388.5	1410.0399169921875
389.0	1388.7374267578125
389.5	1368.6680908203125
390.0	1345.0615234375
390.5	1327.3592529296875
391.0	1303.5498046875
391.5	1282.74072265625
392.0	1263.802001953125
392.5	1240.9315185546875
393.0	1224.0234375
393.5	1202.6080322265625
394.0	1182.4765625
394.5	1164.6839599609375
395.0	1143.3099365234375
395.5	1123.746337890625
396.0	1105.6717529296875
396.5	1084.4381103515625
397.0	1069.0946044921875
397.5	1048.130615234375
398.0	1029.6785888671875
398.5	1013.2127075195312
399.0	993.9342651367188
399.5	975.6934814453125
400.0	959.2359619140625
400.5	942.7626342773438
401.0	924.927978515625
401.5	906.1953735351562
402.0	889.502197265625
402.5	874.2207641601562
403.0	855.7626342773438
403.5	839.443115234375
404.0	824.9571533203125
404.5	810.281982421875
405.0	794.82177734375
405.5	777.7763061523438
406.0	763.9968872070312
406.5	748.7896728515625
407.0	732.8403930664062
407.5	718.536865234375
408.0	705.2960205078125
408.5	690.5609130859375
409.0	679.2232055664062
409.5	664.17919921875
410.0	651.9502563476562
410.5	638.8575439453125
411.0	624.23291015625
411.5	612.4432983398438
412.0	599.7582397460938
412.5	586.4908447265625
413.0	573.9932250976562
413.5	563.4494018554688
414.0	550.4401245117188
414.5	540.9946899414062
415.0	529.1721801757812
415.5	519.2025146484375
416.0	508.3558654785156
416.5	496.2580261230469
417.0	486.6372375488281
417.5	476.44683837890625
418.0	465.5021667480469
418.5	456.6639709472656
419.0	446.8350524902344
419.5	436.4121398925781
420.0	427.2279052734375
420.5	418.99676513671875
421.0	409.3863830566406
421.5	401.95269775390625
422.0	392.5750427246094
422.5	383.0368957519531
423.0	376.1261291503906
423.5	367.0210266113281
424.0	360.0832214355469
424.5	352.02288818359375
425.0	343.4986572265625
425.5	336.81817626953125
426.0	329.2710266113281
426.5	321.0398864746094
427.0	314.7325134277344
427.5	307.888427734375
428.0	300.3996276855469
428.5	294.3043212890625
429.0	287.5987548828125
429.5	280.8536071777344
430.0	275.05670166015625
430.5	269.0524597167969
431.0	262.3805847167969
431.5	257.1963195800781
432.0	251.36178588867188
432.5	245.29551696777344
433.0	240.1049346923828
433.5	234.667724609375
434.0	228.9205780029297
434.5	224.32249450683594
435.0	219.35293579101562
435.5	214.1182861328125
436.0	209.77532958984375
436.5	204.92904663085938
437.0	199.9119873046875
437.5	195.5752716064453
438.0	191.14968872070312
438.5	186.1318817138672
439.0	182.24497985839844
439.5	178.0916290283203
440.0	173.64491271972656
440.5	170.2952117919922
441.0	166.32713317871094
441.5	162.02215576171875
442.0	158.9859619140625
442.5	155.3291015625
443.0	151.5249481201172
443.5	148.44972229003906
444.0	144.9263916015625
444.5	141.4203338623047
445.0	137.8872528076172
445.5	135.09347534179688
446.0	131.92276000976562
446.5	128.60089111328125
447.0	125.70281982421875
447.5	122.78376770019531
448.0	119.84383392333984
448.5	117.46949768066406
449.0	114.80207061767578
449.5	111.86504364013672
450.0	109.34566497802734
