TRP_lipid
""
WAVELENGTH	FLUORESCENCE
300.0	122.22216796875
300.5	129.2880401611328
301.0	137.0923614501953
301.5	144.33233642578125
302.0	154.74879455566406
302.5	166.84176635742188
303.0	178.4061737060547
303.5	191.4763946533203
304.0	204.22610473632812
304.5	218.85032653808594
305.0	235.5697021484375
305.5	248.80276489257812
306.0	267.09979248046875
306.5	281.0707702636719
307.0	300.57183837890625
307.5	316.2326965332031
308.0	337.88983154296875
308.5	358.4700927734375
309.0	377.5992736816406
309.5	398.9911804199219
310.0	419.22308349609375
310.5	439.8453674316406
311.0	462.76409912109375
311.5	484.6490478515625
312.0	509.7726745605469
312.5	533.3519897460938
313.0	560.1832275390625
313.5	584.8324584960938
314.0	612.7974243164062
314.5	644.265625
315.0	667.9420776367188
315.5	700.671875
316.0	725.3668212890625
316.5	759.119140625
317.0	790.3997192382812
317.5	818.8145751953125
318.0	848.6124267578125
318.5	881.3812255859375
319.0	911.4690551757812
319.5	945.4247436523438
320.0	976.816650390625
320.5	1011.4127197265625
321.0	1049.8270263671875
321.5	1079.4852294921875
322.0	1118.7950439453125
322.5	1149.2056884765625
323.0	1189.69677734375
323.5	1226.9656982421875
324.0	1260.6837158203125
324.5	1295.1309814453125
325.0	1333.3267822265625
325.5	1367.6749267578125
326.0	1405.9107666015625
326.5	1440.203125
327.0	1478.8330078125
327.5	1520.8717041015625
328.0	1552.226806640625
328.5	1593.4195556640625
329.0	1625.2022705078125
329.5	1666.986328125
330.0	1701.30029296875
330.5	1738.8310546875
331.0	1772.91162109375
331.5	1810.5364990234375
332.0	1842.9967041015625
332.5	1878.5311279296875
333.0	1916.2694091796875
333.5	1945.2010498046875
334.0	1983.5029296875
334.5	2014.166015625
335.0	2047.6387939453125
335.5	2077.458251953125
336.0	2109.551025390625
336.5	2138.607177734375
337.0	2170.245361328125
337.5	2202.968017578125
338.0	2227.0419921875
338.5	2259.08544921875
339.0	2284.58984375
339.5	2311.4912109375
340.0	2336.024169921875
340.5	2361.975341796875
341.0	2385.4853515625
341.5	2410.03369140625
342.0	2435.951171875
342.5	2454.921630859375
343.0	2478.248779296875
343.5	2497.765869140625
344.0	2518.44873046875
344.5	2536.326171875
345.0	2555.108642578125
345.5	2571.5244140625
346.0	2588.8515625
346.5	2607.152587890625
347.0	2621.174072265625
347.5	2635.5537109375
348.0	2647.55712890625
348.5	2659.999267578125
349.0	2670.85888671875
349.5	2681.60693359375
350.0	2693.780029296875
350.5	2702.78369140625
351.0	2712.842041015625
351.5	2719.61962890625
352.0	2726.391845703125
352.5	2732.06005859375
353.0	2737.79833984375
353.5	2742.403076171875
354.0	2746.725341796875
354.5	2749.879638671875
355.0	2752.502685546875
355.5	2755.717529296875
356.0	2757.190185546875
356.5	2757.51806640625
357.0	2758.55517578125
357.5	2759.084716796875
358.0	2757.252685546875
358.5	2755.089111328125
359.0	2752.348388671875
359.5	2749.7490234375
360.0	2746.99462890625
360.5	2742.328125
361.0	2738.121826171875
361.5	2731.431396484375
362.0	2724.69921875
362.5	2718.625244140625
363.0	2710.499267578125
363.5	2702.78955078125
364.0	2693.384765625
364.5	2684.84375
365.0	2673.44677734375
365.5	2663.3603515625
366.0	2653.393798828125
366.5	2641.490966796875
367.0	2629.39892578125
367.5	2615.4599609375
368.0	2600.953125
368.5	2588.533447265625
369.0	2573.39501953125
369.5	2558.80615234375
370.0	2542.670654296875
370.5	2527.6142578125
371.0	2509.216064453125
371.5	2492.363525390625
372.0	2476.0322265625
372.5	2457.343017578125
373.0	2439.4306640625
373.5	2417.206298828125
374.0	2397.3505859375
374.5	2378.599853515625
375.0	2357.401611328125
375.5	2338.16162109375
376.0	2315.1826171875
376.5	2292.843505859375
377.0	2272.4970703125
377.5	2249.2744140625
378.0	2228.48046875
378.5	2202.727294921875
379.0	2179.419189453125
379.5	2158.460205078125
380.0	2133.828857421875
380.5	2112.0
381.0	2085.6728515625
381.5	2061.71826171875
382.0	2040.0614013671875
382.5	2015.156494140625
383.0	1992.5152587890625
383.5	1964.9080810546875
384.0	1939.8876953125
384.5	1917.957763671875
385.0	1892.787353515625
385.5	1869.96923828125
386.0	1842.8426513671875
386.5	1817.083251953125
387.0	1794.00341796875
387.5	1769.1800537109375
388.0	1747.2923583984375
388.5	1719.968994140625
389.0	1694.82666015625
389.5	1671.5498046875
390.0	1645.015625
390.5	1624.5831298828125
391.0	1598.159912109375
391.5	1573.83349609375
392.0	1551.7166748046875
392.5	1525.894775390625
393.0	1506.212158203125
393.5	1480.138427734375
394.0	1457.19091796875
394.5	1436.02587890625
395.0	1410.7852783203125
395.5	1387.703857421875
396.0	1366.9404296875
396.5	1342.5946044921875
397.0	1324.7322998046875
397.5	1301.1505126953125
398.0	1279.1937255859375
398.5	1259.5584716796875
399.0	1236.28369140625
399.5	1214.61376953125
400.0	1194.75390625
400.5	1176.039794921875
401.0	1155.1417236328125
401.5	1133.1959228515625
402.0	1112.812255859375
402.5	1094.813232421875
403.0	1073.3304443359375
403.5	1053.7562255859375
404.0	1036.66064453125
404.5	1019.5836791992188
405.0	1001.0877685546875
405.5	980.543212890625
406.0	964.4546508789062
406.5	946.3778076171875
407.0	927.3751220703125
407.5	910.4000244140625
408.0	894.835693359375
408.5	876.4102172851562
409.0	862.623291015625
409.5	844.5731811523438
410.0	830.250244140625
410.5	814.5444946289062
411.0	797.2335815429688
411.5	782.9189453125
412.0	767.4577026367188
412.5	751.1397094726562
413.0	736.804443359375
413.5	723.4097290039062
414.0	708.08056640625
414.5	696.3148803710938
415.0	680.9310302734375
415.5	668.6990356445312
416.0	655.31298828125
416.5	640.7265625
417.0	629.3394775390625
417.5	617.1882934570312
418.0	603.602783203125
418.5	592.51513671875
419.0	580.3948974609375
419.5	567.6514282226562
420.0	555.7832641601562
420.5	545.38720703125
421.0	533.470703125
421.5	524.333740234375
422.0	512.8597412109375
422.5	501.41790771484375
423.0	493.5048522949219
423.5	482.2352600097656
424.0	473.0246276855469
424.5	463.1605224609375
425.0	452.42034912109375
425.5	443.9305114746094
426.0	434.9545593261719
426.5	425.1886901855469
427.0	417.4130859375
427.5	408.2320556640625
428.0	398.9500732421875
428.5	391.36553955078125
429.0	382.6515197753906
429.5	373.7509765625
430.0	366.48974609375
430.5	358.6484069824219
431.0	350.54791259765625
431.5	343.64886474609375
432.0	336.1867370605469
432.5	328.4591979980469
433.0	322.1595458984375
433.5	315.3934631347656
434.0	307.9573059082031
434.5	301.85400390625
435.0	295.2843017578125
435.5	288.2562255859375
436.0	282.4990234375
436.5	276.4044494628906
437.0	269.9808654785156
437.5	264.7358703613281
438.0	259.25616455078125
438.5	253.31533813476562
439.0	248.3237762451172
439.5	242.87301635742188
440.0	237.0298614501953
440.5	232.0889129638672
441.0	227.09051513671875
441.5	221.8719482421875
442.0	217.34698486328125
442.5	212.54147338867188
443.0	207.55738830566406
443.5	203.33433532714844
444.0	198.52374267578125
444.5	193.89231872558594
445.0	189.41119384765625
445.5	185.5378875732422
446.0	181.27700805664062
446.5	177.29396057128906
447.0	173.6709442138672
447.5	169.85086059570312
448.0	165.82997131347656
448.5	162.4060516357422
449.0	159.01988220214844
449.5	155.1446075439453
450.0	151.9284210205078
