 750000.000 1.120226 1.029220 0.617394 1.034091
 750500.000 1.145724 1.054237 0.625929 1.059324
 751000.000 1.144661 1.053906 0.605451 1.069208
 751500.000 1.127272 1.034972 0.597007 1.055415
 752000.000 1.127679 1.018893 0.643934 1.044282
 752500.000 1.107716 0.975360 0.646504 1.041525
 753000.000 1.104689 0.982659 0.646473 1.028168
 753500.000 1.116074 1.001718 0.622511 1.048944
 754000.000 1.124230 1.009011 0.634929 1.051926
 754500.000 1.132243 1.036418 0.611039 1.056606
 755000.000 1.152751 1.038383 0.629144 1.087938
 755500.000 1.143042 1.043767 0.607561 1.074480
 756000.000 1.138977 1.053241 0.592679 1.064873
 756500.000 1.162544 1.068795 0.611325 1.089485
 757000.000 1.132285 1.053294 0.592566 1.050513
 757500.000 1.151829 1.070737 0.600160 1.070865
 758000.000 1.130243 1.057879 0.567423 1.055377
 758500.000 1.148557 1.063565 0.586770 1.078376
 759000.000 1.145825 1.070849 0.578404 1.069842
 759500.000 1.124483 1.053525 0.565397 1.048492
 760000.000 1.117504 1.038902 0.603303 1.026809
 760500.000 1.132892 1.048612 0.595142 1.055040
 761000.000 1.104962 1.021934 0.577012 1.031791
 761500.000 1.115943 1.024102 0.587912 1.047012
 762000.000 1.116252 1.025140 0.587412 1.046934
 762500.000 1.115205 1.032929 0.573809 1.044588
 763000.000 1.100806 1.015854 0.573413 1.030915
 763500.000 1.106863 1.025571 0.601915 1.017936
 764000.000 1.113896 1.037217 0.594400 1.025866
 764500.000 1.132265 1.065681 0.569975 1.050477
 765000.000 1.127349 1.053301 0.589087 1.041807
 765500.000 1.122078 1.042979 0.575683 1.048286
 766000.000 1.099909 1.021953 0.582971 1.017525
 766500.000 1.117394 1.048990 0.567760 1.036535
 767000.000 1.116674 1.038104 0.586035 1.035773
 767500.000 1.137463 1.067984 0.584561 1.051352
 768000.000 1.136653 1.059335 0.582392 1.059524
 768500.000 1.116015 1.023744 0.599676 1.040824
 769000.000 1.116077 1.039615 0.583936 1.034154
 769500.000 1.120442 1.027426 0.616507 1.036869
 770000.000 1.136570 1.042666 0.630655 1.048191
 770500.000 1.153096 1.077765 0.591945 1.071113
 771000.000 1.170415 1.095675 0.601033 1.085355
 771500.000 1.121931 1.039631 0.595683 1.040090
 772000.000 1.129629 1.041836 0.605222 1.049004
 772500.000 1.135865 1.046625 0.594904 1.063505
 773000.000 1.123929 1.035567 0.611899 1.039044
 773500.000 1.121267 1.041729 0.605409 1.030903
 774000.000 1.125613 1.048295 0.600690 1.036463
 774500.000 1.103775 1.025730 0.576856 1.025549
 775000.000 1.123103 1.040204 0.592852 1.043659
 775500.000 1.135109 1.057017 0.592279 1.053025
 776000.000 1.126044 1.048919 0.576562 1.050378
 776500.000 1.123817 1.043700 0.597578 1.039000
 777000.000 1.116378 1.044605 0.587305 1.027848
 777500.000 1.120234 1.045642 0.595037 1.030735
 778000.000 1.111726 1.029935 0.614221 1.016777
 778500.000 1.093981 1.021390 0.597112 0.996899
 779000.000 1.104118 1.020532 0.600894 1.017640
 779500.000 1.127781 1.057099 0.590734 1.037957
 780000.000 1.119989 1.040619 0.609807 1.026645
 780500.000 1.112456 1.040972 0.603103 1.013785
 781000.000 1.094478 1.032963 0.582900 0.994475
 781500.000 1.099212 1.035805 0.595218 0.994665
 782000.000 1.106786 1.043801 0.595755 1.002749
 782500.000 1.093753 1.025738 0.589855 0.996256
 783000.000 1.104194 1.034834 0.589519 1.009989
 783500.000 1.100812 1.034853 0.587811 1.003559
 784000.000 1.150023 1.091158 0.593279 1.049999
 784500.000 1.104525 1.026388 0.610589 1.006806
 785000.000 1.101676 1.037758 0.603525 0.993074
 785500.000 1.122659 1.054517 0.611438 1.017283
 786000.000 1.117084 1.047123 0.610806 1.013016
 786500.000 1.093618 1.025394 0.586365 0.998372
 787000.000 1.109324 1.054888 0.582133 1.004754
 787500.000 1.114511 1.050300 0.600107 1.010451
 788000.000 1.098307 1.013603 0.634905 0.990990
 788500.000 1.083259 0.999711 0.619350 0.981777
 789000.000 1.112678 1.043557 0.592603 1.017798
 789500.000 1.091581 1.020017 0.576896 1.004915
 790000.000 1.094367 1.027264 0.586448 0.998040
 790500.000 1.137144 1.062373 0.602899 1.045979
 791000.000 1.136411 1.063012 0.601893 1.044314
 791500.000 1.105832 1.029129 0.600315 1.013036
 792000.000 1.098067 1.022241 0.592273 1.007840
 792500.000 1.108249 1.038383 0.587425 1.016428
 793000.000 1.108056 1.019332 0.611162 1.021284
 793500.000 1.107809 1.044910 0.578101 1.014121
 794000.000 1.098055 1.023233 0.577183 1.015532
 794500.000 1.130219 1.056643 0.576033 1.051894
 795000.000 1.097684 1.023157 0.579225 1.013642
 795500.000 1.105317 1.025825 0.582272 1.025716
 796000.000 1.134012 1.052787 0.580648 1.061346
 796500.000 1.152969 1.083960 0.596479 1.062035
 797000.000 1.140975 1.074402 0.556359 1.067600
 797500.000 1.141258 1.073587 0.575723 1.058723
 798000.000 1.128584 1.060273 0.551482 1.057872
 798500.000 1.130937 1.048738 0.586745 1.055421
 799000.000 1.103451 1.037778 0.551105 1.026892
 799500.000 1.098030 1.028192 0.558207 1.021060
 800000.000 1.102654 1.041711 0.555488 1.018803
 800500.000 1.098740 1.022936 0.568317 1.022289
 801000.000 1.108098 1.039875 0.584500 1.016260
 801500.000 1.096194 1.022475 0.569010 1.016884
 802000.000 1.083679 1.023324 0.551769 0.998538
 802500.000 1.098504 1.035899 0.563328 1.011433
 803000.000 1.121221 1.057123 0.550660 1.045723
 803500.000 1.076379 1.011701 0.543181 0.999299
 804000.000 1.099893 1.022477 0.567068 1.025916
 804500.000 1.123353 1.052107 0.582835 1.037891
 805000.000 1.113590 1.043562 0.576931 1.028734
 805500.000 1.127765 1.052492 0.574513 1.051619
 806000.000 1.090831 1.002063 0.591719 1.012701
 806500.000 1.100831 1.020326 0.574468 1.025952
 807000.000 1.119490 1.039158 0.577622 1.045476
 807500.000 1.119918 1.037157 0.563101 1.056245
 808000.000 1.154562 1.074270 0.562443 1.093448
 808500.000 1.177330 1.096212 0.562389 1.119933
 809000.000 1.131380 1.048566 0.583674 1.058241
 809500.000 1.157569 1.077784 0.577280 1.088606
 810000.000 1.151191 1.086315 0.579811 1.064997
 810500.000 1.156211 1.087875 0.570082 1.079437
 811000.000 1.168758 1.106692 0.554347 1.095410
 811500.000 1.165262 1.102158 0.544684 1.097378
 812000.000 1.156344 1.099989 0.529669 1.087997
 812500.000 1.150178 1.080838 0.566922 1.075271
 813000.000 1.117008 1.048339 0.567255 1.036639
 813500.000 1.140970 1.066966 0.578498 1.063272
 814000.000 1.155474 1.083877 0.591252 1.070453
 814500.000 1.161139 1.094871 0.565918 1.085118
 815000.000 1.179624 1.106520 0.559792 1.115916
 815500.000 1.145161 1.075785 0.571929 1.066944
 816000.000 1.142012 1.078637 0.559166 1.064077
 816500.000 1.171494 1.105400 0.573908 1.092481
 817000.000 1.157723 1.081549 0.560611 1.093898
 817500.000 1.144122 1.075414 0.548081 1.077555
 818000.000 1.158190 1.092028 0.553439 1.088111
 818500.000 1.139768 1.069803 0.542401 1.076786
 819000.000 1.141509 1.076309 0.546537 1.071887
 819500.000 1.146450 1.080927 0.565207 1.068098
 820000.000 1.156697 1.087786 0.556520 1.087615
 820500.000 1.151474 1.088286 0.573273 1.067134
 821000.000 1.134530 1.053478 0.588504 1.057433
 821500.000 1.143768 1.076034 0.562954 1.068478
 822000.000 1.124969 1.048662 0.597902 1.036306
 822500.000 1.127334 1.047544 0.584155 1.050322
 823000.000 1.123719 1.049569 0.576274 1.044893
 823500.000 1.133200 1.063963 0.567809 1.055395
 824000.000 1.142872 1.061105 0.569230 1.078122
 824500.000 1.110688 1.034197 0.575639 1.032633
 825000.000 1.126555 1.055095 0.567790 1.050067
 825500.000 1.149607 1.084643 0.541901 1.083090
 826000.000 1.137229 1.076303 0.549895 1.061023
 826500.000 1.139875 1.084886 0.530868 1.067629
 827000.000 1.152194 1.090577 0.569719 1.068252
 827500.000 1.152562 1.090986 0.554768 1.076467
 828000.000 1.139418 1.084810 0.542427 1.060899
 828500.000 1.135300 1.070448 0.564272 1.055249
 829000.000 1.115107 1.044651 0.584503 1.026638
 829500.000 1.131180 1.051877 0.588334 1.051930
 830000.000 1.129448 1.049467 0.601227 1.043288
 830500.000 1.148207 1.080508 0.582295 1.063106
 831000.000 1.134138 1.063799 0.575217 1.053564
 831500.000 1.125986 1.050191 0.571436 1.051784
 832000.000 1.136216 1.063396 0.562929 1.065023
 832500.000 1.137486 1.057110 0.565992 1.072343
 833000.000 1.169254 1.099189 0.548440 1.106936
 833500.000 1.143605 1.066757 0.555252 1.081382
 834000.000 1.166789 1.096484 0.551302 1.102988
 834500.000 1.150612 1.082021 0.560864 1.078181
 835000.000 1.146201 1.072621 0.575500 1.070439
 835500.000 1.147739 1.067587 0.577238 1.077806
 836000.000 1.153359 1.068426 0.596325 1.078581
 836500.000 1.153944 1.075674 0.543968 1.100090
 837000.000 1.152040 1.065083 0.572314 1.091991
 837500.000 1.192415 1.080704 0.630051 1.130852
 838000.000 1.152957 1.041617 0.626915 1.086570
 838500.000 1.129283 1.022686 0.599255 1.070311
 839000.000 1.143171 1.031492 0.612021 1.084037
 839500.000 1.182337 1.076706 0.614467 1.122041
 840000.000 1.160504 1.050976 0.612322 1.101839
 840500.000 1.147244 1.022867 0.623867 1.094016
 841000.000 1.157073 1.029081 0.637327 1.101108
 841500.000 1.198627 1.083491 0.637768 1.136975
 842000.000 1.203410 1.079795 0.633852 1.152677
 842500.000 1.248684 1.122046 0.661977 1.192150
 843000.000 1.199520 1.100289 0.596691 1.144997
 843500.000 1.186038 1.082742 0.591247 1.136427
 844000.000 1.175750 1.058071 0.626514 1.119259
 844500.000 1.179300 1.083917 0.592895 1.120311
 845000.000 1.205696 1.108540 0.621344 1.136871
 845500.000 1.167328 1.054679 0.631063 1.102144
 846000.000 1.199831 1.093490 0.617319 1.141222
 846500.000 1.205696 1.099740 0.631731 1.139689
 847000.000 1.202233 1.106598 0.608073 1.138602
 847500.000 1.202281 1.118373 0.563310 1.150167
 848000.000 1.162372 1.069445 0.607028 1.090882
 848500.000 1.216496 1.125595 0.585249 1.161999
 849000.000 1.215930 1.113792 0.610168 1.159369
 849500.000 1.198661 1.123507 0.554838 1.141694
 850000.000 1.195761 1.099042 0.606982 1.132860
 850500.000 1.173154 1.083208 0.603058 1.102525
 851000.000 1.181756 1.094790 0.610361 1.105436
 851500.000 1.113311 1.025188 0.580150 1.044672
 852000.000 1.071129 0.969603 0.620259 0.984776
 852500.000 1.110132 1.026012 0.624521 1.010971
 853000.000 1.093376 0.986886 0.637120 1.005525
 853500.000 1.112495 1.025035 0.636370 1.009764
 854000.000 1.122317 1.031526 0.641918 1.021315
 854500.000 1.136102 1.051941 0.628870 1.038941
 855000.000 1.147981 1.076351 0.604232 1.054559
 855500.000 1.133297 1.047238 0.631657 1.035870
 856000.000 1.159815 1.086998 0.610853 1.065663
 856500.000 1.129051 1.045520 0.617215 1.037036
 857000.000 1.110980 1.050789 0.615544 0.992724
 857500.000 1.145146 1.080894 0.612379 1.038932
 858000.000 1.139297 1.078639 0.614993 1.026800
 858500.000 1.124582 1.059832 0.593467 1.026606
 859000.000 1.134853 1.065931 0.622355 1.025791
 859500.000 1.153711 1.079613 0.630573 1.048292
 860000.000 1.178271 1.100766 0.618564 1.087354
 860500.000 1.203824 1.120995 0.641672 1.109058
 861000.000 1.201605 1.135503 0.622987 1.100105
 861500.000 1.193686 1.113309 0.660908 1.083290
 862000.000 1.152225 1.082410 0.623598 1.046306
 862500.000 1.179851 1.114384 0.613863 1.079545
 863000.000 1.137978 1.047631 0.619577 1.052892
 863500.000 1.115935 1.030537 0.614782 1.025016
 864000.000 1.099651 1.013859 0.621394 1.002210
 864500.000 1.155998 1.051725 0.676917 1.052768
 865000.000 1.146481 1.046299 0.659322 1.048519
 865500.000 1.124371 1.026903 0.648953 1.026036
 866000.000 1.117243 1.027220 0.657978 1.004166
 866500.000 1.145802 1.057656 0.673322 1.026510
 867000.000 1.146163 1.059455 0.641971 1.045375
 867500.000 1.170087 1.102386 0.642714 1.053505
 868000.000 1.137781 1.067841 0.621299 1.030918
 868500.000 1.149820 1.079338 0.645279 1.030929
 869000.000 1.155921 1.091970 0.637677 1.035991
 869500.000 1.158451 1.089554 0.648501 1.037465
 870000.000 1.158223 1.070911 0.652779 1.053559
 870500.000 1.141770 1.040635 0.670176 1.036928
 871000.000 1.180476 1.100528 0.672396 1.060079
 871500.000 1.150816 1.055912 0.670281 1.041407
 872000.000 1.122977 1.026393 0.645086 1.025931
 872500.000 1.120795 1.037025 0.625824 1.022392
 873000.000 1.113522 1.019299 0.644268 1.012823
 873500.000 1.092785 1.004343 0.640722 0.984444
 874000.000 1.102036 1.003355 0.641067 1.005623
 874500.000 1.128488 1.047725 0.638175 1.020773
 875000.000 1.133485 1.046121 0.648556 1.026929
 875500.000 1.108611 1.017963 0.655445 0.996082
 876000.000 1.103821 1.019878 0.603588 1.016058
 876500.000 1.130775 1.049682 0.614541 1.038177
 877000.000 1.190872 1.114616 0.601101 1.110253
 877500.000 1.143492 1.072604 0.590483 1.056407
 878000.000 1.128878 1.042631 0.615680 1.040476
 878500.000 1.165295 1.091048 0.591130 1.084437
 879000.000 1.212807 1.129862 0.619741 1.131871
 879500.000 1.169860 1.092306 0.640321 1.064894
 880000.000 1.146382 1.068529 0.660861 1.024642
 880500.000 1.215006 1.131814 0.661602 1.110747
 881000.000 1.221295 1.092872 0.747060 1.109348
 881500.000 1.185874 1.065275 0.703841 1.087379
 882000.000 1.181162 1.071799 0.693238 1.077476
 882500.000 1.167239 1.059611 0.696044 1.057185
 883000.000 1.163645 1.069525 0.672114 1.054760
 883500.000 1.193372 1.109132 0.662613 1.085839
 884000.000 1.190630 1.117494 0.650752 1.078393
 884500.000 1.169311 1.094561 0.653139 1.053529
 885000.000 1.180740 1.083151 0.677118 1.075448
 885500.000 1.183809 1.094348 0.644742 1.090648
 886000.000 1.180907 1.122394 0.653034 1.050171
 886500.000 1.185359 1.116932 0.662799 1.059863
 887000.000 1.157348 1.070185 0.668151 1.042682
 887500.000 1.153486 1.077285 0.671984 1.024185
 888000.000 1.176781 1.074216 0.716117 1.050174
 888500.000 1.171792 1.083874 0.684473 1.050193
 889000.000 1.173892 1.085919 0.698158 1.043742
 889500.000 1.152782 1.069203 0.680043 1.025749
 890000.000 1.145656 1.041615 0.709822 1.017962
 890500.000 1.157217 1.060022 0.692400 1.036937
 891000.000 1.180968 1.089163 0.696859 1.057109
 891500.000 1.177943 1.083535 0.709173 1.047914
 892000.000 1.134692 1.023646 0.713437 1.009063
 892500.000 1.168052 1.058078 0.713947 1.048543
 893000.000 1.156718 1.017880 0.717831 1.060487
 893500.000 1.166261 1.023131 0.732045 1.066604
 894000.000 1.168631 1.049321 0.696232 1.070320
 894500.000 1.170327 1.045140 0.717949 1.063748
 895000.000 1.185991 1.066247 0.729711 1.069481
 895500.000 1.169215 1.063174 0.684630 1.065396
 896000.000 1.157736 1.061977 0.704939 1.027602
 896500.000 1.170433 1.094261 0.669266 1.046185
 897000.000 1.153017 1.060509 0.671921 1.040548
 897500.000 1.179164 1.093328 0.678524 1.060705
 898000.000 1.154833 1.061723 0.710845 1.017213
 898500.000 1.160488 1.080907 0.717674 1.005011
 899000.000 1.157679 1.091848 0.680433 1.012580
 899500.000 1.177348 1.098114 0.682176 1.049324
 900000.000 1.208980 1.130328 0.680811 1.087252
 900500.000 1.190834 1.104619 0.689927 1.067702
 901000.000 1.197386 1.128226 0.693981 1.054971
 901500.000 1.194707 1.085548 0.737438 1.064152
 902000.000 1.178589 1.106009 0.653008 1.062294
 902500.000 1.182773 1.104248 0.707661 1.038149
 903000.000 1.176936 1.084949 0.719390 1.037169
 903500.000 1.155423 1.055963 0.708596 1.026080
 904000.000 1.133275 0.993241 0.764225 0.999028
 904500.000 1.153867 1.034385 0.747628 1.016817
 905000.000 1.147478 1.032294 0.727284 1.019234
 905500.000 1.141760 1.034422 0.707839 1.017924
 906000.000 1.200917 1.088346 0.751058 1.065747
 906500.000 1.193891 1.092228 0.704075 1.077992
 907000.000 1.163082 1.044763 0.719054 1.047355
 907500.000 1.157315 1.045637 0.721635 1.031814
 908000.000 1.195135 1.064949 0.746073 1.079795
 908500.000 1.153456 1.062289 0.685948 1.030505
 909000.000 1.208761 1.145358 0.636921 1.097586
 909500.000 1.187886 1.113486 0.657044 1.072656
 910000.000 1.176438 1.105595 0.644613 1.063084
 910500.000 1.192388 1.094256 0.708196 1.069880
 911000.000 1.164436 1.066858 0.707768 1.035713
 911500.000 1.198258 1.117277 0.714030 1.055223
 912000.000 1.175036 1.052026 0.774707 1.026883
 912500.000 1.203870 1.102990 0.759546 1.051241
 913000.000 1.202151 1.091912 0.801453 1.027488
 913500.000 1.196842 1.091603 0.789010 1.025049
 914000.000 1.225739 1.133020 0.739857 1.083398
 914500.000 1.206203 1.123365 0.722248 1.061253
 915000.000 1.216415 1.159102 0.727088 1.042668
 915500.000 1.194895 1.137802 0.724159 1.018110
 916000.000 1.218209 1.157916 0.697233 1.068252
 916500.000 1.143456 1.096456 0.671639 0.980648
 917000.000 1.232076 1.180799 0.680156 1.085875
 917500.000 1.236929 1.174718 0.685663 1.099949
 918000.000 1.246530 1.200269 0.662698 1.108089
 918500.000 1.250927 1.197161 0.657421 1.124385
 919000.000 1.231329 1.191679 0.677803 1.073698
 919500.000 1.249441 1.192513 0.665861 1.121049
 920000.000 1.240782 1.191137 0.634418 1.121513
 920500.000 1.205294 1.146932 0.624426 1.095494
 921000.000 1.235403 1.168343 0.652797 1.123064
 921500.000 1.249874 1.190293 0.615003 1.152972
 922000.000 1.198998 1.141500 0.652838 1.070503
 922500.000 1.247012 1.180932 0.597525 1.165523
 923000.000 1.205223 1.138223 0.622207 1.105636
 923500.000 1.209550 1.148373 0.622343 1.104514
 924000.000 1.205399 1.144457 0.599952 1.111869
 924500.000 1.224812 1.130698 0.637103 1.147149
 925000.000 1.244577 1.163229 0.618254 1.167306
 925500.000 1.267039 1.177264 0.638474 1.190452
 926000.000 1.245349 1.164151 0.598886 1.178082
 926500.000 1.226919 1.120783 0.647269 1.155659
 927000.000 1.189607 1.112025 0.573241 1.124776
 927500.000 1.229059 1.153951 0.557454 1.174230
 928000.000 1.225403 1.132244 0.751586 1.075345
 928500.000 1.214352 1.104314 0.716191 1.103116
 929000.000 1.199687 1.111097 0.667337 1.094816
 929500.000 1.261225 1.159058 0.689322 1.167389
 930000.000 1.252110 1.159361 0.653204 1.168234
 930500.000 1.249112 1.153698 0.668758 1.158578
 931000.000 1.302883 1.195611 0.724445 1.200291
 931500.000 1.296038 1.189459 0.721584 1.193286
 932000.000 1.262673 1.149352 0.734999 1.152152
 932500.000 1.232186 1.126469 0.702043 1.129057
 933000.000 1.223573 1.091794 0.763307 1.104361
 933500.000 1.246384 1.119207 0.797679 1.103644
 934000.000 1.229930 1.146740 0.733717 1.082637
 934500.000 1.246702 1.162483 0.709257 1.119876
 935000.000 1.244902 1.166217 0.708329 1.112550
 935500.000 1.238516 1.169970 0.678913 1.112695
 936000.000 1.259297 1.175728 0.685014 1.148947
 936500.000 1.275339 1.212117 0.668545 1.156199
 937000.000 1.233566 1.175893 0.678355 1.095664
 937500.000 1.249755 1.172975 0.695670 1.124255
 938000.000 1.293796 1.229389 0.649381 1.189422
 938500.000 1.240985 1.173334 0.652816 1.130136
 939000.000 1.249129 1.181266 0.651007 1.140811
 939500.000 1.235098 1.157329 0.674678 1.120863
 940000.000 1.240642 1.157566 0.674672 1.132803
 940500.000 1.221634 1.168444 0.641432 1.099126
 941000.000 1.233103 1.183079 0.637661 1.111214
 941500.000 1.271175 1.209514 0.662306 1.153343
 942000.000 1.241884 1.173607 0.632900 1.143083
 942500.000 1.261885 1.201547 0.626546 1.161220
 943000.000 1.248612 1.193488 0.605039 1.152205
 943500.000 1.231983 1.166843 0.624022 1.133420
 944000.000 1.246707 1.178179 0.620933 1.155375
 944500.000 1.294061 1.218799 0.645173 1.203108
 945000.000 1.286450 1.191132 0.679179 1.195754
 945500.000 1.261660 1.162562 0.688299 1.165447
 946000.000 1.257468 1.151208 0.722022 1.147107
 946500.000 1.249213 1.158307 0.697093 1.137301
 947000.000 1.282043 1.164354 0.740213 1.176278
 947500.000 1.225330 1.120249 0.721300 1.107987
 948000.000 1.206614 1.112030 0.700866 1.088123
 948500.000 1.246715 1.167587 0.671642 1.137645
 949000.000 1.221818 1.141205 0.695624 1.095187
 949500.000 1.232703 1.157815 0.671755 1.116837
 950000.000 1.223842 1.140002 0.691845 1.103324
 950500.000 1.248339 1.154076 0.722659 1.123643
 951000.000 1.225166 1.129536 0.729322 1.092842
 951500.000 1.221818 1.118924 0.728449 1.096837
 952000.000 1.239005 1.160861 0.722939 1.095458
 952500.000 1.203801 1.118025 0.702510 1.074603
 953000.000 1.221146 1.121535 0.735173 1.088153
 953500.000 1.233322 1.132139 0.749342 1.094948
 954000.000 1.267677 1.139656 0.776201 1.145734
 954500.000 1.250458 1.146194 0.757058 1.113729
 955000.000 1.267014 1.129740 0.788326 1.145811
 955500.000 1.192890 1.098219 0.716354 1.061474
 956000.000 1.216111 1.098304 0.742954 1.095262
 956500.000 1.261443 1.126642 0.792176 1.133850
 957000.000 1.253439 1.147999 0.723675 1.140444
 957500.000 1.217304 1.079701 0.761756 1.103464
 958000.000 1.184709 1.048169 0.761243 1.062508
 958500.000 1.203828 1.058551 0.786148 1.076962
 959000.000 1.195613 1.084134 0.760190 1.051543
 959500.000 1.228379 1.135195 0.716878 1.102383
 960000.000 1.215446 1.135782 0.706261 1.079727
 960500.000 1.220746 1.129078 0.724317 1.086734
 961000.000 1.211511 1.110363 0.722695 1.086427
 961500.000 1.215827 1.138046 0.701829 1.081092
 962000.000 1.242127 1.161379 0.724103 1.101197
 962500.000 1.237539 1.166643 0.694548 1.104334
 963000.000 1.230027 1.144013 0.706650 1.103546
 963500.000 1.280123 1.202385 0.691223 1.163576
 964000.000 1.250784 1.157387 0.695906 1.142407
 964500.000 1.314247 1.235445 0.703241 1.197337
 965000.000 1.310760 1.233379 0.679369 1.205578
 965500.000 1.294436 1.226729 0.694447 1.167905
 966000.000 1.259602 1.175504 0.746757 1.110739
 966500.000 1.240412 1.174298 0.681326 1.110883
 967000.000 1.276404 1.220533 0.671802 1.147776
 967500.000 1.251165 1.194858 0.633767 1.140825
 968000.000 1.252682 1.202676 0.679484 1.109186
 968500.000 1.287480 1.207691 0.681910 1.179699
 969000.000 1.239337 1.191289 0.624245 1.123860
 969500.000 1.266146 1.193847 0.660353 1.159704
 970000.000 1.272677 1.197720 0.657860 1.171367
 970500.000 1.283974 1.207427 0.669882 1.179218
 971000.000 1.289571 1.208765 0.685920 1.180842
 971500.000 1.288550 1.218638 0.649649 1.188948
 972000.000 1.260256 1.176700 0.659165 1.165063
 972500.000 1.279172 1.184414 0.699961 1.174641
 973000.000 1.267557 1.196938 0.674412 1.151482
 973500.000 1.289487 1.220421 0.633078 1.198057
 974000.000 1.241663 1.179696 0.597199 1.155476
 974500.000 1.246223 1.184238 0.635021 1.140383
 975000.000 1.266434 1.205589 0.634815 1.162443
 975500.000 1.223358 1.161898 0.639779 1.110805
 976000.000 1.237270 1.163870 0.721353 1.089372
 976500.000 1.250022 1.188319 0.683598 1.116111
 977000.000 1.241336 1.188406 0.647682 1.118048
 977500.000 1.208610 1.154928 0.603425 1.106117
 978000.000 1.229250 1.185902 0.612294 1.113932
 978500.000 1.258302 1.212164 0.605857 1.153361
 979000.000 1.267021 1.209088 0.678162 1.135291
 979500.000 1.256477 1.210604 0.614811 1.146260
 980000.000 1.259754 1.214732 0.658960 1.124349
 980500.000 1.273754 1.235719 0.645171 1.140900
 981000.000 1.294316 1.253644 0.615183 1.183400
 981500.000 1.241937 1.193539 0.638615 1.119129
 982000.000 1.259856 1.202842 0.659201 1.137146
 982500.000 1.241468 1.181893 0.649432 1.124213
 983000.000 1.278052 1.215461 0.662476 1.162158
 983500.000 1.271478 1.215069 0.660572 1.149159
 984000.000 1.210589 1.163327 0.626589 1.088626
 984500.000 1.264560 1.215171 0.670279 1.127967
 985000.000 1.257092 1.191876 0.660619 1.141744
 985500.000 1.253751 1.213319 0.599437 1.145563
 986000.000 1.280489 1.233163 0.590854 1.187225
 986500.000 1.224170 1.185085 0.623118 1.097488
 987000.000 1.258877 1.217620 0.634318 1.133395
 987500.000 1.233079 1.191093 0.589630 1.128984
 988000.000 1.244553 1.199861 0.632731 1.121520
 988500.000 1.233462 1.187624 0.644062 1.103444
 989000.000 1.233822 1.185090 0.610142 1.126022
 989500.000 1.254311 1.213759 0.631503 1.128975
 990000.000 1.257733 1.223870 0.625408 1.129067
 990500.000 1.239390 1.200043 0.641936 1.104531
 991000.000 1.284084 1.238700 0.646561 1.159882
 991500.000 1.277462 1.222745 0.676713 1.144890
 992000.000 1.274906 1.222339 0.665128 1.146414
 992500.000 1.253122 1.202637 0.646743 1.129610
 993000.000 1.256762 1.212006 0.631349 1.136372
 993500.000 1.252544 1.205953 0.642455 1.127237
 994000.000 1.259452 1.210952 0.643195 1.136809
 994500.000 1.261460 1.208272 0.631890 1.150373
 995000.000 1.291535 1.238721 0.641254 1.179189
 995500.000 1.278552 1.236081 0.606994 1.171773
 996000.000 1.334486 1.281667 0.657925 1.219086
 996500.000 1.282841 1.245569 0.632837 1.157341
 997000.000 1.268030 1.224043 0.620389 1.154398
 997500.000 1.291845 1.247893 0.622057 1.180482
 998000.000 1.283864 1.240582 0.612987 1.175508
 998500.000 1.284225 1.240025 0.604515 1.181256
 999000.000 1.279499 1.243468 0.626626 1.155578
 999500.000 1.264862 1.230622 0.607481 1.147295
1000000.000 1.287913 1.247305 0.606304 1.180706
