      22    2.126    0.118
      23    1.857    0.201
      24    1.166    0.142
      25    0.934    0.240
      26    1.693    0.291
      27    0.841    0.253
      28    0.602    0.158
      29    1.355    0.360
      30    0.767    0.311
      31    2.416    0.223
      32    0.649    0.153
      33    1.730    0.361
      34    0.374    0.097
      35    1.422    0.251
      36    0.209    0.160
      37    1.050    0.128
      38    1.641    0.202
      39    1.210    0.194
      40    0.967    0.169
      41    2.079    0.167
      42    2.136    0.180
