 750000.000    5.884  716.213
 750500.000    5.949  708.481
 751000.000    5.906  713.589
 751500.000    6.108  689.972
 752000.000    6.064  695.039
 752500.000    6.124  688.244
 753000.000    5.994  703.106
 753500.000    6.026  699.386
 754000.000    5.858  719.475
 754500.000    6.044  697.323
 755000.000    5.789  728.050
 755500.000    6.033  698.602
 756000.000    6.062  695.232
 756500.000    6.126  687.937
 757000.000    5.987  703.948
 757500.000    5.986  704.050
 758000.000    5.881  716.625
 758500.000    6.065  694.900
 759000.000    5.936  710.035
 759500.000    6.308  668.088
 760000.000    5.987  703.918
 760500.000    6.000  702.387
 761000.000    6.189  680.933
 761500.000    5.972  705.714
 762000.000    5.861  719.054
 762500.000    5.809  725.570
 763000.000    5.911  713.005
 763500.000    6.122  688.416
 764000.000    6.030  698.923
 764500.000    5.986  704.016
 765000.000    5.869  718.102
 765500.000    5.941  709.404
 766000.000    6.114  689.344
 766500.000    6.104  690.431
 767000.000    5.843  721.341
 767500.000    5.955  707.682
 768000.000    6.001  702.349
 768500.000    5.885  716.157
 769000.000    6.081  693.035
 769500.000    6.039  697.904
 770000.000    6.006  701.670
 770500.000    6.045  697.199
 771000.000    5.951  708.224
 771500.000    6.057  695.806
 772000.000    6.199  679.832
 772500.000    6.019  700.151
 773000.000    5.958  707.427
 773500.000    5.979  704.870
 774000.000    5.999  702.559
 774500.000    6.195  680.313
 775000.000    6.032  698.747
 775500.000    6.190  680.814
 776000.000    6.149  685.450
 776500.000    6.016  700.609
 777000.000    6.232  676.292
 777500.000    6.111  689.659
 778000.000    6.198  679.957
 778500.000    5.908  713.405
 779000.000    5.959  707.200
 779500.000    5.912  712.928
 780000.000    5.924  711.423
 780500.000    6.010  701.244
 781000.000    5.801  726.541
 781500.000    5.920  711.860
 782000.000    5.923  711.540
 782500.000    6.025  699.500
 783000.000    6.116  689.053
 783500.000    5.981  704.627
 784000.000    5.864  718.714
 784500.000    6.023  699.684
 785000.000    5.926  711.250
 785500.000    5.870  717.962
 786000.000    5.951  708.233
 786500.000    5.844  721.192
 787000.000    5.999  702.574
 787500.000    6.058  695.693
 788000.000    6.062  695.267
 788500.000    5.964  706.650
 789000.000    6.004  701.983
 789500.000    5.953  707.975
 790000.000    6.038  697.990
 790500.000    6.057  695.865
 791000.000    6.020  700.059
 791500.000    6.126  688.021
 792000.000    6.027  699.293
 792500.000    5.974  705.488
 793000.000    5.885  716.173
 793500.000    5.927  711.058
 794000.000    5.939  709.681
 794500.000    6.143  686.025
 795000.000    5.978  705.012
 795500.000    5.956  707.642
 796000.000    5.970  706.005
 796500.000    6.006  701.739
 797000.000    6.169  683.231
 797500.000    5.906  713.562
 798000.000    5.823  723.807
 798500.000    5.934  710.294
 799000.000    5.968  706.174
 799500.000    5.936  709.948
 800000.000    5.892  715.344
 800500.000    5.857  719.616
 801000.000    6.175  682.545
 801500.000    6.007  701.632
 802000.000    5.958  707.420
 802500.000    5.895  714.877
 803000.000    5.840  721.705
 803500.000    5.873  717.606
 804000.000    6.108  689.961
 804500.000    6.091  691.884
 805000.000    5.840  721.729
 805500.000    5.896  714.813
 806000.000    6.199  679.874
 806500.000    6.035  698.384
 807000.000    5.997  702.741
 807500.000    6.206  679.058
 808000.000    6.014  700.775
 808500.000    6.097  691.296
 809000.000    6.101  690.759
 809500.000    5.952  708.032
 810000.000    6.120  688.656
 810500.000    5.939  709.683
 811000.000    5.912  712.877
 811500.000    5.955  707.759
 812000.000    6.050  696.646
 812500.000    5.927  711.071
 813000.000    6.095  691.443
 813500.000    5.930  710.663
 814000.000    5.671  743.114
 814500.000    5.878  716.960
 815000.000    6.099  691.040
 815500.000    5.881  716.613
 816000.000    5.969  706.078
 816500.000    5.947  708.728
 817000.000    6.161  684.024
 817500.000    6.020  700.127
 818000.000    5.838  721.859
 818500.000    5.905  713.699
 819000.000    5.821  723.969
 819500.000    5.896  714.777
 820000.000    6.068  694.552
 820500.000    5.885  716.099
 821000.000    5.957  707.534
 821500.000    5.971  705.875
 822000.000    5.817  724.548
 822500.000    5.901  714.153
 823000.000    5.929  710.800
 823500.000    5.688  740.892
 824000.000    5.922  711.651
 824500.000    5.963  706.724
 825000.000    5.952  708.058
 825500.000    5.927  711.073
 826000.000    5.826  723.358
 826500.000    5.993  703.252
 827000.000    5.859  719.285
 827500.000    5.802  726.454
 828000.000    5.994  703.093
 828500.000    5.709  738.207
 829000.000    5.936  710.026
 829500.000    5.993  703.289
 830000.000    5.844  721.165
 830500.000    6.063  695.083
 831000.000    5.962  706.922
 831500.000    5.966  706.424
 832000.000    5.914  712.671
 832500.000    5.990  703.645
 833000.000    5.922  711.644
 833500.000    5.864  718.704
 834000.000    5.756  732.210
 834500.000    5.823  723.733
 835000.000    5.860  719.262
 835500.000    5.836  722.135
 836000.000    6.050  696.624
 836500.000    5.946  708.745
 837000.000    5.928  710.939
 837500.000    5.955  707.718
 838000.000    5.921  711.760
 838500.000    5.851  720.334
 839000.000    6.038  697.959
 839500.000    6.011  701.189
 840000.000    5.801  726.524
 840500.000    5.984  704.299
 841000.000    5.839  721.739
 841500.000    5.837  722.064
 842000.000    5.970  705.918
 842500.000    6.037  698.121
 843000.000    6.035  698.364
 843500.000    5.973  705.657
 844000.000    5.936  710.010
 844500.000    6.160  684.234
 845000.000    6.198  679.939
 845500.000    5.963  706.724
 846000.000    6.156  684.639
 846500.000    5.865  718.597
 847000.000    5.854  719.899
 847500.000    5.846  720.901
 848000.000    5.852  720.161
 848500.000    5.818  724.459
 849000.000    5.881  716.599
 849500.000    5.800  726.683
 850000.000    5.811  725.318
 850500.000    6.064  695.055
 851000.000    5.936  710.002
 851500.000    5.802  726.408
 852000.000    5.658  744.827
 852500.000    6.161  684.087
 853000.000    5.914  712.670
 853500.000    5.969  706.035
 854000.000    5.904  713.829
 854500.000    5.764  731.243
 855000.000    5.976  705.255
 855500.000    5.774  729.900
 856000.000    6.010  701.257
 856500.000    5.784  728.678
 857000.000    5.927  711.131
 857500.000    5.922  711.652
 858000.000    5.875  717.365
 858500.000    5.960  707.082
 859000.000    6.121  688.506
 859500.000    5.818  724.377
 860000.000    5.987  703.995
 860500.000    5.738  734.507
 861000.000    6.047  696.980
 861500.000    5.751  732.885
 862000.000    5.881  716.677
 862500.000    5.812  725.092
 863000.000    5.880  716.801
 863500.000    5.739  734.390
 864000.000    5.906  713.555
 864500.000    6.021  699.929
 865000.000    5.725  736.206
 865500.000    5.902  714.095
 866000.000    5.945  708.894
 866500.000    5.854  720.003
 867000.000    5.938  709.772
 867500.000    5.763  731.330
 868000.000    5.969  706.113
 868500.000    5.958  707.430
 869000.000    6.075  693.737
 869500.000    5.819  724.216
 870000.000    6.042  697.596
 870500.000    5.870  717.937
 871000.000    5.944  709.058
 871500.000    5.908  713.329
 872000.000    5.834  722.359
 872500.000    5.995  702.953
 873000.000    5.953  708.025
 873500.000    5.826  723.380
 874000.000    5.832  722.637
 874500.000    5.928  711.013
 875000.000    5.869  718.102
 875500.000    5.942  709.222
 876000.000    5.972  705.776
 876500.000    5.889  715.664
 877000.000    6.019  700.190
 877500.000    6.123  688.319
 878000.000    6.084  692.751
 878500.000    5.985  704.236
 879000.000    5.878  716.975
 879500.000    5.978  705.003
 880000.000    6.093  691.654
 880500.000    5.783  728.785
 881000.000    5.937  709.894
 881500.000    5.930  710.707
 882000.000    6.007  701.618
 882500.000    5.934  710.201
 883000.000    5.937  709.891
 883500.000    5.821  723.978
 884000.000    6.004  701.964
 884500.000    6.074  693.818
 885000.000    5.977  705.096
 885500.000    5.984  704.298
 886000.000    6.010  701.305
 886500.000    5.906  713.641
 887000.000    5.992  703.395
 887500.000    5.851  720.318
 888000.000    5.936  710.016
 888500.000    5.900  714.335
 889000.000    5.994  703.092
 889500.000    6.100  690.939
 890000.000    6.049  696.685
 890500.000    5.885  716.171
 891000.000    5.899  714.434
 891500.000    5.884  716.265
 892000.000    6.050  696.584
 892500.000    6.059  695.541
 893000.000    6.052  696.419
 893500.000    5.742  733.973
 894000.000    5.973  705.585
 894500.000    6.009  701.417
 895000.000    5.873  717.618
 895500.000    5.979  704.910
 896000.000    5.993  703.238
 896500.000    5.994  703.105
 897000.000    5.898  714.533
 897500.000    5.884  716.274
 898000.000    6.023  699.762
 898500.000    5.843  721.352
 899000.000    5.798  726.941
 899500.000    5.877  717.089
 900000.000    5.846  720.983
 900500.000    5.955  707.694
 901000.000    5.969  706.034
 901500.000    5.815  724.808
 902000.000    5.997  702.733
 902500.000    6.010  701.295
 903000.000    5.896  714.764
 903500.000    5.956  707.562
 904000.000    5.756  732.164
 904500.000    5.946  708.806
 905000.000    5.805  725.977
 905500.000    6.082  693.009
 906000.000    6.109  689.929
 906500.000    5.938  709.776
 907000.000    5.962  706.884
 907500.000    5.815  724.779
 908000.000    5.955  707.777
 908500.000    5.728  735.720
 909000.000    6.014  700.817
 909500.000    5.933  710.382
 910000.000    5.894  714.999
 910500.000    5.900  714.388
 911000.000    5.938  709.760
 911500.000    5.856  719.682
 912000.000    6.032  698.684
 912500.000    5.754  732.508
 913000.000    5.754  732.428
 913500.000    5.802  726.393
 914000.000    5.947  708.683
 914500.000    5.792  727.667
 915000.000    5.850  720.420
 915500.000    5.830  722.878
 916000.000    5.972  705.763
 916500.000    5.935  710.099
 917000.000    5.862  718.986
 917500.000    6.008  701.521
 918000.000    6.026  699.363
 918500.000    5.777  729.476
 919000.000    5.959  707.298
 919500.000    5.872  717.731
 920000.000    5.919  711.984
 920500.000    5.892  715.278
 921000.000    5.885  716.173
 921500.000    5.841  721.543
 922000.000    5.972  705.725
 922500.000    5.998  702.712
 923000.000    5.784  728.680
 923500.000    6.026  699.402
 924000.000    5.814  724.876
 924500.000    5.847  720.814
 925000.000    6.166  683.478
 925500.000    5.842  721.440
 926000.000    5.715  737.392
 926500.000    5.897  714.655
 927000.000    5.964  706.722
 927500.000    5.984  704.343
 928000.000    5.856  719.651
 928500.000    5.929  710.793
 929000.000    5.836  722.188
 929500.000    6.207  678.980
 930000.000    5.944  709.040
 930500.000    6.156  684.638
 931000.000    6.185  681.463
 931500.000    5.859  719.326
 932000.000    5.871  717.893
 932500.000    6.002  702.246
 933000.000    5.909  713.239
 933500.000    5.939  709.587
 934000.000    5.838  721.967
 934500.000    6.066  694.832
 935000.000    6.170  683.101
 935500.000    5.930  710.738
 936000.000    5.975  705.348
 936500.000    5.944  709.000
 937000.000    5.848  720.683
 937500.000    5.987  703.946
 938000.000    5.720  736.796
 938500.000    6.100  690.929
 939000.000    6.008  701.468
 939500.000    6.028  699.149
 940000.000    5.938  709.758
 940500.000    5.934  710.190
 941000.000    5.852  720.175
 941500.000    5.892  715.279
 942000.000    5.763  731.291
 942500.000    5.819  724.212
 943000.000    5.771  730.281
 943500.000    5.970  705.933
 944000.000    5.791  727.809
 944500.000    5.854  719.994
 945000.000    5.942  709.284
 945500.000    5.939  709.676
 946000.000    5.844  721.174
 946500.000    5.852  720.187
 947000.000    5.834  722.365
 947500.000    5.742  733.922
 948000.000    5.713  737.711
 948500.000    5.887  715.928
 949000.000    5.939  709.640
 949500.000    6.026  699.362
 950000.000    5.882  716.555
 950500.000    5.872  717.792
 951000.000    5.703  738.976
 951500.000    5.991  703.485
 952000.000    5.960  707.176
 952500.000    5.818  724.438
 953000.000    5.968  706.133
 953500.000    5.873  717.615
 954000.000    5.903  713.939
 954500.000    5.906  713.590
 955000.000    6.053  696.249
 955500.000    5.725  736.223
 956000.000    5.926  711.175
 956500.000    5.906  713.565
 957000.000    6.216  678.023
 957500.000    6.099  691.078
 958000.000    6.003  702.022
 958500.000    6.087  692.364
 959000.000    5.869  718.129
 959500.000    5.942  709.286
 960000.000    6.111  689.695
 960500.000    6.069  694.493
 961000.000    6.001  702.250
 961500.000    5.733  735.172
 962000.000    5.974  705.509
 962500.000    5.987  703.995
 963000.000    5.900  714.357
 963500.000    6.031  698.869
 964000.000    6.029  699.061
 964500.000    5.927  711.134
 965000.000    5.897  714.711
 965500.000    5.776  729.723
 966000.000    5.949  708.398
 966500.000    6.055  696.028
 967000.000    5.878  717.005
 967500.000    5.920  711.872
 968000.000    6.052  696.431
 968500.000    6.036  698.224
 969000.000    5.814  724.877
 969500.000    6.022  699.898
 970000.000    6.047  696.977
 970500.000    5.825  723.553
 971000.000    6.153  684.958
 971500.000    5.999  702.561
 972000.000    6.117  688.951
 972500.000    6.086  692.460
 973000.000    6.234  676.112
 973500.000    6.036  698.272
 974000.000    6.094  691.611
 974500.000    6.008  701.456
 975000.000    5.943  709.126
 975500.000    6.065  694.896
 976000.000    6.128  687.755
 976500.000    6.049  696.750
 977000.000    6.096  691.344
 977500.000    5.851  720.278
 978000.000    5.930  710.700
 978500.000    6.067  694.717
 979000.000    6.087  692.330
 979500.000    5.839  721.813
 980000.000    5.944  708.982
 980500.000    6.068  694.504
 981000.000    5.869  718.078
 981500.000    6.020  700.070
 982000.000    5.993  703.223
 982500.000    6.045  697.227
 983000.000    5.918  712.132
 983500.000    6.005  701.803
 984000.000    6.083  692.896
 984500.000    5.907  713.491
 985000.000    6.008  701.533
 985500.000    5.868  718.170
 986000.000    5.975  705.412
 986500.000    5.961  706.969
 987000.000    6.113  689.414
 987500.000    6.026  699.442
 988000.000    5.978  704.963
 988500.000    5.915  712.496
 989000.000    6.123  688.354
 989500.000    5.821  724.009
 990000.000    5.928  710.952
 990500.000    5.982  704.500
 991000.000    5.926  711.212
 991500.000    6.025  699.513
 992000.000    6.040  697.765
 992500.000    5.999  702.560
 993000.000    5.888  715.837
 993500.000    5.928  710.896
 994000.000    6.101  690.806
 994500.000    5.875  717.332
 995000.000    5.880  716.722
 995500.000    5.837  722.044
 996000.000    6.200  679.748
 996500.000    5.897  714.693
 997000.000    5.946  708.855
 997500.000    5.979  704.848
 998000.000    6.252  674.084
 998500.000    5.863  718.830
 999000.000    6.189  680.922
 999500.000    5.892  715.321
1000000.000    5.804  726.204
