BFII_nolipid
""
WAVELENGTH	FLUORESCENCE
300.0	73.49217987060547
300.5	79.264404296875
301.0	85.85203552246094
301.5	91.76544952392578
302.0	100.43702697753906
302.5	110.28788757324219
303.0	119.79693603515625
303.5	130.5637664794922
304.0	140.77548217773438
304.5	152.49850463867188
305.0	166.01995849609375
305.5	176.70143127441406
306.0	191.44371032714844
306.5	203.20989990234375
307.0	218.66615295410156
307.5	231.02357482910156
308.0	248.1137237548828
308.5	264.47003173828125
309.0	279.8523864746094
309.5	297.7315673828125
310.0	314.4532165527344
310.5	331.77691650390625
311.0	351.0592956542969
311.5	369.7928771972656
312.0	390.34637451171875
312.5	409.9920349121094
313.0	431.6268005371094
313.5	452.120849609375
314.0	475.0366516113281
314.5	500.71893310546875
315.0	520.728759765625
315.5	547.3485107421875
316.0	567.4071655273438
316.5	595.08544921875
317.0	620.7520141601562
317.5	644.1324462890625
318.0	668.164794921875
318.5	695.1383056640625
319.0	720.08544921875
319.5	747.8526000976562
320.0	773.053955078125
320.5	801.5396118164062
321.0	832.8809204101562
321.5	857.1907348632812
322.0	889.5067138671875
322.5	914.4281616210938
323.0	948.016845703125
323.5	978.14208984375
324.0	1006.0864868164062
324.5	1033.8046875
325.0	1065.3802490234375
325.5	1094.273193359375
326.0	1125.9644775390625
326.5	1154.88037109375
327.0	1186.5107421875
327.5	1220.8326416015625
328.0	1246.7418212890625
328.5	1280.63671875
329.0	1306.7197265625
329.5	1340.9244384765625
330.0	1368.877197265625
330.5	1398.9896240234375
331.0	1426.89501953125
331.5	1457.4683837890625
332.0	1484.5501708984375
332.5	1513.81005859375
333.0	1545.0670166015625
333.5	1568.454345703125
334.0	1599.0830078125
334.5	1624.295654296875
335.0	1651.171875
335.5	1675.762451171875
336.0	1701.74365234375
336.5	1725.037109375
337.0	1749.6810302734375
337.5	1776.309326171875
338.0	1795.985107421875
338.5	1821.1724853515625
339.0	1841.287109375
339.5	1863.1485595703125
340.0	1882.156005859375
340.5	1902.5546875
341.0	1920.35693359375
341.5	1939.4793701171875
342.0	1959.4903564453125
342.5	1974.18310546875
343.0	1992.6962890625
343.5	2007.189208984375
344.0	2022.55419921875
344.5	2035.9114990234375
345.0	2050.466796875
345.5	2062.557373046875
346.0	2075.121826171875
346.5	2088.56298828125
347.0	2098.960205078125
347.5	2108.95556640625
348.0	2117.86376953125
348.5	2127.41796875
349.0	2134.930419921875
349.5	2142.580322265625
350.0	2150.415771484375
350.5	2156.274658203125
351.0	2161.34619140625
351.5	2165.330078125
352.0	2169.847412109375
352.5	2172.87939453125
353.0	2176.02783203125
353.5	2178.494873046875
354.0	2180.574951171875
354.5	2182.036376953125
355.0	2182.873046875
355.5	2182.74365234375
356.0	2182.34375
356.5	2181.6328125
357.0	2180.301513671875
357.5	2178.255126953125
358.0	2175.642333984375
358.5	2172.29296875
359.0	2168.685546875
359.5	2164.7109375
360.0	2160.078125
360.5	2154.881591796875
361.0	2149.329833984375
361.5	2142.71044921875
362.0	2135.759033203125
362.5	2129.426025390625
363.0	2121.301025390625
363.5	2113.89453125
364.0	2104.920166015625
364.5	2096.474365234375
365.0	2085.32861328125
365.5	2075.656982421875
366.0	2066.14404296875
366.5	2055.21240234375
367.0	2044.638671875
367.5	2031.39111328125
368.0	2018.0672607421875
368.5	2006.2410888671875
369.0	1993.2288818359375
369.5	1981.615478515625
370.0	1967.4222412109375
370.5	1954.2945556640625
371.0	1938.1839599609375
371.5	1922.1107177734375
372.0	1907.6312255859375
372.5	1891.2618408203125
373.0	1876.6343994140625
373.5	1858.046630859375
374.0	1840.8841552734375
374.5	1824.765869140625
375.0	1807.208984375
375.5	1790.7767333984375
376.0	1770.85498046875
376.5	1752.20654296875
377.0	1734.687744140625
377.5	1715.4742431640625
378.0	1697.99560546875
378.5	1677.3438720703125
379.0	1658.48095703125
379.5	1640.0592041015625
380.0	1620.267822265625
380.5	1601.6060791015625
381.0	1580.3251953125
381.5	1560.3779296875
382.0	1542.2584228515625
382.5	1521.9461669921875
383.0	1502.8470458984375
383.5	1480.66552734375
384.0	1460.5765380859375
384.5	1442.325439453125
385.0	1422.544921875
385.5	1404.25390625
386.0	1382.6475830078125
386.5	1362.667724609375
387.0	1344.5870361328125
387.5	1324.281005859375
388.0	1306.2581787109375
388.5	1283.959228515625
389.0	1264.1881103515625
389.5	1246.1417236328125
390.0	1224.6925048828125
390.5	1208.8653564453125
391.0	1187.958251953125
391.5	1168.40625
392.0	1151.164306640625
392.5	1130.2747802734375
393.0	1114.8380126953125
393.5	1094.5791015625
394.0	1075.60400390625
394.5	1058.9530029296875
395.0	1039.537109375
395.5	1022.0592651367188
396.0	1006.0133056640625
396.5	985.8274536132812
397.0	971.67822265625
397.5	953.21484375
398.0	936.409423828125
398.5	921.3735961914062
399.0	903.3499145507812
399.5	886.8771362304688
400.0	871.6270141601562
400.5	856.9698486328125
401.0	841.5789794921875
401.5	824.2546997070312
402.0	808.3941650390625
402.5	794.3831787109375
403.0	778.4265747070312
403.5	763.1636962890625
404.0	749.91064453125
404.5	736.5596313476562
405.0	722.1448974609375
405.5	707.0801391601562
406.0	695.0271606445312
406.5	681.4666748046875
407.0	666.6393432617188
407.5	653.9324340820312
408.0	641.9722290039062
408.5	627.603271484375
409.0	617.5245971679688
409.5	604.0126342773438
410.0	593.0359497070312
410.5	581.330810546875
411.0	568.6176147460938
411.5	558.4193115234375
412.0	546.9998779296875
412.5	534.9490356445312
413.0	524.1431884765625
413.5	514.232177734375
414.0	503.20941162109375
414.5	494.6807861328125
415.0	483.5911865234375
415.5	474.4084167480469
416.0	464.52984619140625
416.5	453.7296447753906
417.0	445.2758483886719
417.5	436.15985107421875
418.0	426.6748046875
418.5	418.47235107421875
419.0	409.96759033203125
419.5	400.5245056152344
420.0	392.1089172363281
420.5	384.37890625
421.0	375.49169921875
421.5	369.0506896972656
422.0	360.6578063964844
422.5	352.1653747558594
423.0	345.8719482421875
423.5	337.6244812011719
424.0	330.9279479980469
424.5	324.13470458984375
425.0	316.5380554199219
425.5	310.3627624511719
426.0	303.66290283203125
426.5	296.3867492675781
427.0	290.5612487792969
427.5	284.2908630371094
428.0	277.1941223144531
428.5	271.65118408203125
429.0	265.5607604980469
429.5	259.5534973144531
430.0	254.32595825195312
430.5	248.6729278564453
431.0	242.78004455566406
431.5	237.81553649902344
432.0	232.63494873046875
432.5	226.87881469726562
433.0	222.1234588623047
433.5	217.23910522460938
434.0	212.02224731445312
434.5	207.5240020751953
435.0	202.83827209472656
435.5	197.78363037109375
436.0	193.7250518798828
436.5	189.28990173339844
437.0	184.79742431640625
437.5	181.1199188232422
438.0	177.0481719970703
438.5	172.70542907714844
439.0	169.06085205078125
439.5	165.33505249023438
440.0	161.4769744873047
440.5	158.30807495117188
441.0	154.86788940429688
441.5	151.2872772216797
442.0	148.12472534179688
442.5	144.67689514160156
443.0	141.1316375732422
443.5	138.44003295898438
444.0	135.12985229492188
444.5	131.84149169921875
445.0	128.64405822753906
445.5	125.98926544189453
446.0	122.94184875488281
446.5	120.04779052734375
447.0	117.54542541503906
447.5	114.83355712890625
448.0	111.89036560058594
448.5	109.41834259033203
449.0	106.88848114013672
449.5	104.2886734008789
450.0	102.30982208251953
