30.741 35.782 -71.5585
34.832 35.655 -82.986
31.563 34.509 -76.606
30.583 35.546 -78.31
27.615 33.206 -70.484
26.084 34.335 -68.151
31.665 37.522 -77.3755
28.273 36.811 -68.56
30.858 30.62 -69.6545
29.1 35.37 -74.049
26.96 33.874 -76.952
28.959 32.309 -67.6505
29.068 33.19 -67.874
34.096 36.87 -80.769
33.699 30.597 -81.81
30.737 34.536 -86.686
35.042 36.263 -92.173
32.576 34.926 -89.552
33.136 37.535 -80.4275
39.415 42.942 -101.37
35.099 36.299 -83.417
34.127 39.375 -82.8725
37.918 41.179 -95.908
39.711 48.778 -101.528
32.455 40.58 -91.43
29.061 35.561 -72.286
38.621 45.552 -94.7785
29.804 36.875 -76.252
31.62 33.687 -77.706
34.811 38.063 -83.1955
29.64 32.437 -77.583
23.293 30.378 -65.7995
30.857 38.113 -73.925
31.486 40.495 -85.614
28.569 29.927 -72.262
35.406 35.938 -82.845
32.278 33.957 -79.784
33.329 33.321 -84.075
31.951 36.291 -84.598
32.476 36.071 -82.686
33.516 30.99 -77.459
32.411 33.627 -76.642
31.571 33.562 -73.641
34.566 34.803 -87.773
30.058 34.933 -80.847
27.829 31.733 -70.055
32.279 34.674 -75.943
25.69 30.444 -66.884
27.983 29.968 -74.3585
28.313 32.505 -72.894
29.808 33.181 -76.349
29.301 34.949 -69.978
28.382 32.572 -70.095
26.827 30.144 -68.603
33.263 33.956 -70.24
31.579 32.176 -81.283
36.893 39.357 -88.06
36.944 37.769 -89.786
29.976 35.174 -80.882
27.323 33.505 -79.7965
36.777 38.279 -94.907
29.705 35.352 -75.125
32.558 33.149 -78.774
34.687 38.217 -81.158
33.237 38.539 -79.555
39.035 46.041 -96.642
38.442 43.15 -88.55
39.492 41.837 -97.553
34.163 39.639 -85.154
32.145 30.4 -66.556
31.114 32.99 -78.292
29.252 33.808 -72.9395
28.244 30.519 -68.4705
32.091 33.05 -77.277
36.423 39.756 -84.288
39.538 45.438 -98.3855
37.389 42.395 -96.064
33.57 37.527 -86.669
30.871 33.658 -76.975
28.022 33.324 -75.634
26.775 32.089 -67.934
33.543 42.368 -79.388
30.15 35.827 -77.243
34.612 39.092 -82.849
37.069 39.606 -87.928
34.348 38.718 -85.964
35.379 40.993 -93.343
39.527 45.53 -95.521
40.769 37.667 -81.933
37.168 40.997 -87.375
32.254 39.963 -82.209
33.682 43.623 -92.623
37.939 43.597 -97.445
38.046 45.961 -96.145
38.126 45.181 -89.7505
42.174 45.103 -102.709
37.247 38.153 -83.66
34.924 41.867 -95.41
36.574 42.597 -96.813
37.131 43.582 -91.246
33.539 39.921 -84.5035
