32.346 32.072 -62.947
22.05 26.728 -55.494
41.794 44.028 -104.0845
32.046 36.869 -82.7075
35.97 38.707 -89.0875
41.927 44.72 -92.156
40.074 42.164 -88.675
39.776 44.735 -90.6945
40.712 50.455 -94.6295
38.592 39.454 -86.6
35.048 37.747 -78.293
38.765 44.389 -100.028
39.721 43.319 -92.6885
47.063 46.835 -104.937
60.027 61.984 -138.4835
53.581 50.471 -128.141
53.448 48.27 -114.985
50.793 57.941 -124.802
50.225 57.786 -136.768
52.804 50.756 -120.347
57.35 65.192 -134.765
55.454 53.23 -114.3855
47.332 51.058 -116.387
51.727 55.349 -117.615
50.556 51.541 -110.834
59.62 66.422 -133.925
55.235 60.466 -124.678
57.026 59.389 -131.8715
61.229 68.498 -135.931
56.481 59.103 -123.9305
56.884 59.711 -133.048
43.347 51.502 -105.9705
49.049 47.942 -120.1175
41.862 44.606 -107.4545
42.661 46.193 -100.192
46.724 46.339 -107.4575
40.209 43.967 -107.735
40.337 43.716 -110.4725
47.806 57.816 -130.0215
35.661 38.309 -85.876
36.052 36.856 -82.3365
40.128 40.964 -85.546
28.99 27.695 -69.6575
31.075 43.331 -82.411
37.021 43.171 -95.389
30.238 35.151 -69.9645
29.753 35.634 -78.9755
33.733 42.703 -94.332
32.405 37.374 -76.5385
29.613 36.029 -71.8825
39.272 42.203 -97.439
33.603 41.99 -78.8055
35.03 41.342 -75.307
44.06 50.038 -100.962
47.386 50.5 -107.114
46.722 49.139 -103.937
44.067 50.663 -102.633
40.955 49.402 -101.566
40.184 50.839 -95.653
39.721 42.925 -91.6855
47.635 52.904 -116.314
52.968 56.76 -130.2775
44.286 56.986 -118.1
42.607 47.925 -106.519
46.428 52.416 -111.6475
50.037 53.337 -119.8305
56.288 58.427 -132.279
53.849 60.683 -131.373
60.463 67.148 -154.7735
51.623 57.906 -129.48
55.301 65.172 -143.843
51.315 62.839 -142.6245
53.294 57.044 -129.5185
53.987 64.665 -124.38
55.675 62.683 -133.451
56.732 56.812 -132.762
41.816 47.61 -103.525
34.337 40.175 -93.071
49.104 51.805 -123.0295
44.902 52.082 -116.658
43.653 47.584 -109.8015
40.007 46.719 -99.964
42.986 50.313 -109.591
50.238 59.017 -127.0185
47.734 53.256 -127.676
50.869 56.183 -129.9125
50.124 63.335 -139.311
47.902 57.094 -121.321
51.775 57.78 -126.9455
44.581 48.931 -108.758
50.409 52.41 -124.5235
55.896 60.373 -135.978
48.187 52.371 -119.335
38.706 44.512 -95.904
44.354 50.251 -114.6355
35.299 43.797 -84.623
36.05 40.138 -90.976
28.089 37.919 -78.071
34.682 42.767 -87.8235
35.506 45.035 -90.0985
31.699 40.258 -85.989
