 750000.000 1.018921 0.656708 0.933286 0.879837
 750500.000 1.107234 0.663493 1.030340 0.974737
 751000.000 1.050771 0.712348 0.980786 0.859568
 751500.000 1.045337 0.645219 0.985044 0.893778
 752000.000 1.066942 0.696930 0.987503 0.903246
 752500.000 1.003296 0.618842 0.936115 0.868292
 753000.000 1.003702 0.676817 0.907985 0.855755
 753500.000 1.006934 0.654075 0.927842 0.859726
 754000.000 1.003159 0.698640 0.936811 0.804327
 754500.000 1.017120 0.642729 0.930544 0.888850
 755000.000 0.995037 0.723380 0.888828 0.816642
 755500.000 1.030037 0.708732 0.940174 0.857743
 756000.000 1.040947 0.685742 0.964870 0.875171
 756500.000 1.065716 0.667200 0.963234 0.947906
 757000.000 1.017288 0.710944 0.902950 0.865441
 757500.000 1.007029 0.758702 0.882661 0.820667
 758000.000 1.002608 0.754525 0.888097 0.807726
 758500.000 1.012098 0.683001 0.915410 0.862682
 759000.000 1.003223 0.628139 0.914475 0.884358
 759500.000 0.987038 0.729557 0.899155 0.779586
 760000.000 0.985218 0.798095 0.878658 0.729597
 760500.000 1.010093 0.778038 0.936391 0.747265
 761000.000 0.982173 0.779599 0.877999 0.742073
 761500.000 1.020948 0.822866 0.917868 0.751718
 762000.000 1.024223 0.840616 0.884744 0.780167
 762500.000 1.037692 0.802459 0.905840 0.830133
 763000.000 1.011701 0.707890 0.908924 0.848424
 763500.000 1.019701 0.673163 0.921264 0.881876
 764000.000 1.010298 0.710990 0.909275 0.842089
 764500.000 0.992206 0.619925 0.909988 0.869806
 765000.000 1.056760 0.737824 0.919264 0.918724
 765500.000 1.022048 0.642987 0.923946 0.906673
 766000.000 1.015729 0.727025 0.885967 0.865974
 766500.000 1.018505 0.743903 0.851838 0.892012
 767000.000 1.027533 0.757441 0.864582 0.889061
 767500.000 1.035589 0.742156 0.914376 0.870637
 768000.000 1.020273 0.758831 0.870104 0.865453
 768500.000 1.003458 0.797950 0.832910 0.826676
 769000.000 1.023584 0.785673 0.886430 0.832112
 769500.000 1.037664 0.829776 0.907543 0.800830
 770000.000 1.023368 0.837460 0.878727 0.788074
 770500.000 1.043015 0.834330 0.866785 0.853427
 771000.000 1.021709 0.829849 0.837034 0.835764
 771500.000 1.045578 0.840297 0.882869 0.837203
 772000.000 1.042229 0.792340 0.915258 0.840822
 772500.000 1.039963 0.799975 0.935746 0.804654
 773000.000 1.045203 0.845030 0.918664 0.791756
 773500.000 1.061666 0.826759 0.950342 0.817061
 774000.000 1.039340 0.766872 0.955944 0.811500
 774500.000 1.033143 0.709269 0.956918 0.846177
 775000.000 1.011172 0.666852 0.943594 0.842542
 775500.000 1.009498 0.692078 0.928126 0.835333
 776000.000 1.031367 0.727410 0.938175 0.847431
 776500.000 1.027387 0.774309 0.928030 0.806383
 777000.000 1.012218 0.752958 0.928272 0.787742
 777500.000 1.023076 0.734268 0.937105 0.822225
 778000.000 0.994754 0.780004 0.913179 0.732645
 778500.000 1.021531 0.741844 0.942727 0.804973
 779000.000 1.045092 0.731849 0.963215 0.849146
 779500.000 1.019545 0.711748 0.948899 0.819724
 780000.000 1.027237 0.725926 0.946070 0.829707
 780500.000 0.995471 0.714049 0.915517 0.796171
 781000.000 1.002469 0.716165 0.921672 0.804683
 781500.000 1.017030 0.674314 0.941344 0.853153
 782000.000 1.057418 0.722541 0.969131 0.880334
 782500.000 1.032480 0.719070 0.958617 0.834279
 783000.000 1.018694 0.640862 0.951367 0.871591
 783500.000 0.973672 0.698650 0.897057 0.776692
 784000.000 0.991150 0.719292 0.920934 0.774117
 784500.000 1.009954 0.750470 0.933373 0.778218
 785000.000 1.021332 0.760020 0.930608 0.801608
 785500.000 1.000645 0.748401 0.908335 0.785752
 786000.000 0.984307 0.705413 0.913392 0.778351
 786500.000 0.992602 0.739750 0.922105 0.756974
 787000.000 0.995261 0.790765 0.903041 0.735048
 787500.000 1.006508 0.821699 0.902460 0.732457
 788000.000 1.009381 0.799393 0.914578 0.749811
 788500.000 1.041027 0.708912 0.980838 0.838377
 789000.000 1.020700 0.738037 0.960488 0.785123
 789500.000 1.019153 0.805798 0.929397 0.751171
 790000.000 1.019159 0.752925 0.914443 0.821139
 790500.000 1.002957 0.719322 0.916165 0.809360
 791000.000 1.015344 0.690106 0.942157 0.835430
 791500.000 1.001887 0.678374 0.900363 0.858319
 792000.000 0.992307 0.625800 0.913707 0.861892
 792500.000 1.016325 0.616041 0.945472 0.890174
 793000.000 1.038126 0.580451 0.961456 0.945564
 793500.000 1.050491 0.591325 0.981267 0.945786
 794000.000 1.021198 0.576044 0.946827 0.925951
 794500.000 1.031523 0.579670 0.963108 0.929775
 795000.000 1.026883 0.589623 0.959189 0.917213
 795500.000 1.014567 0.564167 0.935351 0.930336
 796000.000 1.039119 0.637239 0.951134 0.921307
 796500.000 1.010038 0.548006 0.941043 0.924382
 797000.000 1.031013 0.531928 0.961531 0.958376
 797500.000 0.994449 0.544011 0.922309 0.911733
 798000.000 1.021293 0.556139 0.944271 0.940819
 798500.000 1.000645 0.583840 0.935817 0.886543
 799000.000 1.007464 0.598417 0.928343 0.900024
 799500.000 1.027994 0.604546 0.955486 0.913846
 800000.000 1.016498 0.548874 0.954677 0.924049
 800500.000 1.026652 0.574864 0.953371 0.932011
 801000.000 1.020822 0.586510 0.930627 0.934931
 801500.000 1.004331 0.622864 0.915378 0.889655
 802000.000 0.980569 0.564339 0.905022 0.886279
 802500.000 1.002748 0.550748 0.933164 0.914817
 803000.000 1.019713 0.542084 0.946854 0.942996
 803500.000 0.989107 0.518914 0.914686 0.922359
 804000.000 1.039680 0.499936 0.979776 0.975691
 804500.000 1.026342 0.558323 0.956410 0.938248
 805000.000 1.017698 0.599296 0.929876 0.920649
 805500.000 1.019651 0.590818 0.944636 0.915408
 806000.000 1.022207 0.588245 0.946854 0.920461
 806500.000 1.032366 0.591077 0.958060 0.929681
 807000.000 1.005495 0.574130 0.943184 0.896002
 807500.000 1.031663 0.600924 0.970857 0.908286
 808000.000 1.030427 0.579474 0.959242 0.931464
 808500.000 1.020931 0.521115 0.967482 0.936492
 809000.000 1.007349 0.528668 0.937909 0.932922
 809500.000 1.059432 0.525908 1.000064 0.983915
 810000.000 1.005128 0.577211 0.929553 0.907371
 810500.000 1.010903 0.522037 0.943648 0.938541
 811000.000 1.030134 0.604398 0.953343 0.920974
 811500.000 1.048191 0.578678 0.969654 0.960370
 812000.000 1.022122 0.532800 0.954070 0.946226
 812500.000 1.021154 0.588983 0.929962 0.934763
 813000.000 0.992908 0.548595 0.907509 0.920436
 813500.000 0.997868 0.531400 0.929116 0.919694
 814000.000 0.995952 0.542406 0.916063 0.922206
 814500.000 0.985574 0.559766 0.913839 0.891219
 815000.000 0.997589 0.544905 0.922864 0.917480
 815500.000 1.007214 0.583468 0.916698 0.920972
 816000.000 0.996986 0.595548 0.915670 0.891533
 816500.000 1.026137 0.543922 0.948445 0.954209
 817000.000 0.999058 0.543762 0.923936 0.920270
 817500.000 1.013464 0.542267 0.942154 0.934082
 818000.000 1.014055 0.561240 0.946604 0.919546
 818500.000 1.004373 0.584526 0.936764 0.893494
 819000.000 0.970953 0.548464 0.900449 0.879702
 819500.000 1.010213 0.548476 0.936634 0.928953
 820000.000 0.988694 0.525339 0.910800 0.921680
 820500.000 0.980751 0.542718 0.901637 0.903466
 821000.000 1.004823 0.552395 0.931129 0.920434
 821500.000 0.992534 0.521602 0.914997 0.927878
 822000.000 1.008278 0.538714 0.938360 0.928719
 822500.000 0.997058 0.504475 0.925968 0.936128
 823000.000 1.002145 0.552409 0.936178 0.909399
 823500.000 1.005700 0.581444 0.938388 0.896782
 824000.000 1.008548 0.531125 0.930947 0.941055
 824500.000 1.014467 0.540005 0.944985 0.934711
 825000.000 1.018798 0.485910 0.954928 0.963278
 825500.000 1.092275 0.488393 1.042651 1.029797
 826000.000 1.081952 0.464510 1.039356 1.022357
 826500.000 1.073021 0.463597 1.034369 1.008914
 827000.000 1.082643 0.475573 1.046448 1.011438
 827500.000 1.064621 0.478838 1.026882 0.991495
 828000.000 1.092507 0.499344 1.058020 1.009155
 828500.000 1.081588 0.491173 1.036871 1.011588
 829000.000 1.053681 0.449253 1.011943 0.997310
 829500.000 1.071263 0.455132 1.030205 1.013282
 830000.000 1.071361 0.477171 1.029272 1.004258
 830500.000 1.072844 0.466788 1.033695 1.007756
 831000.000 1.070198 0.430557 1.031780 1.020145
 831500.000 1.066479 0.444113 1.027448 1.010875
 832000.000 1.091307 0.453613 1.053861 1.032238
 832500.000 1.070332 0.446631 1.029772 1.015535
 833000.000 1.083910 0.427983 1.047680 1.033885
 833500.000 1.081012 0.450305 1.038930 1.027142
 834000.000 1.074499 0.477394 1.024155 1.016019
 834500.000 1.078196 0.459381 1.034549 1.021611
 835000.000 1.061311 0.465700 1.014766 1.003063
 835500.000 1.081150 0.471101 1.034574 1.022493
 836000.000 1.080269 0.468982 1.032075 1.024129
 836500.000 1.054805 0.467971 1.008022 0.995047
 837000.000 1.075539 0.454115 1.037679 1.015170
 837500.000 1.064864 0.456525 1.029092 1.000212
 838000.000 1.056249 0.443903 1.022705 0.994156
 838500.000 1.087446 0.461055 1.049045 1.025675
 839000.000 1.077763 0.464558 1.037638 1.015204
 839500.000 1.080661 0.451076 1.043907 1.021002
 840000.000 1.073224 0.475289 1.028878 1.009520
 840500.000 1.075116 0.473662 1.033146 1.009951
 841000.000 1.097802 0.468747 1.058764 1.034230
 841500.000 1.088386 0.471749 1.050403 1.021407
 842000.000 1.104006 0.479095 1.065332 1.035952
 842500.000 1.090274 0.501137 1.047226 1.014679
 843000.000 1.078344 0.478617 1.037936 1.009587
 843500.000 1.081648 0.499993 1.038743 1.005456
 844000.000 1.069944 0.470639 1.028476 1.005135
 844500.000 1.107843 0.454917 1.066054 1.054140
 845000.000 1.116579 0.474795 1.075352 1.054365
 845500.000 1.102769 0.471846 1.057101 1.045035
 846000.000 1.099665 0.477429 1.054963 1.038095
 846500.000 1.112160 0.511195 1.049520 1.054034
 847000.000 1.136849 0.535165 1.063548 1.080423
 847500.000 1.104581 0.535107 1.037728 1.037776
 848000.000 1.092148 0.514759 1.040611 1.018689
 848500.000 1.098168 0.504459 1.053885 1.023128
 849000.000 1.071383 0.480018 1.022493 1.009859
 849500.000 1.049212 0.519678 0.992327 0.973095
 850000.000 1.038638 0.552773 0.954531 0.969974
 850500.000 1.065838 0.523168 0.993979 1.005149
 851000.000 1.015176 0.569364 0.923633 0.940154
 851500.000 0.981533 0.594322 0.867672 0.905947
 852000.000 0.994514 0.625973 0.860185 0.919977
 852500.000 1.065486 0.533889 0.994357 0.998368
 853000.000 1.063711 0.559121 0.974230 1.000610
 853500.000 1.047465 0.559553 0.962577 0.977094
 854000.000 1.057928 0.639407 0.939413 0.973184
 854500.000 1.038978 0.585807 0.919101 0.985410
 855000.000 1.023895 0.558145 0.924265 0.964849
 855500.000 1.023915 0.572717 0.930643 0.950107
 856000.000 1.030084 0.625822 0.901562 0.957956
 856500.000 1.005549 0.579794 0.907958 0.928281
 857000.000 1.024078 0.609180 0.911890 0.945955
 857500.000 0.981284 0.610543 0.853874 0.907731
 858000.000 0.987668 0.667015 0.826609 0.907074
 858500.000 0.990037 0.614218 0.859554 0.918830
 859000.000 1.002750 0.654732 0.871910 0.906706
 859500.000 1.004044 0.596797 0.881348 0.939823
 860000.000 1.033193 0.620416 0.905088 0.964820
 860500.000 1.053221 0.629357 0.930298 0.978267
 861000.000 1.021418 0.641221 0.896814 0.933353
 861500.000 1.074121 0.588750 0.958440 1.020902
 862000.000 1.114464 0.599476 1.001049 1.059523
 862500.000 0.998189 0.658795 0.877452 0.888161
 863000.000 1.020276 0.591557 0.910594 0.950161
 863500.000 1.021452 0.589231 0.894640 0.969100
 864000.000 1.068336 0.603712 0.944752 1.012747
 864500.000 1.020775 0.630702 0.898118 0.937850
 865000.000 1.039124 0.668748 0.895972 0.953713
 865500.000 1.011210 0.654524 0.876337 0.921263
 866000.000 0.984993 0.662479 0.847044 0.885470
 866500.000 0.986154 0.638197 0.851713 0.901272
 867000.000 1.001589 0.690241 0.855293 0.893533
 867500.000 0.976453 0.695611 0.826661 0.860044
 868000.000 0.987952 0.691955 0.848494 0.867959
 868500.000 1.000034 0.634593 0.870627 0.916208
 869000.000 1.058299 0.623276 0.948159 0.975968
 869500.000 1.019706 0.639135 0.897882 0.930008
 870000.000 1.030080 0.614203 0.918690 0.949155
 870500.000 1.023710 0.570099 0.934760 0.947193
 871000.000 1.031540 0.634901 0.903298 0.953467
 871500.000 1.024041 0.632717 0.897522 0.944163
 872000.000 0.994253 0.601781 0.884008 0.912944
 872500.000 1.042539 0.622427 0.926852 0.962967
 873000.000 1.022772 0.639737 0.894630 0.939414
 873500.000 1.019385 0.646239 0.904581 0.917824
 874000.000 1.010588 0.674599 0.884139 0.897657
 874500.000 1.018428 0.667277 0.900277 0.904784
 875000.000 1.026579 0.678090 0.894999 0.920273
 875500.000 1.052188 0.706573 0.912553 0.939256
 876000.000 0.990353 0.671772 0.849336 0.888229
 876500.000 1.020133 0.603229 0.905515 0.947366
 877000.000 1.009496 0.659837 0.890001 0.900376
 877500.000 1.034384 0.656010 0.894790 0.953364
 878000.000 1.035630 0.665678 0.904172 0.940427
 878500.000 1.006582 0.633860 0.865921 0.935316
 879000.000 0.994873 0.662398 0.844269 0.909935
 879500.000 1.002396 0.617246 0.870336 0.933337
 880000.000 1.006618 0.616598 0.882011 0.931894
 880500.000 1.047368 0.648625 0.903899 0.977860
 881000.000 1.018101 0.634900 0.896842 0.930394
 881500.000 1.022270 0.639049 0.895387 0.938067
 882000.000 1.032592 0.597070 0.926259 0.958146
 882500.000 1.017849 0.632532 0.896065 0.932204
 883000.000 1.058900 0.657390 0.927904 0.974358
 883500.000 1.025455 0.613464 0.914168 0.943967
 884000.000 1.087948 0.692858 0.958412 0.984203
 884500.000 1.076500 0.721718 0.937197 0.958379
 885000.000 1.128669 0.712686 0.977403 1.041416
 885500.000 1.062523 0.714047 0.926422 0.943288
 886000.000 1.023877 0.658198 0.884752 0.938423
 886500.000 1.015618 0.658319 0.896672 0.908601
 887000.000 1.041028 0.711877 0.904721 0.917709
 887500.000 1.009103 0.672483 0.879940 0.900028
 888000.000 1.057220 0.687516 0.933472 0.944130
 888500.000 1.004236 0.708306 0.894843 0.845305
 889000.000 1.023433 0.722322 0.878934 0.894739
 889500.000 1.028373 0.613680 0.924936 0.939676
 890000.000 1.032669 0.647967 0.924623 0.926295
 890500.000 1.020132 0.682373 0.901707 0.895896
 891000.000 1.042457 0.667385 0.928696 0.930350
 891500.000 0.992282 0.651954 0.870619 0.886694
 892000.000 1.014751 0.661102 0.907247 0.894028
 892500.000 1.009743 0.654173 0.883691 0.911214
 893000.000 0.998146 0.677707 0.887589 0.863418
 893500.000 1.023354 0.679200 0.894729 0.912500
 894000.000 1.010925 0.659476 0.895569 0.898323
 894500.000 1.005664 0.629912 0.903007 0.900285
 895000.000 1.005064 0.639280 0.905471 0.889805
 895500.000 1.023878 0.656402 0.923172 0.901968
 896000.000 1.034078 0.702173 0.937219 0.875905
 896500.000 1.049457 0.701552 0.944312 0.904886
 897000.000 1.047502 0.664735 0.947516 0.924587
 897500.000 1.019042 0.657178 0.917063 0.896663
 898000.000 1.026112 0.620834 0.927896 0.927030
 898500.000 1.048857 0.659477 0.943283 0.935687
 899000.000 0.998162 0.610828 0.898713 0.901033
 899500.000 1.007985 0.604201 0.897353 0.928314
 900000.000 1.011878 0.597054 0.918930 0.920266
 900500.000 1.003541 0.608421 0.908771 0.904516
 901000.000 1.019412 0.623331 0.925547 0.912810
 901500.000 0.988343 0.601655 0.883989 0.900121
 902000.000 1.018983 0.623504 0.927566 0.909680
 902500.000 0.970821 0.595620 0.886560 0.862691
 903000.000 1.005369 0.620476 0.917324 0.891661
 903500.000 1.011647 0.620680 0.919991 0.902903
 904000.000 1.013952 0.622530 0.914433 0.912395
 904500.000 0.990776 0.589383 0.892794 0.904888
 905000.000 0.969359 0.586920 0.878005 0.874039
 905500.000 0.968224 0.584188 0.871857 0.879491
 906000.000 0.955224 0.587041 0.863175 0.857449
 906500.000 0.991062 0.603006 0.895869 0.893426
 907000.000 0.976421 0.616395 0.860297 0.886985
 907500.000 0.956730 0.593465 0.856525 0.863034
 908000.000 0.973586 0.636172 0.871348 0.855440
 908500.000 0.997331 0.630586 0.892752 0.891457
 909000.000 0.997760 0.627216 0.894752 0.892787
 909500.000 0.973306 0.617439 0.885451 0.854045
 910000.000 0.958331 0.599653 0.867016 0.851762
 910500.000 0.949033 0.573326 0.869460 0.846561
 911000.000 0.999540 0.616838 0.907985 0.890637
 911500.000 1.022529 0.598927 0.938103 0.923245
 912000.000 1.034852 0.629731 0.949334 0.918716
 912500.000 1.022268 0.648439 0.924457 0.902757
 913000.000 1.045841 0.685336 0.940185 0.913199
 913500.000 1.045423 0.641891 0.941590 0.941915
 914000.000 1.024503 0.649693 0.927223 0.904084
 914500.000 1.047468 0.623658 0.939421 0.960685
 915000.000 1.043548 0.590834 0.959018 0.953513
 915500.000 1.075604 0.592193 0.979662 1.001706
 916000.000 1.020277 0.556915 0.940236 0.942196
 916500.000 1.026623 0.580936 0.946009 0.935677
 917000.000 1.037924 0.537216 0.952430 0.979208
 917500.000 1.054245 0.557572 0.978111 0.977384
 918000.000 1.043667 0.593254 0.956178 0.955122
 918500.000 1.028100 0.582666 0.960126 0.923384
 919000.000 1.091906 0.619666 1.013309 0.986780
 919500.000 1.062038 0.570863 0.987617 0.977024
 920000.000 1.079796 0.561058 1.007909 1.000626
 920500.000 1.042105 0.628702 0.953288 0.931634
 921000.000 1.020284 0.638863 0.945245 0.883359
 921500.000 0.971385 0.618289 0.879493 0.855213
 922000.000 1.002789 0.643356 0.909852 0.877173
 922500.000 0.958035 0.612790 0.874108 0.834318
 923000.000 0.954537 0.620842 0.864376 0.830476
 923500.000 0.954940 0.631887 0.864753 0.822642
 924000.000 0.945322 0.634643 0.835855 0.828155
 924500.000 1.017188 0.637361 0.934150 0.889087
 925000.000 1.052058 0.618977 0.983284 0.929340
 925500.000 1.076628 0.565925 1.000638 0.998352
 926000.000 1.043595 0.610899 0.975560 0.923723
 926500.000 1.036852 0.543373 0.963166 0.962902
 927000.000 1.062231 0.547161 0.991047 0.987478
 927500.000 1.066794 0.565375 0.997139 0.980899
 928000.000 1.037581 0.567726 0.964551 0.948937
 928500.000 1.073797 0.577217 1.003147 0.983156
 929000.000 1.066319 0.600790 1.001558 0.953942
 929500.000 1.082174 0.624475 1.014380 0.960867
 930000.000 1.036470 0.588185 0.961182 0.937394
 930500.000 1.072745 0.617807 0.989446 0.969986
 931000.000 1.013867 0.637429 0.932644 0.883012
 931500.000 1.037341 0.603346 0.956237 0.934740
 932000.000 1.039924 0.591915 0.961084 0.942782
 932500.000 1.058373 0.627115 0.984655 0.936743
 933000.000 1.041554 0.596735 0.970415 0.933742
 933500.000 1.044599 0.606713 0.971104 0.933397
 934000.000 1.041304 0.595833 0.971635 0.932489
 934500.000 1.051835 0.579996 0.980636 0.956384
 935000.000 1.070560 0.616456 0.988946 0.966521
 935500.000 1.055607 0.616380 0.975377 0.947275
 936000.000 1.061613 0.606100 0.991915 0.950154
 936500.000 1.081295 0.607217 1.013525 0.970801
 937000.000 1.074044 0.609760 1.003243 0.963762
 937500.000 1.105059 0.619981 1.032745 0.995676
 938000.000 1.055060 0.639404 0.975561 0.930453
 938500.000 1.050469 0.641830 0.969750 0.924450
 939000.000 1.073831 0.590986 0.997808 0.980481
 939500.000 1.045104 0.676610 0.962148 0.894962
 940000.000 1.019938 0.673466 0.941060 0.861044
 940500.000 1.056846 0.661043 0.985370 0.908800
 941000.000 1.096959 0.680601 1.024006 0.945956
 941500.000 1.043054 0.630698 0.956136 0.929489
 942000.000 1.030952 0.622045 0.947030 0.917561
 942500.000 1.054039 0.587274 0.978954 0.958518
 943000.000 1.044312 0.660549 0.937228 0.930836
 943500.000 1.040659 0.636478 0.947088 0.929443
 944000.000 1.052102 0.642535 0.959053 0.938725
 944500.000 1.054657 0.734786 0.938906 0.896186
 945000.000 1.072598 0.622755 0.983924 0.972113
 945500.000 1.035768 0.631811 0.962300 0.905772
 946000.000 1.048679 0.645306 0.955343 0.932929
 946500.000 1.047723 0.642469 0.956263 0.931794
 947000.000 1.058110 0.690127 0.959594 0.917659
 947500.000 1.062602 0.637403 0.966758 0.957780
 948000.000 1.056302 0.711817 0.951600 0.905162
 948500.000 1.077384 0.668060 0.969365 0.967232
 949000.000 1.067840 0.660654 0.957592 0.962871
 949500.000 1.036381 0.659482 0.935135 0.915848
 950000.000 1.076498 0.652552 0.968984 0.976188
 950500.000 1.049309 0.706555 0.940367 0.904760
 951000.000 1.086940 0.762967 0.969401 0.917072
 951500.000 1.027704 0.728904 0.916123 0.861259
 952000.000 1.016119 0.705500 0.906906 0.863011
 952500.000 1.011415 0.694521 0.894688 0.873553
 953000.000 1.037096 0.746370 0.933124 0.850499
 953500.000 1.075590 0.743104 0.970754 0.905107
 954000.000 1.082999 0.787218 0.974929 0.880666
 954500.000 1.053134 0.772191 0.944635 0.854147
 955000.000 1.082898 0.764295 0.973387 0.902057
 955500.000 1.027661 0.727969 0.920613 0.857152
 956000.000 1.040865 0.784892 0.917598 0.841879
 956500.000 1.054752 0.785286 0.936482 0.855181
 957000.000 0.997947 0.784900 0.874924 0.781177
 957500.000 1.015698 0.730583 0.910828 0.836617
 958000.000 0.978626 0.723526 0.865523 0.801746
 958500.000 1.006494 0.724053 0.903107 0.828374
 959000.000 0.989872 0.728588 0.877018 0.812214
 959500.000 1.049371 0.729427 0.944199 0.882489
 960000.000 1.033509 0.751408 0.918679 0.853050
 960500.000 0.966685 0.709459 0.859163 0.792128
 961000.000 1.041485 0.761287 0.942591 0.837464
 961500.000 1.042019 0.734629 0.941371 0.863566
 962000.000 1.017602 0.710143 0.924263 0.844076
 962500.000 1.027445 0.783795 0.913967 0.813397
 963000.000 1.031870 0.753437 0.929647 0.835223
 963500.000 1.005195 0.738008 0.893894 0.822879
 964000.000 1.026499 0.728285 0.932223 0.841404
 964500.000 1.047643 0.722795 0.949819 0.877793
 965000.000 1.047904 0.734846 0.948624 0.869666
 965500.000 1.031075 0.739246 0.928214 0.847448
 966000.000 1.030563 0.768823 0.936637 0.809779
 966500.000 1.002740 0.738249 0.920983 0.785973
 967000.000 0.999758 0.764339 0.902109 0.775252
 967500.000 1.024236 0.749929 0.931005 0.817896
 968000.000 0.998879 0.745182 0.897868 0.796276
 968500.000 1.006965 0.736928 0.922508 0.796162
 969000.000 1.024744 0.776022 0.935695 0.788966
 969500.000 1.075469 0.788560 0.975017 0.860686
 970000.000 1.016125 0.742959 0.928381 0.806933
 970500.000 1.020871 0.757774 0.933108 0.799652
 971000.000 1.055092 0.809258 0.956241 0.810644
 971500.000 1.072420 0.781766 0.989948 0.842031
 972000.000 1.003037 0.770886 0.908759 0.769455
 972500.000 1.030780 0.758652 0.945062 0.810136
 973000.000 1.007840 0.752590 0.927877 0.777260
 973500.000 1.022884 0.751747 0.941127 0.801088
 974000.000 1.048773 0.718170 0.963953 0.868837
 974500.000 1.030413 0.759795 0.961569 0.788415
 975000.000 1.033527 0.733559 0.965441 0.816194
 975500.000 1.064638 0.729065 1.000805 0.856598
 976000.000 1.005157 0.718947 0.927066 0.802710
 976500.000 1.014798 0.747087 0.933606 0.793644
 977000.000 1.043562 0.768754 0.971743 0.801733
 977500.000 1.003171 0.756062 0.917247 0.774425
 978000.000 1.024697 0.742093 0.942523 0.812993
 978500.000 1.022301 0.738859 0.949189 0.802076
 979000.000 1.044482 0.728484 0.964020 0.849625
 979500.000 1.004081 0.715702 0.912776 0.819128
 980000.000 1.008279 0.710422 0.918993 0.827045
 980500.000 1.040350 0.737074 0.966455 0.829061
 981000.000 1.042234 0.671525 0.979539 0.872961
 981500.000 1.020152 0.695377 0.941456 0.843523
 982000.000 1.010728 0.670939 0.935655 0.847071
 982500.000 0.992190 0.679693 0.899755 0.835069
 983000.000 1.010985 0.686498 0.931751 0.839489
 983500.000 1.055686 0.665321 0.988868 0.899130
 984000.000 1.055650 0.714124 0.986261 0.863778
 984500.000 1.041680 0.694792 0.973593 0.859987
 985000.000 1.062607 0.689503 0.992965 0.892676
 985500.000 1.022759 0.646524 0.951595 0.876668
 986000.000 1.022197 0.681038 0.945310 0.855776
 986500.000 1.014370 0.680934 0.944011 0.838490
 987000.000 1.009736 0.692201 0.925670 0.838527
 987500.000 1.044252 0.704347 0.961076 0.872443
 988000.000 1.011255 0.702155 0.929261 0.829894
 988500.000 1.037808 0.718468 0.966376 0.839055
 989000.000 1.014179 0.670542 0.935267 0.856019
 989500.000 1.063266 0.715771 0.987450 0.879593
 990000.000 1.036203 0.662721 0.955197 0.892095
 990500.000 1.038164 0.667470 0.951288 0.897275
 991000.000 0.997232 0.638738 0.911742 0.865844
 991500.000 1.027882 0.674889 0.945444 0.873923
 992000.000 1.077013 0.656851 0.996441 0.946343
 992500.000 1.043677 0.655781 0.965006 0.904014
 993000.000 1.031240 0.711766 0.946907 0.850686
 993500.000 0.986228 0.714054 0.899208 0.791735
 994000.000 1.018209 0.731867 0.939379 0.809589
 994500.000 1.038388 0.728632 0.961893 0.836874
 995000.000 1.034444 0.729426 0.958003 0.830854
 995500.000 1.027693 0.754358 0.944947 0.806428
 996000.000 1.056201 0.744370 0.985669 0.839933
 996500.000 1.030238 0.757036 0.958797 0.793968
 997000.000 1.065208 0.719733 0.990248 0.877912
 997500.000 1.099020 0.718839 1.023527 0.922688
 998000.000 1.065342 0.741163 0.986070 0.865014
 998500.000 1.083501 0.742340 1.007373 0.884353
 999000.000 1.061939 0.709021 0.992934 0.875671
 999500.000 1.014954 0.719754 0.922476 0.831416
1000000.000 1.011442 0.712115 0.933450 0.817063
