       1    2.744    0.167
       2    1.943    0.246
       3    0.973    0.129
       4    0.661    0.123
       5    1.449    0.190
       6    1.693    0.194
       7    0.437    0.079
       8    1.590    0.294
       9    0.950    0.144
      10    1.670    0.214
      11    0.787    0.124
      12    0.951    0.148
      13    0.352    0.130
      14    1.318    0.257
      15    0.968    0.230
      16    1.468    0.214
      17    1.717    0.284
      18    1.217    0.292
      19    1.485    0.293
      20    1.998    0.380
      21    2.688    0.257
