TRP_nolipid
""
WAVELENGTH	FLUORESCENCE
300.0	100.8388671875
300.5	108.12403869628906
301.0	116.7254867553711
301.5	124.67070007324219
302.0	136.26608276367188
302.5	149.14947509765625
303.0	162.01348876953125
303.5	176.50848388671875
304.0	190.4066925048828
304.5	205.92367553710938
305.0	224.40269470214844
305.5	238.72886657714844
306.0	258.8055419921875
306.5	273.9624328613281
307.0	295.6202697753906
307.5	312.1669921875
308.0	335.7001037597656
308.5	358.3459167480469
309.0	379.4871826171875
309.5	403.8868103027344
310.0	426.7466125488281
310.5	450.2259521484375
311.0	476.7512512207031
311.5	501.617431640625
312.0	530.1047973632812
312.5	556.893310546875
313.0	587.2139892578125
313.5	615.05322265625
314.0	646.762939453125
314.5	682.1502075195312
315.0	708.9953002929688
315.5	745.5990600585938
316.0	773.7793579101562
316.5	811.4993896484375
317.0	847.28662109375
317.5	880.0552978515625
318.0	913.4135131835938
318.5	950.6903686523438
319.0	984.3975830078125
319.5	1022.0829467773438
320.0	1057.09765625
320.5	1096.4140625
321.0	1138.88134765625
321.5	1171.4930419921875
322.0	1214.7906494140625
322.5	1248.3656005859375
323.0	1292.712646484375
323.5	1333.9390869140625
324.0	1371.536865234375
324.5	1410.0308837890625
325.0	1452.2646484375
325.5	1490.9658203125
326.0	1533.4776611328125
326.5	1572.063232421875
327.0	1614.928466796875
327.5	1661.3482666015625
328.0	1696.0457763671875
328.5	1741.9791259765625
329.0	1776.6092529296875
329.5	1822.86962890625
330.0	1860.1962890625
330.5	1901.4239501953125
331.0	1938.2032470703125
331.5	1979.4285888671875
332.0	2015.480712890625
332.5	2055.472412109375
333.0	2097.552734375
333.5	2128.873046875
334.0	2169.439208984375
334.5	2203.726806640625
335.0	2240.538330078125
335.5	2273.19140625
336.0	2308.437255859375
336.5	2339.396728515625
337.0	2372.990478515625
337.5	2409.909912109375
338.0	2435.8896484375
338.5	2470.260986328125
339.0	2498.452392578125
339.5	2528.74658203125
340.0	2555.7587890625
340.5	2584.67138671875
341.0	2609.619384765625
341.5	2636.31103515625
342.0	2663.947509765625
342.5	2683.900634765625
343.0	2710.15625
343.5	2731.0712890625
344.0	2753.172119140625
344.5	2772.780517578125
345.0	2792.922607421875
345.5	2809.83154296875
346.0	2828.04541015625
346.5	2846.64892578125
347.0	2861.302734375
347.5	2876.819580078125
348.0	2890.132080078125
348.5	2904.312744140625
349.0	2915.97412109375
349.5	2927.373046875
350.0	2938.831298828125
350.5	2947.434326171875
351.0	2957.314453125
351.5	2965.76171875
352.0	2974.317626953125
352.5	2980.261474609375
353.0	2985.82177734375
353.5	2990.2294921875
354.0	2995.368896484375
354.5	2999.213623046875
355.0	3002.65283203125
355.5	3004.31884765625
356.0	3006.4931640625
356.5	3006.98779296875
357.0	3006.88232421875
357.5	3005.820556640625
358.0	3004.552734375
358.5	3002.36279296875
359.0	2999.767578125
359.5	2995.9951171875
360.0	2991.85986328125
360.5	2986.63427734375
361.0	2981.693359375
361.5	2974.415283203125
362.0	2967.33740234375
362.5	2959.63525390625
363.0	2951.496337890625
363.5	2943.623779296875
364.0	2934.434814453125
364.5	2925.297607421875
365.0	2914.0810546875
365.5	2901.9228515625
366.0	2890.90625
366.5	2877.049560546875
367.0	2865.0283203125
367.5	2849.411865234375
368.0	2835.358154296875
368.5	2821.30126953125
369.0	2804.650634765625
369.5	2788.597900390625
370.0	2770.50634765625
370.5	2754.1630859375
371.0	2734.173095703125
371.5	2714.60986328125
372.0	2695.906494140625
372.5	2675.108154296875
373.0	2655.40380859375
373.5	2632.193115234375
374.0	2610.206298828125
374.5	2589.608642578125
375.0	2566.341064453125
375.5	2545.63818359375
376.0	2518.81689453125
376.5	2494.771728515625
377.0	2472.56982421875
377.5	2447.87841796875
378.0	2426.129638671875
378.5	2398.55908203125
379.0	2372.86376953125
379.5	2349.289794921875
380.0	2323.21435546875
380.5	2299.513671875
381.0	2270.201171875
381.5	2243.6142578125
382.0	2218.856201171875
382.5	2191.8662109375
383.0	2166.861328125
383.5	2137.2705078125
384.0	2110.102294921875
384.5	2085.441162109375
385.0	2058.075439453125
385.5	2033.147216796875
386.0	2002.3985595703125
386.5	1974.988525390625
387.0	1950.4622802734375
387.5	1923.313232421875
388.0	1898.9716796875
388.5	1869.126953125
389.0	1842.2381591796875
389.5	1817.8699951171875
390.0	1789.0191650390625
390.5	1767.604736328125
391.0	1738.5445556640625
391.5	1711.3704833984375
392.0	1687.023193359375
392.5	1658.0628662109375
393.0	1637.1259765625
393.5	1609.112060546875
394.0	1583.6273193359375
394.5	1560.41748046875
395.0	1532.6961669921875
395.5	1506.848388671875
396.0	1484.350341796875
396.5	1457.65771484375
397.0	1437.400390625
397.5	1411.1474609375
398.0	1387.1365966796875
398.5	1365.4622802734375
399.0	1340.1265869140625
399.5	1317.342529296875
400.0	1296.728515625
400.5	1275.7603759765625
401.0	1252.8363037109375
401.5	1228.68115234375
402.0	1206.1668701171875
402.5	1186.4423828125
403.0	1163.566650390625
403.5	1142.81982421875
404.0	1124.234375
404.5	1105.350830078125
405.0	1085.1640625
405.5	1063.281982421875
406.0	1045.5517578125
406.5	1025.771728515625
407.0	1005.0939331054688
407.5	985.804443359375
408.0	968.8577270507812
408.5	949.0248413085938
409.0	934.4599609375
409.5	914.9310302734375
410.0	899.189697265625
410.5	881.7936401367188
411.0	863.4475708007812
411.5	848.3162231445312
412.0	832.0538330078125
412.5	814.6231689453125
413.0	799.1290893554688
413.5	784.8191528320312
414.0	767.5382690429688
414.5	754.873291015625
415.0	738.7045288085938
415.5	725.1300048828125
416.0	710.79931640625
416.5	695.2335815429688
417.0	682.216796875
417.5	667.8159790039062
418.0	653.290283203125
418.5	641.6134643554688
419.0	628.65185546875
419.5	615.2667846679688
420.0	602.678955078125
420.5	591.2476806640625
421.0	577.28857421875
421.5	567.337890625
422.0	554.4313354492188
422.5	541.898193359375
423.0	532.6253051757812
423.5	520.507080078125
424.0	510.55963134765625
424.5	499.8814697265625
425.0	488.60693359375
425.5	479.4598083496094
426.0	469.3390197753906
426.5	458.6789855957031
427.0	450.0180969238281
427.5	440.3787841796875
428.0	430.3805236816406
428.5	421.82513427734375
429.0	412.5749206542969
429.5	402.82489013671875
430.0	395.1378479003906
430.5	386.7464904785156
431.0	377.6949157714844
431.5	370.5245361328125
432.0	362.279541015625
432.5	353.7154541015625
433.0	346.80999755859375
433.5	339.1681213378906
434.0	331.1402282714844
434.5	324.6339416503906
435.0	317.88153076171875
435.5	310.2025451660156
436.0	303.9742736816406
436.5	297.3290100097656
437.0	290.1557312011719
437.5	284.6905212402344
438.0	278.4560852050781
438.5	272.00408935546875
439.0	266.6448059082031
439.5	260.7815246582031
440.0	254.62435913085938
440.5	249.27755737304688
441.0	243.8035125732422
441.5	237.90296936035156
442.0	232.90264892578125
442.5	227.62510681152344
443.0	221.93197631835938
443.5	217.38136291503906
444.0	212.0779266357422
444.5	207.17794799804688
445.0	201.9412841796875
445.5	198.00091552734375
446.0	193.595458984375
446.5	189.01637268066406
447.0	184.9259796142578
447.5	180.58114624023438
448.0	175.92279052734375
448.5	172.2135772705078
449.0	168.30213928222656
449.5	164.3372802734375
450.0	160.97254943847656
