BFII_lipid_1
""
WAVELENGTH	FLUORESCENCE
300.0	148.02276611328125
300.5	155.25205993652344
301.0	163.23251342773438
301.5	170.6099853515625
302.0	181.9281005859375
302.5	194.70497131347656
303.0	206.7838592529297
303.5	220.70082092285156
304.0	233.89828491210938
304.5	248.80455017089844
305.0	265.795166015625
305.5	279.2859802246094
306.0	297.07391357421875
306.5	311.09918212890625
307.0	330.71173095703125
307.5	345.8620300292969
308.0	365.8739013671875
308.5	385.2057800292969
309.0	403.18505859375
309.5	423.10589599609375
310.0	441.3832092285156
310.5	460.5965270996094
311.0	481.6487731933594
311.5	501.4620666503906
312.0	523.534423828125
312.5	543.8055419921875
313.0	566.5120849609375
313.5	587.9539184570312
314.0	611.65966796875
314.5	636.9600219726562
315.0	656.5883178710938
315.5	683.6251220703125
316.0	703.7136840820312
316.5	730.9703369140625
317.0	755.9503173828125
317.5	779.1149291992188
318.0	802.2542114257812
318.5	827.4081420898438
319.0	851.1253051757812
319.5	877.4686889648438
320.0	901.327880859375
320.5	927.7056274414062
321.0	957.2257690429688
321.5	979.0277099609375
322.0	1008.6552124023438
322.5	1030.979248046875
323.0	1061.6856689453125
323.5	1089.6121826171875
324.0	1115.109375
324.5	1140.4468994140625
325.0	1168.045654296875
325.5	1193.200439453125
326.0	1221.451416015625
326.5	1246.6337890625
327.0	1274.2608642578125
327.5	1303.982666015625
328.0	1326.5570068359375
328.5	1355.681396484375
329.0	1377.8447265625
329.5	1406.5245361328125
330.0	1430.58251953125
330.5	1456.96142578125
331.0	1480.3614501953125
331.5	1505.8790283203125
332.0	1528.25390625
332.5	1553.6319580078125
333.0	1579.9365234375
333.5	1599.01123046875
334.0	1624.2900390625
334.5	1644.59033203125
335.0	1667.2073974609375
335.5	1686.3701171875
336.0	1707.187744140625
336.5	1725.967041015625
337.0	1745.8212890625
337.5	1766.931884765625
338.0	1782.2904052734375
338.5	1802.3382568359375
339.0	1817.8125
339.5	1835.5615234375
340.0	1850.053955078125
340.5	1865.57275390625
341.0	1879.145751953125
341.5	1893.8743896484375
342.0	1908.8531494140625
342.5	1919.4591064453125
343.0	1933.6102294921875
343.5	1944.4326171875
344.0	1955.482666015625
344.5	1965.20751953125
345.0	1974.74951171875
345.5	1982.81103515625
346.0	1990.8477783203125
346.5	1999.2008056640625
347.0	2005.288330078125
347.5	2012.0079345703125
348.0	2016.9534912109375
348.5	2022.0521240234375
349.0	2025.927490234375
349.5	2029.1783447265625
350.0	2032.6668701171875
350.5	2034.904052734375
351.0	2036.94482421875
351.5	2037.8006591796875
352.0	2038.53515625
352.5	2038.6187744140625
353.0	2037.6478271484375
353.5	2037.51806640625
354.0	2036.811767578125
354.5	2035.556640625
355.0	2033.5230712890625
355.5	2031.0789794921875
356.0	2028.448486328125
356.5	2024.8702392578125
357.0	2021.612548828125
357.5	2017.2733154296875
358.0	2012.7537841796875
358.5	2007.096435546875
359.0	2001.3826904296875
359.5	1994.249267578125
360.0	1988.4873046875
360.5	1981.4847412109375
361.0	1974.5360107421875
361.5	1965.6900634765625
362.0	1957.8983154296875
362.5	1949.5604248046875
363.0	1940.888671875
363.5	1932.44482421875
364.0	1922.68896484375
364.5	1913.3211669921875
365.0	1901.828125
365.5	1890.7314453125
366.0	1880.8009033203125
366.5	1869.3154296875
367.0	1858.2095947265625
367.5	1845.22509765625
368.0	1832.494384765625
368.5	1820.6912841796875
369.0	1807.1370849609375
369.5	1794.9617919921875
370.0	1780.6591796875
370.5	1767.226806640625
371.0	1751.767822265625
371.5	1736.1485595703125
372.0	1722.24072265625
372.5	1706.30322265625
373.0	1691.93359375
373.5	1673.9371337890625
374.0	1657.2628173828125
374.5	1642.162109375
375.0	1625.041015625
375.5	1609.4766845703125
376.0	1591.057373046875
376.5	1573.5418701171875
377.0	1557.4698486328125
377.5	1540.0281982421875
378.0	1523.9317626953125
378.5	1504.1475830078125
379.0	1485.8895263671875
379.5	1469.1092529296875
380.0	1450.3255615234375
380.5	1433.5626220703125
381.0	1412.8255615234375
381.5	1394.663330078125
382.0	1377.924072265625
382.5	1359.5013427734375
383.0	1342.6416015625
383.5	1321.9306640625
384.0	1302.9425048828125
384.5	1285.62353515625
385.0	1267.529052734375
385.5	1250.7623291015625
386.0	1230.5916748046875
386.5	1212.0863037109375
387.0	1195.308349609375
387.5	1176.89599609375
388.0	1161.0477294921875
388.5	1141.501220703125
389.0	1123.73876953125
389.5	1107.4615478515625
390.0	1088.21630859375
390.5	1074.0484619140625
391.0	1055.159423828125
391.5	1038.3062744140625
392.0	1022.2606811523438
392.5	1003.271240234375
393.0	989.425537109375
393.5	970.9729614257812
394.0	954.3211059570312
394.5	939.234130859375
395.0	921.2559814453125
395.5	905.281005859375
396.0	890.0458984375
396.5	873.1197509765625
397.0	860.4763793945312
397.5	843.6369018554688
398.0	828.4775390625
398.5	814.8909912109375
399.0	798.9036865234375
399.5	784.4493408203125
400.0	770.997802734375
400.5	757.8580932617188
401.0	743.58642578125
401.5	728.3056640625
402.0	714.7532348632812
402.5	702.9345092773438
403.0	688.072021484375
403.5	674.7943115234375
404.0	662.9485473632812
404.5	651.6016235351562
405.0	639.3917236328125
405.5	625.8054809570312
406.0	614.741943359375
406.5	602.798828125
407.0	589.6937255859375
407.5	578.3165893554688
408.0	567.6131591796875
408.5	555.308837890625
409.0	545.9705810546875
409.5	534.2177124023438
410.0	524.2057495117188
410.5	513.6939697265625
411.0	502.2596435546875
411.5	492.95733642578125
412.0	483.2635803222656
412.5	472.24884033203125
413.0	462.59521484375
413.5	454.0509948730469
414.0	443.5485534667969
414.5	436.22412109375
415.0	426.6756286621094
415.5	418.6685791015625
416.0	409.6156311035156
416.5	400.1573486328125
417.0	392.69244384765625
417.5	384.5647888183594
418.0	375.83612060546875
418.5	368.68572998046875
419.0	360.8537902832031
419.5	352.6772155761719
420.0	345.0533752441406
420.5	338.25201416015625
421.0	330.3960266113281
421.5	324.8228454589844
422.0	317.27191162109375
422.5	309.8116149902344
423.0	304.52752685546875
423.5	297.3686218261719
424.0	291.5328369140625
424.5	285.34765625
425.0	278.579833984375
425.5	273.1868591308594
426.0	267.3290710449219
426.5	261.1919860839844
427.0	256.0408630371094
427.5	250.38705444335938
428.0	244.82301330566406
428.5	239.81948852539062
429.0	234.6500244140625
429.5	228.96499633789062
430.0	224.43685913085938
430.5	219.66322326660156
431.0	214.50511169433594
431.5	210.1623992919922
432.0	205.4593048095703
432.5	200.3896484375
433.0	196.4430694580078
433.5	192.4531707763672
434.0	188.17315673828125
434.5	184.3518524169922
435.0	180.15631103515625
435.5	175.764892578125
436.0	172.2703094482422
436.5	168.5277557373047
437.0	164.51187133789062
437.5	161.30789184570312
438.0	157.71652221679688
438.5	154.080078125
439.0	150.8865509033203
439.5	147.52340698242188
440.0	143.9767303466797
440.5	140.99728393554688
441.0	137.98104858398438
441.5	134.75494384765625
442.0	132.14932250976562
442.5	129.23353576660156
443.0	126.03853607177734
443.5	123.4933853149414
444.0	120.8084945678711
444.5	118.06431579589844
445.0	115.2980728149414
445.5	113.04764556884766
446.0	110.8282699584961
446.5	108.24043273925781
447.0	106.28524780273438
447.5	104.08403015136719
448.0	101.55280303955078
448.5	99.52349090576172
449.0	97.34416198730469
449.5	95.10394287109375
450.0	93.16986846923828
