22.784 21.656 -53.365
18.497 20.394 -47.892
14.497 13.362 -38.999
20.37 23.893 -53.565
22.981 23.738 -57.142
13.685 18.461 -43.532
23.811 27.893 -61.437
20.636 27.384 -59.479
27.426 33.128 -71.774
26.807 28.192 -62.0225
34.901 36.139 -75.263
29.151 35.292 -67.58
21.274 29.276 -57.1615
29.366 30.507 -72.63
15.676 19.913 -48.652
18.38 20.021 -48.937
14.858 18.323 -41.637
14.457 14.279 -37.343
18.912 18.782 -45.002
16.529 20.628 -40.1335
17.265 22.043 -42.398
19.296 20.42 -47.656
20.25 23.54 -54.084
29.782 26.384 -62.3715
16.312 20.494 -42.301
14.015 17.19 -33.757
15.637 19.602 -43.109
23.179 29.958 -59.1225
21.626 26.642 -49.248
12.732 19.679 -35.458
9.115 13.136 -27.309
14.634 19.831 -44.107
14.994 18.023 -42.615
17.469 23.336 -51.184
16.756 19.665 -46.973
18.966 25.982 -50.23
16.058 19.253 -48.786
19.315 22.831 -53.768
19.106 23.563 -57.338
15.392 20.387 -42.976
12.379 18.199 -35.266
22.711 27.32 -51.577
21.72 26.764 -56.231
17.888 24.851 -50.603
20.049 26.461 -56.754
17.879 20.611 -46.486
17.919 23.395 -45.398
22.654 27.556 -55.8585
16.072 23.66 -45.5685
16.123 23.753 -45.336
21.04 28.554 -55.2355
20.168 23.958 -50.702
20.636 26.363 -58.14
20.231 25.791 -54.916
25.405 29.424 -62.441
24.809 30.348 -59.232
24.826 30.602 -62.947
22.492 27.791 -56.877
18.35 26.939 -49.899
19.137 25.415 -53.1685
22.632 30.436 -61.9175
22.575 31.57 -70.949
24.756 37.015 -76.489
28.984 41.067 -88.5385
27.368 35.063 -73.718
21.193 33.038 -69.326
25.014 35.262 -63.969
23.036 31.776 -67.682
23.024 30.611 -70.788
24.488 28.866 -70.322
24.207 32.847 -69.3
27.859 40.107 -84.344
22.653 32.056 -71.522
20.326 30.207 -59.3355
24.998 32.838 -76.981
29.955 39.446 -88.335
24.613 33.113 -65.498
22.869 32.844 -66.415
28.142 34.186 -78.428
24.78 30.84 -68.164
23.619 30.578 -65.118
26.365 33.021 -68.455
24.292 34.193 -69.005
24.195 31.072 -69.377
27.731 37.296 -78.433
24.323 27.824 -62.55
25.189 31.628 -68.165
23.93 32.296 -70.1865
19.465 28.139 -53.654
22.182 29.754 -69.296
21.746 27.037 -64.2975
19.664 22.663 -58.605
17.816 23.015 -55.0205
20.633 24.158 -61.369
18.533 22.989 -54.5585
22.47 27.629 -66.807
23.96 29.779 -73.212
22.146 28.753 -65.849
25.59 31.197 -74.676
18.414 27.57 -56.74
21.59 31.916 -67.312
