 750000.000    6.488  656.745
 750500.000    6.507  654.832
 751000.000    6.730  633.188
 751500.000    6.699  636.123
 752000.000    6.551  650.407
 752500.000    6.560  649.584
 753000.000    6.590  646.651
 753500.000    6.591  646.495
 754000.000    6.528  652.750
 754500.000    6.524  653.141
 755000.000    6.326  673.583
 755500.000    6.610  644.604
 756000.000    6.467  658.895
 756500.000    6.532  652.325
 757000.000    6.546  650.902
 757500.000    6.523  653.259
 758000.000    6.382  667.725
 758500.000    6.239  683.029
 759000.000    6.385  667.394
 759500.000    6.433  662.362
 760000.000    6.423  663.426
 760500.000    6.413  664.477
 761000.000    6.432  662.534
 761500.000    6.456  660.072
 762000.000    6.494  656.152
 762500.000    6.440  661.654
 763000.000    6.484  657.222
 763500.000    6.586  647.010
 764000.000    6.486  657.002
 764500.000    6.397  666.098
 765000.000    6.650  640.737
 765500.000    6.581  647.451
 766000.000    6.560  649.609
 766500.000    6.469  658.710
 767000.000    6.716  634.456
 767500.000    6.603  645.345
 768000.000    6.690  636.923
 768500.000    6.617  644.008
 769000.000    6.725  633.579
 769500.000    6.347  671.370
 770000.000    6.396  666.182
 770500.000    6.501  655.427
 771000.000    6.626  643.062
 771500.000    6.477  657.935
 772000.000    6.608  644.805
 772500.000    6.538  651.746
 773000.000    6.420  663.754
 773500.000    6.449  660.725
 774000.000    6.420  663.764
 774500.000    6.759  630.432
 775000.000    6.470  658.586
 775500.000    6.325  673.651
 776000.000    6.594  646.209
 776500.000    6.584  647.158
 777000.000    6.753  630.964
 777500.000    6.641  641.673
 778000.000    6.596  646.031
 778500.000    6.630  642.686
 779000.000    6.835  623.389
 779500.000    6.700  635.961
 780000.000    6.704  635.591
 780500.000    6.828  624.097
 781000.000    6.637  642.069
 781500.000    6.520  653.591
 782000.000    6.725  633.622
 782500.000    6.491  656.482
 783000.000    6.229  684.057
 783500.000    6.630  642.726
 784000.000    6.555  650.018
 784500.000    6.485  657.064
 785000.000    6.555  650.037
 785500.000    6.655  640.286
 786000.000    6.676  638.252
 786500.000    6.369  669.060
 787000.000    6.785  628.052
 787500.000    6.489  656.657
 788000.000    6.681  637.774
 788500.000    6.549  650.662
 789000.000    6.917  616.027
 789500.000    6.781  628.355
 790000.000    6.667  639.179
 790500.000    6.683  637.604
 791000.000    6.587  646.869
 791500.000    6.636  642.124
 792000.000    6.428  662.948
 792500.000    6.544  651.132
 793000.000    6.536  651.992
 793500.000    6.695  636.466
 794000.000    6.629  642.755
 794500.000    6.597  645.914
 795000.000    6.518  653.727
 795500.000    6.560  649.592
 796000.000    6.449  660.753
 796500.000    6.365  669.497
 797000.000    6.673  638.540
 797500.000    6.635  642.216
 798000.000    6.470  658.615
 798500.000    6.402  665.583
 799000.000    6.538  651.791
 799500.000    6.530  652.506
 800000.000    6.770  629.420
 800500.000    6.437  661.979
 801000.000    6.661  639.681
 801500.000    6.576  647.972
 802000.000    6.350  671.065
 802500.000    6.530  652.533
 803000.000    6.408  664.996
 803500.000    6.506  654.967
 804000.000    6.395  666.337
 804500.000    6.488  656.728
 805000.000    6.700  635.984
 805500.000    6.626  643.078
 806000.000    6.615  644.115
 806500.000    6.375  668.371
 807000.000    6.649  640.822
 807500.000    6.582  647.402
 808000.000    6.694  636.533
 808500.000    6.560  649.572
 809000.000    6.476  658.036
 809500.000    6.519  653.620
 810000.000    6.526  652.912
 810500.000    6.414  664.346
 811000.000    6.306  675.735
 811500.000    6.427  663.021
 812000.000    6.542  651.369
 812500.000    6.619  643.809
 813000.000    6.308  675.479
 813500.000    6.254  681.331
 814000.000    6.558  649.724
 814500.000    6.462  659.460
 815000.000    6.234  683.559
 815500.000    6.337  672.408
 816000.000    6.467  658.912
 816500.000    6.400  665.782
 817000.000    6.500  655.597
 817500.000    6.499  655.698
 818000.000    6.622  643.445
 818500.000    6.607  644.908
 819000.000    6.343  671.775
 819500.000    6.286  677.904
 820000.000    6.456  660.003
 820500.000    6.339  672.210
 821000.000    6.463  659.314
 821500.000    6.534  652.113
 822000.000    6.610  644.691
 822500.000    6.476  657.991
 823000.000    6.634  642.318
 823500.000    6.350  670.991
 824000.000    6.431  662.565
 824500.000    6.604  645.238
 825000.000    6.644  641.328
 825500.000    6.537  651.802
 826000.000    6.803  626.376
 826500.000    6.425  663.212
 827000.000    6.755  630.774
 827500.000    6.661  639.713
 828000.000    6.722  633.895
 828500.000    6.643  641.435
 829000.000    6.621  643.612
 829500.000    6.650  640.811
 830000.000    6.606  644.999
 830500.000    6.617  643.983
 831000.000    6.880  619.341
 831500.000    6.758  630.573
 832000.000    6.698  636.138
 832500.000    6.687  637.223
 833000.000    6.564  649.169
 833500.000    6.735  632.667
 834000.000    6.631  642.611
 834500.000    6.527  652.819
 835000.000    6.658  640.020
 835500.000    6.544  651.162
 836000.000    6.721  633.997
 836500.000    6.665  639.320
 837000.000    6.609  644.732
 837500.000    6.805  626.192
 838000.000    6.630  642.682
 838500.000    6.668  639.063
 839000.000    6.846  622.459
 839500.000    6.891  618.331
 840000.000    6.607  644.945
 840500.000    6.850  622.080
 841000.000    6.955  612.698
 841500.000    6.864  620.823
 842000.000    6.686  637.279
 842500.000    6.745  631.753
 843000.000    6.694  636.593
 843500.000    6.675  638.324
 844000.000    6.746  631.632
 844500.000    6.621  643.538
 845000.000    6.674  638.454
 845500.000    6.471  658.466
 846000.000    6.801  626.507
 846500.000    6.702  635.813
 847000.000    6.505  655.057
 847500.000    6.764  629.997
 848000.000    6.821  624.686
 848500.000    6.779  628.562
 849000.000    6.566  648.996
 849500.000    6.618  643.904
 850000.000    6.513  654.220
 850500.000    6.584  647.153
 851000.000    6.508  654.766
 851500.000    6.558  649.753
 852000.000    6.335  672.686
 852500.000    6.779  628.584
 853000.000    6.271  679.506
 853500.000    6.625  643.218
 854000.000    6.692  636.750
 854500.000    6.532  652.311
 855000.000    6.721  633.971
 855500.000    6.645  641.230
 856000.000    6.519  653.623
 856500.000    6.526  652.920
 857000.000    6.280  678.480
 857500.000    6.526  652.952
 858000.000    6.724  633.759
 858500.000    6.833  623.571
 859000.000    6.367  669.262
 859500.000    6.611  644.520
 860000.000    6.633  642.425
 860500.000    6.591  646.469
 861000.000    6.701  635.858
 861500.000    6.625  643.214
 862000.000    6.442  661.453
 862500.000    6.453  660.346
 863000.000    6.638  641.959
 863500.000    6.645  641.260
 864000.000    6.520  653.583
 864500.000    6.660  639.856
 865000.000    6.630  642.689
 865500.000    6.592  646.413
 866000.000    6.668  639.077
 866500.000    6.637  642.010
 867000.000    6.480  657.621
 867500.000    6.701  635.869
 868000.000    6.648  640.930
 868500.000    6.642  641.561
 869000.000    6.613  644.316
 869500.000    6.697  636.305
 870000.000    6.529  652.654
 870500.000    6.515  654.007
 871000.000    6.489  656.696
 871500.000    6.416  664.099
 872000.000    6.647  641.015
 872500.000    6.666  639.236
 873000.000    6.627  642.999
 873500.000    6.425  663.198
 874000.000    6.573  648.237
 874500.000    6.687  637.223
 875000.000    6.526  652.944
 875500.000    6.382  667.671
 876000.000    6.445  661.189
 876500.000    6.535  652.012
 877000.000    6.467  658.870
 877500.000    6.371  668.866
 878000.000    6.316  674.609
 878500.000    6.521  653.412
 879000.000    6.707  635.301
 879500.000    6.499  655.704
 880000.000    6.706  635.387
 880500.000    6.468  658.771
 881000.000    6.394  666.396
 881500.000    6.601  645.540
 882000.000    6.654  640.421
 882500.000    6.425  663.255
 883000.000    6.690  636.914
 883500.000    6.597  645.899
 884000.000    6.520  653.578
 884500.000    6.529  652.634
 885000.000    6.499  655.707
 885500.000    6.635  642.194
 886000.000    6.654  640.403
 886500.000    6.906  617.003
 887000.000    6.660  639.817
 887500.000    6.495  656.101
 888000.000    6.779  628.533
 888500.000    6.482  657.426
 889000.000    6.462  659.424
 889500.000    6.812  625.550
 890000.000    6.606  645.087
 890500.000    6.734  632.731
 891000.000    6.816  625.167
 891500.000    6.777  628.772
 892000.000    6.691  636.816
 892500.000    6.680  637.899
 893000.000    7.037  605.495
 893500.000    6.931  614.762
 894000.000    6.808  625.894
 894500.000    6.919  615.902
 895000.000    6.974  610.977
 895500.000    6.590  646.577
 896000.000    6.782  628.325
 896500.000    6.805  626.221
 897000.000    6.702  635.818
 897500.000    7.031  606.061
 898000.000    6.825  624.353
 898500.000    6.835  623.401
 899000.000    6.826  624.272
 899500.000    6.468  658.789
 900000.000    6.806  626.081
 900500.000    6.994  609.254
 901000.000    6.777  628.788
 901500.000    6.826  624.225
 902000.000    6.785  628.051
 902500.000    6.788  627.704
 903000.000    6.581  647.500
 903500.000    6.601  645.488
 904000.000    6.879  619.475
 904500.000    6.786  627.889
 905000.000    6.797  626.957
 905500.000    6.804  626.250
 906000.000    6.695  636.474
 906500.000    6.664  639.424
 907000.000    6.686  637.361
 907500.000    6.572  648.388
 908000.000    6.871  620.124
 908500.000    6.723  633.784
 909000.000    6.931  614.833
 909500.000    6.747  631.548
 910000.000    6.651  640.631
 910500.000    6.671  638.799
 911000.000    6.612  644.429
 911500.000    6.617  643.938
 912000.000    6.637  641.991
 912500.000    6.525  653.029
 913000.000    6.720  634.053
 913500.000    6.713  634.781
 914000.000    6.572  648.329
 914500.000    6.636  642.129
 915000.000    6.351  670.948
 915500.000    6.681  637.753
 916000.000    6.572  648.391
 916500.000    6.572  648.411
 917000.000    6.533  652.245
 917500.000    6.454  660.254
 918000.000    6.544  651.176
 918500.000    6.508  654.714
 919000.000    6.603  645.343
 919500.000    6.668  639.006
 920000.000    6.534  652.176
 920500.000    6.738  632.393
 921000.000    6.700  636.000
 921500.000    6.567  648.915
 922000.000    6.372  668.706
 922500.000    6.299  676.442
 923000.000    6.635  642.233
 923500.000    6.613  644.363
 924000.000    6.522  653.338
 924500.000    6.453  660.290
 925000.000    6.550  650.540
 925500.000    6.752  631.076
 926000.000    6.566  648.946
 926500.000    6.603  645.291
 927000.000    6.256  681.112
 927500.000    6.532  652.328
 928000.000    6.624  643.287
 928500.000    6.626  643.110
 929000.000    6.600  645.618
 929500.000    6.761  630.282
 930000.000    6.652  640.617
 930500.000    6.551  650.447
 931000.000    6.511  654.470
 931500.000    6.555  650.077
 932000.000    6.521  653.406
 932500.000    6.670  638.833
 933000.000    6.640  641.751
 933500.000    6.608  644.826
 934000.000    6.648  640.998
 934500.000    6.471  658.514
 935000.000    6.501  655.460
 935500.000    6.586  647.005
 936000.000    6.806  626.064
 936500.000    6.367  669.232
 937000.000    6.451  660.549
 937500.000    6.095  699.168
 938000.000    6.395  666.353
 938500.000    6.554  650.145
 939000.000    6.087  700.075
 939500.000    6.262  680.437
 940000.000    5.996  710.676
 940500.000    6.410  664.713
 941000.000    6.438  661.904
 941500.000    6.370  668.916
 942000.000    6.221  685.012
 942500.000    6.414  664.350
 943000.000    6.094  699.193
 943500.000    6.315  674.711
 944000.000    6.262  680.458
 944500.000    6.385  667.416
 945000.000    6.117  696.560
 945500.000    6.479  657.664
 946000.000    6.492  656.384
 946500.000    6.371  668.835
 947000.000    6.320  674.276
 947500.000    6.342  671.921
 948000.000    6.262  680.456
 948500.000    6.191  688.260
 949000.000    6.140  694.030
 949500.000    6.579  647.676
 950000.000    6.454  660.246
 950500.000    6.337  672.441
 951000.000    6.263  680.315
 951500.000    6.405  665.309
 952000.000    6.277  678.794
 952500.000    6.601  645.492
 953000.000    6.646  641.153
 953500.000    6.389  666.986
 954000.000    6.360  669.937
 954500.000    6.286  677.829
 955000.000    6.248  681.990
 955500.000    6.334  672.776
 956000.000    6.503  655.276
 956500.000    6.358  670.166
 957000.000    6.619  643.791
 957500.000    6.401  665.707
 958000.000    6.449  660.730
 958500.000    6.250  681.764
 959000.000    6.171  690.453
 959500.000    6.342  671.938
 960000.000    6.304  675.922
 960500.000    6.458  659.828
 961000.000    6.269  679.743
 961500.000    6.519  653.683
 962000.000    6.251  681.631
 962500.000    6.419  663.868
 963000.000    6.623  643.390
 963500.000    6.512  654.364
 964000.000    6.471  658.462
 964500.000    6.450  660.630
 965000.000    6.364  669.533
 965500.000    6.454  660.211
 966000.000    6.450  660.680
 966500.000    6.307  675.628
 967000.000    6.335  672.620
 967500.000    6.553  650.210
 968000.000    6.373  668.622
 968500.000    6.382  667.716
 969000.000    6.379  668.037
 969500.000    6.343  671.800
 970000.000    6.338  672.290
 970500.000    6.244  682.429
 971000.000    6.314  674.821
 971500.000    6.489  656.677
 972000.000    6.335  672.619
 972500.000    6.308  675.546
 973000.000    6.543  651.225
 973500.000    6.745  631.747
 974000.000    6.356  670.399
 974500.000    6.146  693.312
 975000.000    6.411  664.703
 975500.000    6.564  649.214
 976000.000    6.527  652.812
 976500.000    6.460  659.609
 977000.000    6.578  647.831
 977500.000    6.307  675.651
 978000.000    6.495  656.015
 978500.000    6.520  653.571
 979000.000    6.241  682.719
 979500.000    6.577  647.839
 980000.000    6.642  641.557
 980500.000    6.488  656.779
 981000.000    6.643  641.444
 981500.000    6.446  661.036
 982000.000    6.371  668.807
 982500.000    6.560  649.598
 983000.000    6.506  654.939
 983500.000    6.594  646.199
 984000.000    6.423  663.418
 984500.000    6.649  640.857
 985000.000    6.413  664.403
 985500.000    6.670  638.853
 986000.000    6.542  651.370
 986500.000    6.630  642.737
 987000.000    6.427  662.961
 987500.000    6.647  641.056
 988000.000    6.601  645.573
 988500.000    6.657  640.139
 989000.000    6.607  644.913
 989500.000    6.626  643.068
 990000.000    6.373  668.627
 990500.000    6.468  658.850
 991000.000    6.504  655.170
 991500.000    6.403  665.520
 992000.000    6.645  641.300
 992500.000    6.440  661.670
 993000.000    6.453  660.317
 993500.000    6.474  658.194
 994000.000    6.448  660.800
 994500.000    6.447  660.897
 995000.000    6.544  651.184
 995500.000    6.494  656.114
 996000.000    6.540  651.568
 996500.000    6.453  660.333
 997000.000    6.567  648.871
 997500.000    6.565  649.055
 998000.000    6.467  658.934
 998500.000    6.286  677.919
 999000.000    6.557  649.841
 999500.000    6.476  657.949
1000000.000    6.323  673.872
