      22    2.019    0.110
      23    2.590    0.145
      24    0.994    0.110
      25    1.231    0.097
      26    2.390    0.139
      27    0.876    0.175
      28    0.531    0.078
      29    1.450    0.294
      30    1.495    0.175
      31    1.497    0.269
      32    0.484    0.157
      33    1.533    0.220
      34    0.242    0.091
      35    1.269    0.159
      36    0.667    0.162
      37    1.237    0.207
      38    1.807    0.216
      39    1.364    0.141
      40    1.138    0.173
      41    2.268    0.267
      42    2.648    0.250
