BFII_nolipid
""
WAVELENGTH	FLUORESCENCE
300.0	80.24280548095703
300.5	86.32826232910156
301.0	93.13504791259766
301.5	99.5906753540039
302.0	108.4050064086914
302.5	119.1712417602539
303.0	129.08578491210938
303.5	140.7415771484375
304.0	151.81219482421875
304.5	164.2317352294922
305.0	178.4667205810547
305.5	189.8040313720703
306.0	205.72238159179688
306.5	217.96920776367188
307.0	235.4631805419922
307.5	248.64178466796875
308.0	266.82525634765625
308.5	284.6689758300781
309.0	301.2749938964844
309.5	320.2841796875
310.0	338.1934509277344
310.5	356.6529541015625
311.0	377.9676208496094
311.5	397.6600646972656
312.0	420.238037109375
312.5	441.4905700683594
313.0	465.5426940917969
313.5	487.5869445800781
314.0	512.7521362304688
314.5	540.896240234375
315.0	562.6602172851562
315.5	591.8440551757812
316.0	613.772216796875
316.5	644.00537109375
317.0	672.181396484375
317.5	698.6286010742188
318.0	725.4619750976562
318.5	754.872802734375
319.0	782.104736328125
319.5	812.6382446289062
320.0	840.6828002929688
320.5	871.7830200195312
321.0	906.2010498046875
321.5	932.036376953125
322.0	967.7340087890625
322.5	994.7340698242188
323.0	1031.14404296875
323.5	1064.802001953125
324.0	1095.6280517578125
324.5	1126.69775390625
325.0	1160.416259765625
325.5	1191.5123291015625
326.0	1226.1260986328125
326.5	1257.701904296875
327.0	1292.8929443359375
327.5	1331.0806884765625
328.0	1359.6253662109375
328.5	1398.22119140625
329.0	1426.018310546875
329.5	1463.6971435546875
330.0	1494.298583984375
330.5	1527.865966796875
331.0	1557.900146484375
331.5	1591.2564697265625
332.0	1620.99951171875
332.5	1653.40771484375
333.0	1688.716552734375
333.5	1714.1260986328125
334.0	1748.6363525390625
334.5	1777.12060546875
335.0	1808.1544189453125
335.5	1835.1602783203125
336.0	1863.9537353515625
336.5	1889.6988525390625
337.0	1917.8831787109375
337.5	1947.193359375
338.0	1968.1868896484375
338.5	1995.60009765625
339.0	2017.851806640625
339.5	2042.3504638671875
340.0	2063.313720703125
340.5	2086.111083984375
341.0	2106.021240234375
341.5	2127.717041015625
342.0	2150.612548828125
342.5	2166.56689453125
343.0	2187.8349609375
343.5	2204.373779296875
344.0	2222.447509765625
344.5	2237.747802734375
345.0	2253.510986328125
345.5	2266.377197265625
346.0	2280.538818359375
346.5	2294.122314453125
347.0	2305.0849609375
347.5	2317.014892578125
348.0	2327.464599609375
348.5	2338.013916015625
349.0	2346.9638671875
349.5	2356.119873046875
350.0	2364.815673828125
350.5	2370.798828125
351.0	2377.443359375
351.5	2382.650146484375
352.0	2387.4580078125
352.5	2390.49853515625
353.0	2393.2822265625
353.5	2395.64111328125
354.0	2398.1220703125
354.5	2399.63134765625
355.0	2400.0478515625
355.5	2400.253173828125
356.0	2400.760986328125
356.5	2400.724365234375
357.0	2399.5068359375
357.5	2397.66796875
358.0	2394.843994140625
358.5	2391.221435546875
359.0	2388.35498046875
359.5	2384.22705078125
360.0	2379.23876953125
360.5	2374.04541015625
361.0	2368.329345703125
361.5	2360.913330078125
362.0	2353.533447265625
362.5	2346.0478515625
363.0	2337.447021484375
363.5	2329.59326171875
364.0	2319.871826171875
364.5	2310.856689453125
365.0	2299.67724609375
365.5	2288.002685546875
366.0	2277.338134765625
366.5	2265.365966796875
367.0	2254.058837890625
367.5	2239.75
368.0	2226.03857421875
368.5	2213.8447265625
369.0	2198.451416015625
369.5	2185.050048828125
370.0	2169.63427734375
370.5	2155.33984375
371.0	2138.111572265625
371.5	2120.925048828125
372.0	2104.95654296875
372.5	2086.629638671875
373.0	2069.766845703125
373.5	2049.70703125
374.0	2030.499267578125
374.5	2013.2904052734375
375.0	1993.856689453125
375.5	1975.550537109375
376.0	1953.9078369140625
376.5	1933.896240234375
377.0	1914.418212890625
377.5	1893.1611328125
378.0	1873.8160400390625
378.5	1850.138916015625
379.0	1828.755615234375
379.5	1809.0523681640625
380.0	1786.9517822265625
380.5	1767.5526123046875
381.0	1744.422119140625
381.5	1722.6517333984375
382.0	1702.5927734375
382.5	1680.4613037109375
383.0	1660.5413818359375
383.5	1635.990234375
384.0	1613.427734375
384.5	1592.9498291015625
385.0	1570.6754150390625
385.5	1550.162353515625
386.0	1525.6766357421875
386.5	1503.4715576171875
387.0	1483.6455078125
387.5	1461.4757080078125
388.0	1441.5780029296875
388.5	1417.535888671875
389.0	1395.14306640625
389.5	1375.375
390.0	1352.469970703125
390.5	1335.42041015625
391.0	1312.150390625
391.5	1290.9117431640625
392.0	1272.2022705078125
392.5	1249.1614990234375
393.0	1232.3062744140625
393.5	1210.3348388671875
394.0	1189.8436279296875
394.5	1171.468505859375
395.0	1149.59423828125
395.5	1129.7509765625
396.0	1111.82568359375
396.5	1091.2364501953125
397.0	1075.166015625
397.5	1054.6175537109375
398.0	1035.4832763671875
398.5	1018.6658935546875
399.0	998.6002197265625
399.5	980.46142578125
400.0	964.404541015625
400.5	948.0552978515625
401.0	930.60888671875
401.5	912.0346069335938
402.0	895.0673828125
402.5	879.6353149414062
403.0	861.6676635742188
403.5	845.3433227539062
404.0	830.716552734375
404.5	816.58447265625
405.0	800.5969848632812
405.5	784.0306396484375
406.0	769.8807373046875
406.5	754.6236572265625
407.0	739.0569458007812
407.5	724.7510375976562
408.0	711.8880615234375
408.5	696.0903930664062
409.0	684.645751953125
409.5	669.5505981445312
410.0	657.6638793945312
410.5	643.7072143554688
411.0	629.3938598632812
411.5	617.8260498046875
412.0	605.1769409179688
412.5	591.7408447265625
413.0	579.951904296875
413.5	569.3919677734375
414.0	556.2622680664062
414.5	546.7848510742188
415.0	534.09326171875
415.5	523.813720703125
416.0	512.6316528320312
416.5	500.8096923828125
417.0	491.34619140625
417.5	481.1302490234375
418.0	470.2941589355469
418.5	461.31494140625
419.0	451.5000305175781
419.5	441.0496520996094
420.0	431.93505859375
420.5	423.5535888671875
421.0	413.4768981933594
421.5	406.4310607910156
422.0	396.42767333984375
422.5	387.0124206542969
423.0	380.2015686035156
423.5	371.3079833984375
424.0	364.23529052734375
424.5	356.0392150878906
425.0	347.30377197265625
425.5	340.2430419921875
426.0	332.9586486816406
426.5	325.1239013671875
427.0	318.8169250488281
427.5	311.5075988769531
428.0	304.3337707519531
428.5	298.1836853027344
429.0	291.54351806640625
429.5	284.2734680175781
430.0	278.49444580078125
430.5	272.11151123046875
431.0	265.37841796875
431.5	260.1143493652344
432.0	254.4396514892578
432.5	248.42066955566406
433.0	243.31678771972656
433.5	237.64633178710938
434.0	231.55531311035156
434.5	226.75189208984375
435.0	221.51856994628906
435.5	216.19290161132812
436.0	211.70648193359375
436.5	206.98463439941406
437.0	201.7347412109375
437.5	197.59457397460938
438.0	192.9453125
438.5	188.31443786621094
439.0	184.40286254882812
439.5	180.38165283203125
440.0	175.71263122558594
440.5	172.02516174316406
441.0	167.98605346679688
441.5	163.62889099121094
442.0	160.27076721191406
442.5	156.66207885742188
443.0	152.8813018798828
443.5	149.53895568847656
444.0	145.85891723632812
444.5	142.2960205078125
445.0	138.89236450195312
445.5	135.904541015625
446.0	132.92884826660156
446.5	129.53408813476562
447.0	126.93006896972656
447.5	124.1766586303711
448.0	121.23158264160156
448.5	118.60572052001953
449.0	115.87344360351562
449.5	112.95085906982422
450.0	110.69892120361328
