62.203 55.405 -147.9145
64.988 56.704 -147.681
84.192 67.531 -172.252
70.461 53.544 -146.924
56.244 49.39 -131.6865
62.857 53.098 -137.672
67.776 61.485 -147.9965
69.902 58.504 -145.68
62.849 56.386 -134.8695
63.297 56.322 -145.3285
67.028 58.762 -152.6945
58.974 53.955 -137.0485
62.135 61.06 -150.4175
66.47 60.878 -156.0455
60.537 56.18 -139.142
66.816 64.54 -161.178
57.571 53.345 -138.2245
58.998 54.813 -141.6915
67.425 61.439 -162.709
53.92 48.629 -135.761
61.691 60.098 -151.2325
59.733 54.447 -143.875
61.872 57.094 -149.2465
69.142 57.188 -148.386
65.761 54.037 -143.8935
62.034 52.236 -134.2845
56.055 53.658 -127.9685
62.375 55.814 -137.7875
68.27 59.477 -158.9615
68.044 65.109 -169.0865
62.543 59.911 -149.6115
63.432 64.456 -146.7765
65.111 52.747 -144.0575
67.439 58.277 -149.648
65.686 59.293 -152.4455
71.783 56.804 -152.628
74.097 62.313 -163.6765
74.84 75.495 -176.0715
89.441 84.321 -201.8735
94.797 83.164 -203.9025
90.606 87.183 -203.9875
90.346 84.753 -207.1885
89.761 77.8 -198.077
102.383 94.096 -217.0685
93.937 94.523 -218.347
101.688 92.277 -220.2675
99.583 86.623 -224.231
99.972 82.145 -221.0335
97.186 92.55 -224.666
100.74 86.442 -225.106
96.452 81.702 -213.484
99.04 87.055 -224.0865
98.464 83.051 -212.4525
89.478 80.328 -195.8695
70.284 64.183 -174.25
74.625 59.129 -155.4405
75.596 66.468 -173.0685
73.165 61.608 -148.2375
83.128 73.22 -173.926
81.842 73.172 -173.2495
92.872 75.694 -186.5945
88.257 75.464 -183.513
87.083 73.234 -177.063
93.749 63.249 -172.314
74.924 68.827 -164.08
81.997 70.962 -191.8745
85.798 77.886 -203.341
79.591 68.1 -183.3645
83.281 75.953 -201.0055
72.124 68.156 -170.343
74.898 68.99 -173.418
75.793 67.67 -178.9205
90.221 79.211 -201.6445
69.088 59.41 -151.799
71.034 66.067 -175.2155
72.067 66.176 -178.4625
62.743 57.963 -158.944
63.048 59.496 -160.9755
63.298 65.631 -162.2515
61.303 64.049 -169.4945
67.904 67.55 -174.2695
67.959 64.257 -164.285
73.667 70.801 -185.023
79.021 74.075 -187.051
87.525 79.214 -210.1695
75.761 65.037 -182.9635
57.861 55.49 -154.86
67.609 60.175 -165.5905
63.882 61.766 -157.2195
65.402 67.351 -155.5845
68.863 64.067 -145.2745
69.331 58.926 -147.1955
60.014 52.1 -138.08
67.413 56.61 -159.077
78.049 72.344 -185.2175
74.129 66.206 -165.6755
84.397 66.049 -186.618
90.786 84.677 -212.4245
73.476 63.254 -170.991
74.444 62.155 -179.63
71.948 64.588 -176.8805
