32.542 37.835 -79.815
30.489 33.679 -72.8095
38.202 39.724 -91.665
42.126 42.18 -97.782
40.496 45.616 -103.1885
42.282 50.171 -110.9835
44.415 49.123 -108.041
44.024 55.463 -127.827
36.428 45.038 -99.283
43.02 46.012 -109.7665
39.04 47.485 -94.49
60.563 60.962 -140.9395
49.58 51.816 -118.2915
45.471 51.284 -114.1165
47.035 52.631 -123.1555
41.543 46.922 -107.5875
45.036 47.361 -114.91
52.775 55.003 -126.4355
62.188 63.761 -151.9925
57.164 66.087 -147.034
62.726 64.481 -156.4895
62.697 68.856 -139.4735
50.513 62.099 -144.69
50.76 50.526 -120.916
43.095 49.047 -107.258
45.197 51.214 -116.208
61.878 64.092 -143.6385
60.554 68.707 -147.3565
55.656 62.144 -135.8315
51.348 59.269 -128.307
39.927 46.112 -104.8655
37.59 45.109 -92.6025
41.992 44.861 -96.661
47.628 52.679 -114.7805
57.556 63.587 -134.7675
55.262 58.966 -126.422
51.171 57.711 -125.4335
43.026 44.581 -101.768
45.046 43.154 -101.656
44.61 42.775 -99.506
51.649 51.868 -116.1635
53.515 51.07 -120.3675
44.451 45.854 -100.8495
43.66 44.566 -99.9565
43.441 45.312 -105.8285
65.395 68.555 -157.0045
64.649 62.455 -146.498
75.414 68.647 -162.2715
67.593 76.242 -176.2995
71.969 75.28 -179.6835
62.344 66.399 -156.521
66.118 64.476 -153.5565
63.326 63.727 -154.0335
70.635 73.707 -181.0895
73.146 68.35 -178.637
67.367 66.268 -162.46
64.848 66.209 -160.881
58.803 62.675 -140.557
64.37 67.608 -160.8405
68.842 71.281 -172.18
66.511 62.806 -159.287
59.466 65.589 -146.208
70.214 73.795 -176.238
61.839 66.621 -157.928
66.649 64.944 -158.912
72.579 67.798 -171.2855
64.153 62.079 -161.8635
59.595 58.967 -142.974
61.288 59.267 -149.2385
58.778 57.03 -137.7675
69.055 68.526 -158.648
62.846 64.841 -144.5305
72.479 67.404 -156.086
56.261 53.878 -136.12
63.334 60.585 -139.5445
57.776 55.49 -140.103
51.646 55.513 -121.5
73.044 67.4 -163.6335
71.136 78.296 -175.5555
71.634 76.561 -178.5015
66.085 71.522 -160.057
55.946 64.346 -134.4555
59.962 57.531 -136.2165
50.549 47.771 -114.8505
54.16 45.989 -123.0315
50.223 53.916 -117.528
57.478 50.645 -127.4945
60.139 58.978 -132.2085
59.637 61.916 -132.778
75.672 72.633 -167.8225
68.633 68.013 -156.384
75.87 70.845 -177.013
76.243 79.098 -179.818
70.805 68.945 -161.5915
66.881 66.442 -159.824
66.931 73.193 -158.983
71.704 72.869 -179.7335
76.496 71.829 -188.837
79.218 76.667 -184.3975
67.058 59.505 -153.6925
70.879 69.39 -177.4275
