BFII_lipid
""
WAVELENGTH	FLUORESCENCE
300.0	174.42295837402344
300.5	182.55992126464844
301.0	191.25259399414062
301.5	199.14315795898438
302.0	211.80421447753906
302.5	226.0718536376953
303.0	239.66860961914062
303.5	255.06069946289062
304.0	269.4383239746094
304.5	285.9774169921875
305.0	304.5674133300781
305.5	318.98870849609375
306.0	338.8229675292969
306.5	353.79583740234375
307.0	373.99371337890625
307.5	390.2778625488281
308.0	411.84735107421875
308.5	432.4986572265625
309.0	451.6290588378906
309.5	472.64166259765625
310.0	492.0055847167969
310.5	511.76312255859375
311.0	534.0092163085938
311.5	554.5623168945312
312.0	576.910400390625
312.5	598.13232421875
313.0	621.364990234375
313.5	642.7769165039062
314.0	666.5936279296875
314.5	692.65771484375
315.0	712.2945556640625
315.5	738.5239868164062
316.0	758.70654296875
316.5	784.9495849609375
317.0	809.6847534179688
317.5	832.0297241210938
318.0	854.6387939453125
318.5	879.7362060546875
319.0	902.8126220703125
319.5	928.4828491210938
320.0	951.5232543945312
320.5	977.1461791992188
321.0	1004.7517700195312
321.5	1025.7265625
322.0	1054.1192626953125
322.5	1075.22119140625
323.0	1103.7352294921875
323.5	1129.551513671875
324.0	1152.8323974609375
324.5	1176.246826171875
325.0	1202.4324951171875
325.5	1225.484130859375
326.0	1251.160888671875
326.5	1274.4639892578125
327.0	1299.79931640625
327.5	1327.2071533203125
328.0	1347.4119873046875
328.5	1373.9315185546875
329.0	1393.16796875
329.5	1419.4991455078125
330.0	1441.17041015625
330.5	1464.0301513671875
331.0	1484.4638671875
331.5	1506.8614501953125
332.0	1526.9853515625
332.5	1549.2393798828125
333.0	1572.639404296875
333.5	1588.7545166015625
334.0	1610.577880859375
334.5	1628.9193115234375
335.0	1647.43701171875
335.5	1664.0999755859375
336.0	1682.1767578125
336.5	1697.524169921875
337.0	1714.3240966796875
337.5	1732.3359375
338.0	1744.9002685546875
338.5	1761.4512939453125
339.0	1774.36083984375
339.5	1788.5355224609375
340.0	1800.3583984375
340.5	1813.578125
341.0	1824.010986328125
341.5	1835.503662109375
342.0	1847.7366943359375
342.5	1855.786865234375
343.0	1866.4437255859375
343.5	1875.3509521484375
344.0	1884.55029296875
344.5	1891.64111328125
345.0	1898.572265625
345.5	1903.885009765625
346.0	1910.08447265625
346.5	1916.332275390625
347.0	1921.3701171875
347.5	1925.873291015625
348.0	1928.446533203125
348.5	1931.3800048828125
349.0	1934.3233642578125
349.5	1936.642822265625
350.0	1938.6142578125
350.5	1938.6195068359375
351.0	1938.068359375
351.5	1938.3895263671875
352.0	1938.0826416015625
352.5	1937.0018310546875
353.0	1936.010986328125
353.5	1934.7205810546875
354.0	1932.5596923828125
354.5	1929.7645263671875
355.0	1926.64013671875
355.5	1923.00830078125
356.0	1919.2794189453125
356.5	1915.1199951171875
357.0	1910.7518310546875
357.5	1905.8447265625
358.0	1900.16064453125
358.5	1893.8624267578125
359.0	1888.556396484375
359.5	1881.582763671875
360.0	1875.2442626953125
360.5	1868.423828125
361.0	1861.340576171875
361.5	1851.8416748046875
362.0	1842.048095703125
362.5	1833.447265625
363.0	1824.081787109375
363.5	1816.3975830078125
364.0	1806.1300048828125
364.5	1796.5460205078125
365.0	1784.534423828125
365.5	1772.880859375
366.0	1762.8984375
366.5	1751.429443359375
367.0	1739.845947265625
367.5	1725.791748046875
368.0	1712.496337890625
368.5	1700.7520751953125
369.0	1687.7957763671875
369.5	1675.67626953125
370.0	1661.386474609375
370.5	1648.2972412109375
371.0	1632.4532470703125
371.5	1617.591796875
372.0	1603.5767822265625
372.5	1588.2406005859375
373.0	1574.1531982421875
373.5	1557.120849609375
374.0	1540.750732421875
374.5	1525.9041748046875
375.0	1509.5313720703125
375.5	1494.13671875
376.0	1475.941162109375
376.5	1458.986083984375
377.0	1443.461669921875
377.5	1426.401611328125
378.0	1410.3720703125
378.5	1391.3072509765625
379.0	1374.43701171875
379.5	1358.4967041015625
380.0	1341.8504638671875
380.5	1326.3232421875
381.0	1307.017578125
381.5	1289.263427734375
382.0	1272.944091796875
382.5	1255.566650390625
383.0	1239.3525390625
383.5	1220.4412841796875
384.0	1203.016357421875
384.5	1187.485107421875
385.0	1170.2808837890625
385.5	1153.9451904296875
386.0	1135.74560546875
386.5	1118.4951171875
387.0	1102.275390625
387.5	1085.31494140625
388.0	1070.3900146484375
388.5	1051.5601806640625
389.0	1034.8675537109375
389.5	1019.6637573242188
390.0	1001.617431640625
390.5	988.4429321289062
391.0	970.9805297851562
391.5	954.7063598632812
392.0	940.6376342773438
392.5	923.2692260742188
393.0	910.2827758789062
393.5	893.5255737304688
394.0	878.3888549804688
394.5	864.6664428710938
395.0	848.267578125
395.5	833.355712890625
396.0	819.8811645507812
396.5	803.980712890625
397.0	792.4277954101562
397.5	776.8063354492188
398.0	762.7291870117188
398.5	750.0408325195312
399.0	734.8430786132812
399.5	721.6094360351562
400.0	709.2000122070312
400.5	696.9122314453125
401.0	683.9844970703125
401.5	670.0487060546875
402.0	657.590087890625
402.5	646.0104370117188
403.0	633.1405029296875
403.5	620.7257690429688
404.0	609.6253662109375
404.5	599.0401611328125
405.0	588.04443359375
405.5	575.5872192382812
406.0	565.4613647460938
406.5	554.219482421875
407.0	542.37646484375
407.5	531.5241088867188
408.0	521.73779296875
408.5	510.3837890625
409.0	502.07373046875
409.5	490.8736877441406
410.0	481.8890686035156
410.5	472.23895263671875
411.0	461.90087890625
411.5	452.9504089355469
412.0	443.4792785644531
412.5	433.6230163574219
413.0	424.7334289550781
413.5	416.8484802246094
414.0	407.305908203125
414.5	400.6171875
415.0	391.3792724609375
415.5	384.1000671386719
416.0	375.9829406738281
416.5	367.5319519042969
417.0	360.5825500488281
417.5	353.17791748046875
418.0	345.22149658203125
418.5	338.73284912109375
419.0	331.4090576171875
419.5	323.4693298339844
420.0	316.51947021484375
420.5	310.603515625
421.0	303.2433166503906
421.5	298.0167541503906
422.0	291.2447509765625
422.5	284.495849609375
423.0	279.3674011230469
423.5	272.8149108886719
424.0	267.7054748535156
424.5	262.1051025390625
425.0	255.92103576660156
425.5	251.0603790283203
426.0	245.72581481933594
426.5	239.79393005371094
427.0	235.3202667236328
427.5	230.21241760253906
428.0	224.68910217285156
428.5	220.03814697265625
429.0	215.43589782714844
429.5	210.5811767578125
430.0	206.43162536621094
430.5	201.8818817138672
431.0	196.97251892089844
431.5	193.1182861328125
432.0	188.7599639892578
432.5	184.5513153076172
433.0	180.92710876464844
433.5	176.77499389648438
434.0	172.67745971679688
434.5	169.43443298339844
435.0	165.79611206054688
435.5	161.94931030273438
436.0	158.70513916015625
436.5	155.2667694091797
437.0	151.41712951660156
437.5	148.60736083984375
438.0	145.4814453125
438.5	142.41607666015625
439.0	139.63243103027344
439.5	136.47573852539062
440.0	133.20538330078125
440.5	130.51443481445312
441.0	127.58960723876953
441.5	124.5362319946289
442.0	121.9334945678711
442.5	119.34555053710938
443.0	116.61660766601562
443.5	114.31602478027344
444.0	111.7413558959961
444.5	109.3524398803711
445.0	106.635986328125
445.5	104.57366943359375
446.0	102.50468444824219
446.5	100.09851837158203
447.0	98.17405700683594
447.5	96.05815124511719
448.0	94.01412963867188
448.5	92.23575592041016
449.0	90.25812530517578
449.5	88.0612564086914
450.0	86.2175521850586
