 750000.000   26.910
 750500.000   26.708
 751000.000   26.867
 751500.000   27.371
 752000.000   26.975
 752500.000   26.103
 753000.000   26.255
 753500.000   27.454
 754000.000   28.024
 754500.000   26.818
 755000.000   26.388
 755500.000   26.702
 756000.000   26.974
 756500.000   26.364
 757000.000   26.304
 757500.000   27.638
 758000.000   27.034
 758500.000   27.146
 759000.000   27.078
 759500.000   26.608
 760000.000   27.397
 760500.000   26.878
 761000.000   27.113
 761500.000   27.295
 762000.000   26.189
 762500.000   26.234
 763000.000   26.121
 763500.000   26.460
 764000.000   27.194
 764500.000   27.147
 765000.000   26.907
 765500.000   27.232
 766000.000   27.452
 766500.000   26.001
 767000.000   26.467
 767500.000   27.489
 768000.000   25.913
 768500.000   26.121
 769000.000   27.684
 769500.000   26.586
 770000.000   26.405
 770500.000   25.174
 771000.000   26.669
 771500.000   26.407
 772000.000   26.221
 772500.000   26.503
 773000.000   26.130
 773500.000   26.205
 774000.000   27.239
 774500.000   26.005
 775000.000   26.254
 775500.000   26.275
 776000.000   26.600
 776500.000   26.456
 777000.000   26.541
 777500.000   25.820
 778000.000   26.207
 778500.000   26.568
 779000.000   26.676
 779500.000   26.826
 780000.000   26.705
 780500.000   27.090
 781000.000   27.166
 781500.000   26.685
 782000.000   27.222
 782500.000   25.908
 783000.000   27.552
 783500.000   27.058
 784000.000   27.253
 784500.000   27.310
 785000.000   26.607
 785500.000   26.912
 786000.000   27.050
 786500.000   27.090
 787000.000   27.185
 787500.000   27.410
 788000.000   27.373
 788500.000   26.204
 789000.000   26.241
 789500.000   26.971
 790000.000   27.007
 790500.000   27.116
 791000.000   27.015
 791500.000   26.587
 792000.000   26.857
 792500.000   27.241
 793000.000   26.957
 793500.000   27.218
 794000.000   28.206
 794500.000   27.508
 795000.000   27.261
 795500.000   26.691
 796000.000   26.511
 796500.000   27.841
 797000.000   27.142
 797500.000   27.445
 798000.000   28.070
 798500.000   27.050
 799000.000   27.660
 799500.000   28.489
 800000.000   27.024
 800500.000   27.799
 801000.000   27.339
 801500.000   28.042
 802000.000   27.403
 802500.000   27.971
 803000.000   27.987
 803500.000   27.896
 804000.000   28.229
 804500.000   27.080
 805000.000   26.284
 805500.000   27.531
 806000.000   27.729
 806500.000   27.501
 807000.000   26.786
 807500.000   28.338
 808000.000   29.137
 808500.000   27.516
 809000.000   27.068
 809500.000   26.777
 810000.000   27.270
 810500.000   27.283
 811000.000   26.574
 811500.000   27.236
 812000.000   26.307
 812500.000   26.873
 813000.000   26.640
 813500.000   26.456
 814000.000   26.859
 814500.000   26.334
 815000.000   27.327
 815500.000   26.579
 816000.000   27.762
 816500.000   26.646
 817000.000   27.262
 817500.000   27.867
 818000.000   27.513
 818500.000   27.339
 819000.000   27.035
 819500.000   27.997
 820000.000   27.237
 820500.000   26.338
 821000.000   26.645
 821500.000   28.690
 822000.000   27.881
 822500.000   26.860
 823000.000   26.829
 823500.000   27.333
 824000.000   26.502
 824500.000   27.925
 825000.000   27.326
 825500.000   28.571
 826000.000   27.141
 826500.000   27.307
 827000.000   26.982
 827500.000   27.433
 828000.000   26.720
 828500.000   26.379
 829000.000   27.320
 829500.000   27.407
 830000.000   26.707
 830500.000   26.982
 831000.000   26.853
 831500.000   26.698
 832000.000   27.102
 832500.000   25.837
 833000.000   26.857
 833500.000   26.787
 834000.000   27.170
 834500.000   27.108
 835000.000   26.732
 835500.000   26.700
 836000.000   26.705
 836500.000   27.251
 837000.000   26.998
 837500.000   26.126
 838000.000   26.803
 838500.000   27.543
 839000.000   26.966
 839500.000   28.172
 840000.000   27.190
 840500.000   26.854
 841000.000   27.929
 841500.000   28.168
 842000.000   27.564
 842500.000   27.427
 843000.000   27.496
 843500.000   27.483
 844000.000   25.990
 844500.000   27.467
 845000.000   25.892
 845500.000   27.186
 846000.000   27.439
 846500.000   26.398
 847000.000   27.773
 847500.000   27.264
 848000.000   26.348
 848500.000   27.037
 849000.000   27.352
 849500.000   27.499
 850000.000   27.518
 850500.000   26.440
 851000.000   27.335
 851500.000   28.495
 852000.000   27.312
 852500.000   27.697
 853000.000   26.622
 853500.000   27.892
 854000.000   27.390
 854500.000   27.357
 855000.000   27.480
 855500.000   26.779
 856000.000   26.157
 856500.000   27.209
 857000.000   27.562
 857500.000   27.563
 858000.000   27.855
 858500.000   27.344
 859000.000   27.567
 859500.000   26.724
 860000.000   27.000
 860500.000   25.669
 861000.000   27.338
 861500.000   27.536
 862000.000   27.190
 862500.000   27.396
 863000.000   28.084
 863500.000   27.617
 864000.000   27.207
 864500.000   26.861
 865000.000   27.833
 865500.000   27.439
 866000.000   26.715
 866500.000   27.490
 867000.000   27.656
 867500.000   28.175
 868000.000   28.269
 868500.000   28.736
 869000.000   27.429
 869500.000   28.474
 870000.000   27.846
 870500.000   27.604
 871000.000   28.174
 871500.000   28.265
 872000.000   27.621
 872500.000   27.987
 873000.000   27.661
 873500.000   27.450
 874000.000   27.772
 874500.000   27.351
 875000.000   26.691
 875500.000   27.013
 876000.000   26.923
 876500.000   27.772
 877000.000   27.381
 877500.000   27.338
 878000.000   28.224
 878500.000   27.860
 879000.000   26.856
 879500.000   27.310
 880000.000   27.082
 880500.000   27.236
 881000.000   26.754
 881500.000   28.148
 882000.000   28.231
 882500.000   27.371
 883000.000   27.282
 883500.000   27.588
 884000.000   27.366
 884500.000   27.073
 885000.000   28.196
 885500.000   27.106
 886000.000   26.378
 886500.000   27.698
 887000.000   27.538
 887500.000   27.298
 888000.000   27.497
 888500.000   27.450
 889000.000   28.101
 889500.000   28.182
 890000.000   27.263
 890500.000   27.606
 891000.000   26.914
 891500.000   27.770
 892000.000   28.069
 892500.000   27.801
 893000.000   27.927
 893500.000   27.736
 894000.000   27.862
 894500.000   27.204
 895000.000   28.203
 895500.000   28.028
 896000.000   27.658
 896500.000   27.464
 897000.000   27.648
 897500.000   27.489
 898000.000   27.190
 898500.000   26.186
 899000.000   27.614
 899500.000   27.720
 900000.000   27.449
 900500.000   27.446
 901000.000   27.628
 901500.000   28.286
 902000.000   28.175
 902500.000   27.286
 903000.000   27.581
 903500.000   27.667
 904000.000   27.157
 904500.000   27.166
 905000.000   27.310
 905500.000   27.008
 906000.000   27.652
 906500.000   27.656
 907000.000   27.713
 907500.000   26.481
 908000.000   26.518
 908500.000   25.976
 909000.000   27.146
 909500.000   27.314
 910000.000   27.151
 910500.000   27.128
 911000.000   26.956
 911500.000   27.291
 912000.000   26.808
 912500.000   27.772
 913000.000   27.719
 913500.000   27.393
 914000.000   27.871
 914500.000   27.781
 915000.000   28.137
 915500.000   26.974
 916000.000   27.116
 916500.000   27.794
 917000.000   27.878
 917500.000   29.014
 918000.000   27.161
 918500.000   27.526
 919000.000   27.501
 919500.000   28.362
 920000.000   28.192
 920500.000   27.818
 921000.000   27.740
 921500.000   27.629
 922000.000   27.526
 922500.000   26.982
 923000.000   28.535
 923500.000   27.438
 924000.000   27.344
 924500.000   26.968
 925000.000   27.650
 925500.000   27.335
 926000.000   27.962
 926500.000   26.813
 927000.000   28.441
 927500.000   27.955
 928000.000   28.014
 928500.000   27.282
 929000.000   28.260
 929500.000   28.271
 930000.000   28.565
 930500.000   27.147
 931000.000   27.014
 931500.000   27.047
 932000.000   27.860
 932500.000   27.788
 933000.000   27.179
 933500.000   27.091
 934000.000   27.349
 934500.000   28.187
 935000.000   27.448
 935500.000   27.314
 936000.000   28.110
 936500.000   28.504
 937000.000   28.487
 937500.000   27.698
 938000.000   28.043
 938500.000   27.669
 939000.000   27.977
 939500.000   27.887
 940000.000   28.464
 940500.000   27.508
 941000.000   26.973
 941500.000   27.570
 942000.000   28.265
 942500.000   27.725
 943000.000   27.709
 943500.000   28.185
 944000.000   28.163
 944500.000   27.231
 945000.000   28.441
 945500.000   27.695
 946000.000   28.463
 946500.000   28.255
 947000.000   28.155
 947500.000   28.011
 948000.000   27.012
 948500.000   28.241
 949000.000   28.265
 949500.000   28.443
 950000.000   29.218
 950500.000   28.070
 951000.000   28.457
 951500.000   28.541
 952000.000   29.142
 952500.000   27.918
 953000.000   27.877
 953500.000   28.938
 954000.000   29.241
 954500.000   28.746
 955000.000   28.052
 955500.000   28.089
 956000.000   28.882
 956500.000   28.192
 957000.000   27.725
 957500.000   27.486
 958000.000   28.426
 958500.000   27.526
 959000.000   27.939
 959500.000   27.882
 960000.000   27.895
 960500.000   28.142
 961000.000   28.661
 961500.000   28.449
 962000.000   28.412
 962500.000   28.488
 963000.000   28.485
 963500.000   28.175
 964000.000   29.903
 964500.000   28.421
 965000.000   28.033
 965500.000   28.213
 966000.000   28.224
 966500.000   27.982
 967000.000   27.675
 967500.000   28.790
 968000.000   28.925
 968500.000   29.331
 969000.000   28.666
 969500.000   27.742
 970000.000   28.192
 970500.000   27.978
 971000.000   28.130
 971500.000   27.895
 972000.000   29.188
 972500.000   28.755
 973000.000   28.408
 973500.000   28.546
 974000.000   28.190
 974500.000   28.157
 975000.000   28.039
 975500.000   28.649
 976000.000   27.982
 976500.000   27.761
 977000.000   29.046
 977500.000   27.390
 978000.000   28.983
 978500.000   27.927
 979000.000   26.806
 979500.000   28.026
 980000.000   27.646
 980500.000   28.772
 981000.000   28.064
 981500.000   28.010
 982000.000   28.543
 982500.000   28.180
 983000.000   28.409
 983500.000   28.640
 984000.000   28.109
 984500.000   28.290
 985000.000   27.755
 985500.000   27.609
 986000.000   27.978
 986500.000   28.078
 987000.000   28.106
 987500.000   27.707
 988000.000   28.012
 988500.000   27.412
 989000.000   28.052
 989500.000   28.656
 990000.000   27.902
 990500.000   27.973
 991000.000   28.369
 991500.000   28.490
 992000.000   28.246
 992500.000   28.158
 993000.000   28.873
 993500.000   29.000
 994000.000   27.438
 994500.000   28.373
 995000.000   27.471
 995500.000   27.736
 996000.000   28.972
 996500.000   28.723
 997000.000   28.522
 997500.000   28.356
 998000.000   27.690
 998500.000   28.949
 999000.000   28.444
 999500.000   28.282
1000000.000   28.636
