      43    1.661    0.157
      44    2.079    0.172
      45    1.104    0.086
      46    0.913    0.138
      47    1.414    0.196
      48    0.447    0.086
      49    0.455    0.065
      50    1.100    0.181
      51    0.811    0.173
      52    1.880    0.273
      53    0.685    0.135
      54    1.274    0.202
      55    0.286    0.111
      56    1.469    0.276
      57    0.809    0.189
      58    1.231    0.165
      59    1.646    0.256
      60    1.302    0.189
      61    1.418    0.217
      62    1.801    0.246
      63    2.736    0.197
