 750000.000   27.186
 750500.000   26.723
 751000.000   26.777
 751500.000   26.683
 752000.000   26.778
 752500.000   26.682
 753000.000   26.993
 753500.000   26.047
 754000.000   26.539
 754500.000   25.984
 755000.000   26.234
 755500.000   26.478
 756000.000   27.702
 756500.000   26.071
 757000.000   26.655
 757500.000   27.496
 758000.000   27.389
 758500.000   26.915
 759000.000   26.416
 759500.000   27.485
 760000.000   26.264
 760500.000   27.237
 761000.000   26.425
 761500.000   26.539
 762000.000   28.381
 762500.000   25.872
 763000.000   25.950
 763500.000   26.723
 764000.000   27.657
 764500.000   26.820
 765000.000   27.318
 765500.000   26.088
 766000.000   27.060
 766500.000   25.957
 767000.000   26.343
 767500.000   26.525
 768000.000   25.759
 768500.000   26.469
 769000.000   26.807
 769500.000   25.790
 770000.000   25.651
 770500.000   26.233
 771000.000   25.686
 771500.000   26.941
 772000.000   26.724
 772500.000   25.649
 773000.000   25.267
 773500.000   25.627
 774000.000   27.143
 774500.000   26.195
 775000.000   26.187
 775500.000   27.037
 776000.000   25.489
 776500.000   26.807
 777000.000   24.735
 777500.000   25.715
 778000.000   25.389
 778500.000   24.824
 779000.000   26.570
 779500.000   26.640
 780000.000   25.691
 780500.000   25.690
 781000.000   25.558
 781500.000   25.969
 782000.000   26.114
 782500.000   26.382
 783000.000   25.865
 783500.000   25.574
 784000.000   26.073
 784500.000   26.909
 785000.000   26.987
 785500.000   26.078
 786000.000   25.301
 786500.000   25.551
 787000.000   25.278
 787500.000   25.117
 788000.000   26.369
 788500.000   26.353
 789000.000   25.788
 789500.000   26.795
 790000.000   26.289
 790500.000   25.470
 791000.000   25.754
 791500.000   25.932
 792000.000   26.029
 792500.000   25.939
 793000.000   26.071
 793500.000   26.228
 794000.000   25.233
 794500.000   25.112
 795000.000   26.472
 795500.000   25.640
 796000.000   25.260
 796500.000   25.820
 797000.000   25.586
 797500.000   25.994
 798000.000   26.457
 798500.000   26.009
 799000.000   26.691
 799500.000   26.427
 800000.000   27.110
 800500.000   25.149
 801000.000   26.295
 801500.000   25.661
 802000.000   26.524
 802500.000   26.389
 803000.000   26.145
 803500.000   27.267
 804000.000   26.116
 804500.000   25.733
 805000.000   25.633
 805500.000   24.503
 806000.000   25.560
 806500.000   26.347
 807000.000   25.950
 807500.000   26.778
 808000.000   26.179
 808500.000   27.627
 809000.000   27.787
 809500.000   26.897
 810000.000   27.401
 810500.000   25.887
 811000.000   26.493
 811500.000   26.236
 812000.000   27.353
 812500.000   27.550
 813000.000   28.392
 813500.000   27.609
 814000.000   26.172
 814500.000   26.624
 815000.000   27.735
 815500.000   27.555
 816000.000   26.586
 816500.000   26.106
 817000.000   26.493
 817500.000   24.956
 818000.000   27.193
 818500.000   26.673
 819000.000   25.874
 819500.000   26.911
 820000.000   25.495
 820500.000   26.018
 821000.000   26.345
 821500.000   26.140
 822000.000   26.664
 822500.000   27.281
 823000.000   27.216
 823500.000   27.121
 824000.000   26.912
 824500.000   26.983
 825000.000   26.311
 825500.000   24.887
 826000.000   25.165
 826500.000   24.964
 827000.000   24.702
 827500.000   25.730
 828000.000   27.123
 828500.000   26.647
 829000.000   26.401
 829500.000   27.199
 830000.000   26.763
 830500.000   25.981
 831000.000   26.969
 831500.000   26.970
 832000.000   26.490
 832500.000   27.150
 833000.000   25.629
 833500.000   26.800
 834000.000   26.915
 834500.000   25.942
 835000.000   26.282
 835500.000   27.261
 836000.000   27.256
 836500.000   25.930
 837000.000   26.952
 837500.000   26.351
 838000.000   27.226
 838500.000   27.701
 839000.000   26.344
 839500.000   26.403
 840000.000   25.364
 840500.000   27.006
 841000.000   26.596
 841500.000   25.816
 842000.000   26.979
 842500.000   26.230
 843000.000   26.057
 843500.000   26.550
 844000.000   26.079
 844500.000   27.492
 845000.000   28.481
 845500.000   26.862
 846000.000   25.872
 846500.000   25.012
 847000.000   26.137
 847500.000   25.990
 848000.000   27.308
 848500.000   26.511
 849000.000   26.848
 849500.000   25.448
 850000.000   25.345
 850500.000   25.560
 851000.000   26.047
 851500.000   25.548
 852000.000   26.116
 852500.000   26.236
 853000.000   26.042
 853500.000   24.657
 854000.000   25.548
 854500.000   26.137
 855000.000   25.739
 855500.000   25.192
 856000.000   25.983
 856500.000   25.061
 857000.000   24.597
 857500.000   26.092
 858000.000   25.804
 858500.000   26.111
 859000.000   27.089
 859500.000   27.271
 860000.000   28.462
 860500.000   27.990
 861000.000   27.525
 861500.000   27.433
 862000.000   26.707
 862500.000   26.872
 863000.000   26.572
 863500.000   26.516
 864000.000   27.445
 864500.000   25.826
 865000.000   27.262
 865500.000   27.252
 866000.000   26.866
 866500.000   27.544
 867000.000   27.524
 867500.000   27.309
 868000.000   26.368
 868500.000   26.489
 869000.000   26.516
 869500.000   26.991
 870000.000   26.437
 870500.000   27.237
 871000.000   27.415
 871500.000   27.956
 872000.000   26.593
 872500.000   26.426
 873000.000   27.318
 873500.000   26.780
 874000.000   27.637
 874500.000   26.574
 875000.000   26.644
 875500.000   26.935
 876000.000   26.952
 876500.000   26.923
 877000.000   26.663
 877500.000   25.773
 878000.000   26.479
 878500.000   28.076
 879000.000   26.133
 879500.000   26.642
 880000.000   26.424
 880500.000   25.482
 881000.000   25.487
 881500.000   25.346
 882000.000   25.880
 882500.000   25.046
 883000.000   25.516
 883500.000   26.174
 884000.000   25.149
 884500.000   25.036
 885000.000   25.939
 885500.000   25.164
 886000.000   25.060
 886500.000   26.315
 887000.000   25.473
 887500.000   25.271
 888000.000   25.483
 888500.000   26.086
 889000.000   26.154
 889500.000   25.727
 890000.000   26.780
 890500.000   25.752
 891000.000   25.365
 891500.000   24.754
 892000.000   26.003
 892500.000   26.448
 893000.000   25.320
 893500.000   26.268
 894000.000   26.151
 894500.000   26.284
 895000.000   26.513
 895500.000   26.070
 896000.000   25.547
 896500.000   26.230
 897000.000   26.000
 897500.000   25.293
 898000.000   25.464
 898500.000   24.856
 899000.000   24.637
 899500.000   26.252
 900000.000   26.202
 900500.000   24.533
 901000.000   25.795
 901500.000   25.711
 902000.000   25.001
 902500.000   25.512
 903000.000   26.174
 903500.000   24.524
 904000.000   25.204
 904500.000   25.130
 905000.000   25.730
 905500.000   24.924
 906000.000   26.007
 906500.000   24.975
 907000.000   26.323
 907500.000   27.729
 908000.000   25.827
 908500.000   25.623
 909000.000   26.498
 909500.000   25.647
 910000.000   27.660
 910500.000   27.317
 911000.000   27.104
 911500.000   26.712
 912000.000   27.005
 912500.000   27.779
 913000.000   27.662
 913500.000   28.632
 914000.000   26.954
 914500.000   27.319
 915000.000   27.964
 915500.000   27.327
 916000.000   27.602
 916500.000   26.795
 917000.000   26.352
 917500.000   27.767
 918000.000   28.159
 918500.000   26.269
 919000.000   27.708
 919500.000   27.856
 920000.000   27.278
 920500.000   27.352
 921000.000   27.306
 921500.000   26.477
 922000.000   26.207
 922500.000   27.281
 923000.000   25.509
 923500.000   26.023
 924000.000   25.859
 924500.000   25.771
 925000.000   27.683
 925500.000   27.170
 926000.000   26.752
 926500.000   27.280
 927000.000   26.559
 927500.000   27.330
 928000.000   27.256
 928500.000   25.964
 929000.000   26.251
 929500.000   26.818
 930000.000   26.349
 930500.000   26.365
 931000.000   26.044
 931500.000   25.395
 932000.000   26.203
 932500.000   25.474
 933000.000   26.218
 933500.000   26.167
 934000.000   26.088
 934500.000   25.948
 935000.000   27.326
 935500.000   27.844
 936000.000   26.587
 936500.000   26.193
 937000.000   27.259
 937500.000   27.206
 938000.000   26.988
 938500.000   27.084
 939000.000   27.214
 939500.000   26.007
 940000.000   27.803
 940500.000   26.786
 941000.000   27.361
 941500.000   26.838
 942000.000   26.629
 942500.000   26.417
 943000.000   26.469
 943500.000   25.236
 944000.000   27.772
 944500.000   26.717
 945000.000   27.210
 945500.000   26.884
 946000.000   27.107
 946500.000   26.424
 947000.000   27.025
 947500.000   26.171
 948000.000   25.327
 948500.000   25.984
 949000.000   26.199
 949500.000   26.621
 950000.000   26.322
 950500.000   27.091
 951000.000   25.967
 951500.000   26.883
 952000.000   26.186
 952500.000   27.067
 953000.000   26.391
 953500.000   26.469
 954000.000   27.462
 954500.000   28.746
 955000.000   27.581
 955500.000   27.005
 956000.000   26.349
 956500.000   25.425
 957000.000   27.690
 957500.000   26.545
 958000.000   25.919
 958500.000   26.860
 959000.000   25.615
 959500.000   26.172
 960000.000   26.420
 960500.000   27.869
 961000.000   26.671
 961500.000   26.514
 962000.000   26.847
 962500.000   27.854
 963000.000   27.854
 963500.000   27.169
 964000.000   27.061
 964500.000   27.416
 965000.000   27.431
 965500.000   27.015
 966000.000   27.070
 966500.000   27.332
 967000.000   26.789
 967500.000   27.729
 968000.000   26.149
 968500.000   26.892
 969000.000   27.520
 969500.000   27.440
 970000.000   27.543
 970500.000   26.978
 971000.000   27.488
 971500.000   28.846
 972000.000   27.315
 972500.000   26.852
 973000.000   26.850
 973500.000   27.986
 974000.000   26.893
 974500.000   26.405
 975000.000   26.467
 975500.000   27.062
 976000.000   28.474
 976500.000   26.568
 977000.000   27.062
 977500.000   28.195
 978000.000   28.325
 978500.000   27.665
 979000.000   27.178
 979500.000   26.993
 980000.000   26.502
 980500.000   26.982
 981000.000   26.675
 981500.000   25.829
 982000.000   26.696
 982500.000   26.951
 983000.000   28.003
 983500.000   26.856
 984000.000   27.199
 984500.000   26.737
 985000.000   27.580
 985500.000   27.860
 986000.000   27.324
 986500.000   26.452
 987000.000   27.108
 987500.000   26.235
 988000.000   27.776
 988500.000   27.582
 989000.000   27.175
 989500.000   26.671
 990000.000   25.896
 990500.000   24.713
 991000.000   26.509
 991500.000   26.217
 992000.000   26.434
 992500.000   27.421
 993000.000   27.172
 993500.000   27.678
 994000.000   26.889
 994500.000   27.229
 995000.000   27.440
 995500.000   27.884
 996000.000   27.225
 996500.000   28.004
 997000.000   27.374
 997500.000   27.090
 998000.000   27.153
 998500.000   27.339
 999000.000   27.613
 999500.000   26.662
1000000.000   27.053
