 750000.000    6.167  683.680
 750500.000    6.143  686.358
 751000.000    6.030  699.205
 751500.000    5.963  707.033
 752000.000    6.128  688.064
 752500.000    6.053  696.582
 753000.000    5.999  702.778
 753500.000    6.170  683.341
 754000.000    6.154  685.146
 754500.000    6.186  681.549
 755000.000    6.127  688.106
 755500.000    6.143  686.305
 756000.000    5.925  711.571
 756500.000    5.950  708.637
 757000.000    5.987  704.258
 757500.000    6.256  673.961
 758000.000    5.934  710.488
 758500.000    6.159  684.539
 759000.000    5.964  706.958
 759500.000    5.992  703.587
 760000.000    5.973  705.894
 760500.000    6.044  697.532
 761000.000    5.889  715.965
 761500.000    5.999  702.793
 762000.000    6.083  693.083
 762500.000    6.048  697.111
 763000.000    6.068  694.847
 763500.000    6.128  688.066
 764000.000    5.993  703.476
 764500.000    6.171  683.213
 765000.000    5.905  713.972
 765500.000    6.080  693.480
 766000.000    6.042  697.808
 766500.000    6.233  676.390
 767000.000    6.156  684.942
 767500.000    6.014  701.061
 768000.000    5.987  704.200
 768500.000    5.957  707.762
 769000.000    6.178  682.416
 769500.000    6.032  698.974
 770000.000    6.078  693.740
 770500.000    6.175  682.734
 771000.000    6.244  675.292
 771500.000    6.098  691.388
 772000.000    6.114  689.601
 772500.000    6.215  678.341
 773000.000    6.081  693.328
 773500.000    6.016  700.850
 774000.000    6.302  669.055
 774500.000    6.026  699.715
 775000.000    6.242  675.429
 775500.000    5.727  736.219
 776000.000    5.853  720.321
 776500.000    6.063  695.366
 777000.000    6.036  698.484
 777500.000    6.006  701.954
 778000.000    5.894  715.380
 778500.000    6.005  702.094
 779000.000    6.129  687.932
 779500.000    6.217  678.145
 780000.000    6.117  689.312
 780500.000    6.214  678.485
 781000.000    6.049  697.002
 781500.000    5.866  718.777
 782000.000    5.985  704.463
 782500.000    6.034  698.728
 783000.000    6.069  694.691
 783500.000    5.919  712.281
 784000.000    5.958  707.626
 784500.000    6.010  701.497
 785000.000    5.960  707.464
 785500.000    6.267  672.740
 786000.000    6.182  682.024
 786500.000    5.736  735.092
 787000.000    6.065  695.182
 787500.000    6.324  666.676
 788000.000    6.014  701.071
 788500.000    5.965  706.855
 789000.000    6.100  691.217
 789500.000    6.132  687.617
 790000.000    6.038  698.297
 790500.000    6.042  697.852
 791000.000    6.261  673.372
 791500.000    6.144  686.258
 792000.000    6.363  662.637
 792500.000    6.072  694.389
 793000.000    6.305  668.666
 793500.000    6.177  682.525
 794000.000    6.142  686.447
 794500.000    6.154  685.099
 795000.000    5.973  705.906
 795500.000    6.212  678.731
 796000.000    6.174  682.903
 796500.000    6.328  666.284
 797000.000    6.156  684.947
 797500.000    6.072  694.356
 798000.000    6.301  669.156
 798500.000    6.229  676.853
 799000.000    5.936  710.336
 799500.000    5.899  714.682
 800000.000    6.116  689.406
 800500.000    6.034  698.691
 801000.000    6.168  683.541
 801500.000    5.970  706.284
 802000.000    5.959  707.577
 802500.000    5.938  710.025
 803000.000    5.910  713.414
 803500.000    5.958  707.674
 804000.000    5.976  705.582
 804500.000    6.129  687.960
 805000.000    6.012  701.250
 805500.000    6.055  696.309
 806000.000    6.165  683.943
 806500.000    6.023  699.975
 807000.000    6.078  693.643
 807500.000    6.039  698.109
 808000.000    6.167  683.625
 808500.000    6.087  692.664
 809000.000    6.265  672.940
 809500.000    6.105  690.605
 810000.000    6.098  691.396
 810500.000    6.046  697.302
 811000.000    6.218  678.023
 811500.000    6.229  676.893
 812000.000    6.125  688.338
 812500.000    6.072  694.355
 813000.000    5.907  713.737
 813500.000    6.049  696.958
 814000.000    6.005  702.084
 814500.000    5.896  715.120
 815000.000    5.803  726.585
 815500.000    6.166  683.776
 816000.000    6.033  698.806
 816500.000    6.000  702.734
 817000.000    6.049  697.050
 817500.000    6.114  689.567
 818000.000    6.194  680.730
 818500.000    6.104  690.692
 819000.000    5.909  713.481
 819500.000    6.068  694.815
 820000.000    6.207  679.290
 820500.000    6.427  655.974
 821000.000    5.986  704.318
 821500.000    6.430  655.706
 822000.000    6.028  699.482
 822500.000    6.020  700.410
 823000.000    6.251  674.526
 823500.000    6.341  664.958
 824000.000    6.297  669.574
 824500.000    5.984  704.581
 825000.000    6.113  689.718
 825500.000    6.143  686.340
 826000.000    6.191  681.003
 826500.000    5.896  715.082
 827000.000    6.181  682.148
 827500.000    6.395  659.316
 828000.000    6.149  685.714
 828500.000    5.993  703.575
 829000.000    6.197  680.407
 829500.000    6.025  699.749
 830000.000    6.146  685.970
 830500.000    6.035  698.577
 831000.000    5.968  706.480
 831500.000    6.011  701.377
 832000.000    6.010  701.491
 832500.000    6.141  686.610
 833000.000    6.051  696.797
 833500.000    6.069  694.710
 834000.000    6.105  690.652
 834500.000    6.372  661.634
 835000.000    6.080  693.483
 835500.000    6.216  678.241
 836000.000    6.281  671.295
 836500.000    6.241  675.591
 837000.000    6.292  670.053
 837500.000    6.148  685.809
 838000.000    6.230  676.765
 838500.000    6.461  652.555
 839000.000    6.314  667.738
 839500.000    6.066  695.073
 840000.000    5.955  708.023
 840500.000    6.183  681.937
 841000.000    6.083  693.138
 841500.000    6.193  680.768
 842000.000    6.267  672.718
 842500.000    6.407  658.033
 843000.000    6.114  689.596
 843500.000    6.255  674.048
 844000.000    6.157  684.762
 844500.000    6.189  681.230
 845000.000    6.290  670.317
 845500.000    6.095  691.698
 846000.000    6.414  657.317
 846500.000    6.192  680.899
 847000.000    6.033  698.899
 847500.000    6.266  672.912
 848000.000    5.957  707.761
 848500.000    6.189  681.296
 849000.000    6.216  678.245
 849500.000    6.216  678.273
 850000.000    6.138  686.950
 850500.000    6.014  701.076
 851000.000    6.179  682.392
 851500.000    6.211  678.827
 852000.000    6.203  679.710
 852500.000    5.975  705.605
 853000.000    5.932  710.701
 853500.000    5.976  705.471
 854000.000    6.240  675.622
 854500.000    5.956  707.860
 855000.000    6.073  694.216
 855500.000    6.012  701.301
 856000.000    6.249  674.673
 856500.000    6.144  686.202
 857000.000    6.019  700.439
 857500.000    5.968  706.447
 858000.000    6.165  683.937
 858500.000    5.989  703.955
 859000.000    6.176  682.708
 859500.000    6.145  686.164
 860000.000    6.313  667.889
 860500.000    6.139  686.771
 861000.000    5.851  720.619
 861500.000    5.992  703.583
 862000.000    6.105  690.567
 862500.000    5.875  717.700
 863000.000    5.841  721.827
 863500.000    6.198  680.239
 864000.000    6.227  677.083
 864500.000    6.206  679.386
 865000.000    6.086  692.757
 865500.000    6.190  681.144
 866000.000    6.332  665.819
 866500.000    6.006  702.022
 867000.000    5.983  704.711
 867500.000    6.089  692.488
 868000.000    6.164  684.031
 868500.000    6.101  691.055
 869000.000    6.149  685.711
 869500.000    6.109  690.121
 870000.000    6.232  676.551
 870500.000    6.121  688.862
 871000.000    5.885  716.474
 871500.000    6.034  698.769
 872000.000    5.905  714.023
 872500.000    6.277  671.687
 873000.000    6.071  694.523
 873500.000    6.140  686.663
 874000.000    6.279  671.440
 874500.000    5.970  706.207
 875000.000    6.062  695.463
 875500.000    6.071  694.430
 876000.000    6.079  693.549
 876500.000    6.180  682.211
 877000.000    6.327  666.389
 877500.000    6.096  691.684
 878000.000    6.081  693.379
 878500.000    6.057  696.108
 879000.000    6.072  694.320
 879500.000    6.053  696.552
 880000.000    6.008  701.822
 880500.000    6.206  679.419
 881000.000    6.190  681.080
 881500.000    6.101  691.098
 882000.000    6.169  683.422
 882500.000    5.929  711.093
 883000.000    6.149  685.724
 883500.000    6.146  686.054
 884000.000    6.298  669.481
 884500.000    6.078  693.655
 885000.000    5.941  709.638
 885500.000    6.048  697.120
 886000.000    6.027  699.519
 886500.000    5.948  708.810
 887000.000    6.063  695.394
 887500.000    5.857  719.830
 888000.000    5.931  710.920
 888500.000    6.171  683.234
 889000.000    6.057  696.128
 889500.000    6.046  697.355
 890000.000    6.133  687.434
 890500.000    6.049  696.993
 891000.000    6.331  665.928
 891500.000    6.204  679.568
 892000.000    6.081  693.398
 892500.000    6.088  692.585
 893000.000    5.997  703.082
 893500.000    6.065  695.148
 894000.000    6.126  688.250
 894500.000    5.929  711.083
 895000.000    5.962  707.135
 895500.000    5.936  710.270
 896000.000    6.115  689.520
 896500.000    6.073  694.312
 897000.000    6.332  665.906
 897500.000    6.358  663.100
 898000.000    6.146  685.974
 898500.000    6.097  691.496
 899000.000    6.243  675.383
 899500.000    6.451  653.596
 900000.000    6.154  685.137
 900500.000    6.219  677.948
 901000.000    6.223  677.570
 901500.000    5.953  708.245
 902000.000    6.102  690.937
 902500.000    6.180  682.262
 903000.000    6.210  678.931
 903500.000    5.961  707.358
 904000.000    6.119  688.995
 904500.000    6.317  667.482
 905000.000    6.090  692.338
 905500.000    6.289  670.385
 906000.000    6.173  682.960
 906500.000    6.248  674.806
 907000.000    6.147  685.916
 907500.000    6.137  687.054
 908000.000    6.161  684.311
 908500.000    6.109  690.180
 909000.000    6.316  667.515
 909500.000    6.092  692.110
 910000.000    6.063  695.380
 910500.000    6.037  698.353
 911000.000    5.921  712.054
 911500.000    6.132  687.547
 912000.000    6.010  701.551
 912500.000    6.234  676.300
 913000.000    6.106  690.504
 913500.000    5.933  710.686
 914000.000    6.107  690.376
 914500.000    6.189  681.227
 915000.000    6.216  678.296
 915500.000    6.137  687.040
 916000.000    6.028  699.459
 916500.000    6.128  687.991
 917000.000    6.057  696.074
 917500.000    6.233  676.406
 918000.000    6.201  679.902
 918500.000    6.100  691.237
 919000.000    6.211  678.840
 919500.000    6.144  686.262
 920000.000    6.298  669.442
 920500.000    6.226  677.222
 921000.000    6.127  688.182
 921500.000    5.988  704.060
 922000.000    6.132  687.584
 922500.000    6.212  678.707
 923000.000    6.010  701.496
 923500.000    5.970  706.235
 924000.000    6.002  702.488
 924500.000    6.046  697.321
 925000.000    6.152  685.305
 925500.000    6.125  688.373
 926000.000    6.201  679.951
 926500.000    6.247  674.929
 927000.000    6.226  677.153
 927500.000    6.381  660.749
 928000.000    6.172  683.147
 928500.000    6.224  677.417
 929000.000    6.192  680.881
 929500.000    6.106  690.455
 930000.000    5.870  718.206
 930500.000    6.060  695.735
 931000.000    6.215  678.415
 931500.000    6.248  674.805
 932000.000    6.080  693.493
 932500.000    6.101  691.055
 933000.000    6.065  695.119
 933500.000    6.365  662.428
 934000.000    6.219  677.978
 934500.000    6.036  698.455
 935000.000    6.188  681.329
 935500.000    6.199  680.156
 936000.000    6.286  670.715
 936500.000    6.095  691.759
 937000.000    6.128  687.993
 937500.000    6.212  678.686
 938000.000    6.126  688.202
 938500.000    6.205  679.492
 939000.000    6.182  682.042
 939500.000    6.229  676.882
 940000.000    6.220  677.865
 940500.000    6.264  673.059
 941000.000    6.040  698.022
 941500.000    6.353  663.704
 942000.000    6.150  685.511
 942500.000    6.316  667.570
 943000.000    6.142  686.482
 943500.000    6.017  700.675
 944000.000    6.149  685.657
 944500.000    6.060  695.789
 945000.000    6.137  687.041
 945500.000    6.149  685.674
 946000.000    6.034  698.797
 946500.000    6.038  698.317
 947000.000    6.250  674.568
 947500.000    5.949  708.728
 948000.000    6.296  669.711
 948500.000    6.246  675.039
 949000.000    6.075  694.057
 949500.000    6.207  679.276
 950000.000    6.222  677.598
 950500.000    6.163  684.078
 951000.000    6.343  664.664
 951500.000    6.217  678.205
 952000.000    6.204  679.552
 952500.000    6.002  702.436
 953000.000    6.102  690.947
 953500.000    6.178  682.404
 954000.000    6.085  692.912
 954500.000    6.174  682.936
 955000.000    6.032  698.980
 955500.000    6.338  665.210
 956000.000    6.047  697.226
 956500.000    6.264  673.118
 957000.000    6.088  692.523
 957500.000    6.220  677.864
 958000.000    5.928  711.252
 958500.000    6.107  690.430
 959000.000    6.014  701.070
 959500.000    6.334  665.642
 960000.000    6.383  660.520
 960500.000    6.009  701.669
 961000.000    6.100  691.172
 961500.000    6.263  673.152
 962000.000    6.160  684.444
 962500.000    6.146  685.980
 963000.000    6.362  662.689
 963500.000    6.259  673.592
 964000.000    6.301  669.169
 964500.000    6.294  669.826
 965000.000    5.948  708.869
 965500.000    6.409  657.867
 966000.000    6.063  695.427
 966500.000    6.358  663.128
 967000.000    6.279  671.451
 967500.000    6.195  680.538
 968000.000    6.179  682.343
 968500.000    6.228  676.976
 969000.000    6.030  699.152
 969500.000    6.122  688.705
 970000.000    6.264  673.094
 970500.000    6.132  687.554
 971000.000    6.196  680.488
 971500.000    6.039  698.113
 972000.000    5.955  708.013
 972500.000    6.032  699.004
 973000.000    6.147  685.952
 973500.000    6.139  686.775
 974000.000    6.041  697.964
 974500.000    6.351  663.868
 975000.000    6.102  690.992
 975500.000    6.256  673.958
 976000.000    6.133  687.450
 976500.000    6.312  667.993
 977000.000    6.404  658.380
 977500.000    6.193  680.818
 978000.000    6.208  679.108
 978500.000    6.381  660.771
 979000.000    6.235  676.222
 979500.000    6.405  658.231
 980000.000    6.364  662.537
 980500.000    6.171  683.283
 981000.000    6.129  687.914
 981500.000    6.162  684.239
 982000.000    6.308  668.407
 982500.000    6.403  658.465
 983000.000    6.307  668.476
 983500.000    6.427  656.045
 984000.000    6.004  702.292
 984500.000    6.198  680.243
 985000.000    6.192  680.872
 985500.000    6.038  698.298
 986000.000    6.099  691.269
 986500.000    6.177  682.615
 987000.000    6.175  682.819
 987500.000    6.124  688.498
 988000.000    6.156  684.919
 988500.000    6.114  689.546
 989000.000    6.052  696.628
 989500.000    6.162  684.177
 990000.000    6.137  686.983
 990500.000    5.969  706.376
 991000.000    6.123  688.616
 991500.000    6.336  665.405
 992000.000    6.220  677.903
 992500.000    6.195  680.600
 993000.000    6.227  677.103
 993500.000    6.210  678.915
 994000.000    6.293  669.977
 994500.000    6.368  662.087
 995000.000    6.192  680.910
 995500.000    6.363  662.585
 996000.000    6.162  684.277
 996500.000    6.272  672.274
 997000.000    6.034  698.786
 997500.000    6.402  658.621
 998000.000    6.174  682.850
 998500.000    5.993  703.524
 999000.000    6.230  676.730
 999500.000    6.032  699.024
1000000.000    6.253  674.234
