      22    1.993    0.189
      23    2.275    0.279
      24    0.963    0.196
      25    0.940    0.201
      26    1.969    0.228
      27    0.740    0.097
      28    0.569    0.087
      29    1.689    0.160
      30    1.734    0.181
      31    1.794    0.134
      32    0.672    0.101
      33    1.076    0.102
      34    0.274    0.062
      35    1.467    0.132
      36    0.872    0.131
      37    1.154    0.179
      38    1.196    0.189
      39    1.503    0.122
      40    1.414    0.171
      41    1.727    0.149
      42    2.683    0.145
