58.282 59.446 -133.6455
65.189 65.501 -145.9475
65.754 76.267 -178.2105
63.522 65.794 -159.0015
61.685 66.277 -165.082
59.72 59.617 -153.508
58.098 59.005 -143.358
53.185 56.111 -136.989
65.946 74.449 -166.154
68.04 73.43 -163.7745
60.847 64.438 -143.8225
57.673 60.456 -139.325
52.586 64.293 -140.58
63.21 67.059 -147.5595
55.937 58.507 -135.6685
61.346 62.536 -141.5665
52.58 58.089 -136.1335
58.311 63.963 -143.8205
60.347 68.167 -152.5665
65.169 65.942 -155.0725
50.177 55.873 -123.805
57.603 59.364 -138.869
58.36 67.628 -144.563
57.483 64.121 -130.8595
60.017 65.781 -153.0925
58.855 71.829 -155.6975
59.351 60.726 -146.6115
58.553 65.422 -151.699
66.631 71.247 -164.291
67.076 75.535 -167.382
61.49 68.046 -160.1515
61.892 60.997 -157.306
51.475 52.74 -124.753
49.31 55.468 -122.601
45.975 55.532 -122.164
57.018 66.809 -150.1155
65.75 62.981 -152.445
60.671 63.806 -145.642
56.933 57.398 -140.828
52.932 57.975 -128.8185
41.801 48.831 -117.5115
55.282 53.988 -130.952
59.749 60.379 -137.129
55.216 63.148 -135.7985
57.264 59.75 -134.1625
64.484 72.195 -162.3755
56.441 53.488 -127.2935
54.089 55.52 -132.2955
46.985 49.775 -116.39
52.049 53.64 -123.5615
47.682 48.09 -109.351
55.291 56.753 -128.4145
51.602 55.146 -127.9825
49.391 50.515 -121.409
48.511 52.056 -132.1065
54.663 59.45 -136.205
59.771 61.341 -144.205
48.526 48.825 -119.496
41.888 43.853 -101.9405
47.692 49.84 -124.9315
58.914 57.106 -141.0785
52.471 54.297 -129.317
56.794 52.092 -134.823
59.061 57.095 -142.3595
56.91 54.531 -145.184
60.257 57.349 -142.9375
57.186 56.54 -141.6325
47.621 53.876 -125.3305
52.936 48.279 -125.0975
49.895 51.218 -119.1375
49.112 50.615 -113.7045
54.582 53.834 -136.239
47.423 47.157 -123.773
52.057 53.654 -133.853
54.154 57.444 -143.456
58.15 57.804 -151.05
58.08 59.868 -147.208
52.832 60.02 -142.2245
62.303 71.609 -154.264
64.719 67.72 -161.955
65.507 74.294 -169.749
63.47 70.895 -161.7575
64.583 68.494 -166.293
67.605 71.887 -169.7425
61.369 66.279 -157.5365
66.656 69.853 -160.9265
71.74 79.786 -176.2055
68.91 70.524 -172.884
64.148 69.219 -160.7905
66.483 72.36 -163.5485
60.695 69.854 -155.945
70.481 77.087 -181.421
64.128 74.164 -170.144
64.184 69.723 -171.41
53.792 63.211 -154.3365
67.104 71.033 -176.6035
58.29 64.884 -161.7705
59.953 68.042 -159.1375
56.389 63.235 -140.52
54.827 64.473 -139.964
62.256 72.556 -156.683
