42.829 49.547 -103.0015
43.128 50.992 -108.393
38.443 41.556 -95.651
35.811 41.599 -80.966
35.754 43.389 -87.978
37.855 39.557 -90.9525
30.398 32.78 -75.146
31.671 33.582 -79.1055
30.926 36.503 -70.541
29.701 32.565 -71.632
35.68 41.73 -88.62
33.211 37.408 -82.32
31.131 38.063 -88.4785
32.537 38.26 -82.378
32.735 40.2 -85.757
40.706 44.852 -98.358
33.786 38.139 -71.3005
30.991 35.675 -55.053
31.335 33.946 -66.8915
32.074 33.86 -56.391
32.196 33.126 -58.3605
22.674 29.463 -51.187
25.479 28.194 -57.6805
32.026 40.129 -72.925
23.257 29.498 -50.855
31.047 40.56 -68.761
26.528 28.49 -49.3305
28.833 29.851 -61.615
27.375 27.013 -63.6755
28.966 25.869 -67.1005
31.543 29.283 -72.6545
36.335 36.824 -73.3325
39.583 42.387 -92.6935
36.473 38.001 -84.199
34.3 36.043 -77.3355
40.018 35.507 -92.6275
42.305 41.869 -87.616
43.885 44.286 -95.008
48.994 46.303 -96.1445
47.712 44.265 -99.451
50.024 46.856 -95.389
51.184 53.389 -105.252
45.854 47.044 -99.666
34.872 35.376 -67.712
38.664 39.544 -84.162
19.251 23.499 -52.586
28.732 32.43 -63.426
21.224 27.907 -52.199
27.289 28.262 -64.886
31.035 35.732 -79.103
26.932 29.725 -68.965
30.011 33.729 -65.0385
33.438 36.341 -81.339
30.259 33.568 -73.284
31.212 35.903 -67.845
30.902 31.112 -69.2975
38.6 39.844 -86.8035
41.684 44.758 -88.231
42.636 46.519 -105.254
39.045 42.745 -97.827
28.1 34.655 -68.232
31.055 38.872 -80.9665
35.093 41.101 -72.671
35.927 42.247 -88.634
34.002 39.166 -73.7375
38.66 51.079 -88.752
32.262 40.348 -78.97
36.425 42.061 -91.744
34.281 39.783 -83.7075
38.242 45.362 -93.112
30.261 40.079 -75.93
30.696 36.72 -77.225
29.775 35.625 -77.298
28.678 29.381 -69.7415
31.101 36.813 -79.994
33.588 46.06 -79.828
32.666 32.2 -66.254
31.288 31.604 -63.7975
36.573 41.562 -85.799
41.111 44.547 -95.068
36.863 39.701 -86.9255
42.247 47.505 -105.89
36.917 47.759 -95.179
37.97 43.818 -99.116
33.391 38.948 -89.114
42.958 44.455 -102.6625
42.995 49.416 -112.497
36.676 42.352 -94.165
36.71 43.497 -87.3115
32.042 38.425 -86.2225
40.945 44.977 -104.08
33.9 43.69 -86.186
39.077 42.063 -84.7355
35.126 35.046 -80.5245
40.77 43.433 -94.336
30.596 37.375 -75.7535
25.244 34.467 -65.5785
30.261 40.452 -75.822
30.914 36.139 -69.315
33.164 41.72 -85.223
43.639 56.896 -101.038
