39.437 36.873 -88.171
35.529 35.654 -84.8215
50.25 43.833 -113.243
49.022 45.468 -120.4975
54.192 46.761 -112.1775
45.496 39.305 -99.3025
50.766 50.015 -121.836
57.353 53.74 -129.3535
51.859 47.098 -120.1635
47.256 41.603 -105.637
51.234 47.476 -112.6955
65.789 62.559 -157.9445
39.134 40.682 -97.0635
33.448 34.584 -83.395
43.321 42.314 -97.942
40.45 41.393 -102.6815
43.663 49.249 -106.404
38.264 42.306 -99.69
36.561 45.02 -89.872
35.496 41.398 -91.536
39.932 40.824 -95.324
42.352 44.624 -109.6975
44.15 43.163 -101.8465
47.3 44.707 -110.5525
50.396 43.582 -113.8945
54.383 50.894 -124.3965
61.253 62.72 -144.5365
71.1 56.901 -157.9835
70.652 62.542 -163.7885
64.783 54.772 -140.4175
64.979 58.581 -144.3705
74.702 66.537 -163.127
73.755 65.032 -154.5885
63.695 61.598 -151.1065
75.027 68.32 -157.312
74.856 70.642 -163.6045
72.275 66.708 -155.7085
79.581 70.569 -182.5175
79.006 70.404 -184.987
78.583 74.917 -178.4165
73.018 70.642 -168.84
73.909 69.008 -173.6925
74.264 69.083 -169.581
76.396 78.068 -190.386
80.719 82.225 -196.9545
68.15 60.46 -154.599
65.607 63.323 -156.7665
68.124 66.748 -165.494
61.926 56.081 -139.6555
60.909 58.938 -153.385
64.922 62.636 -151.0365
51.989 54.929 -128.1275
52.661 50.554 -134.7655
60.535 59.106 -144.0355
59.426 55.901 -142.752
62.041 62.342 -150.873
50.342 47.647 -119.285
55.256 57.636 -146.2165
56.177 53.343 -132.2035
53.603 51.31 -126.7625
60.92 53.709 -143.5195
60.445 55.575 -143.5845
49.858 47.839 -121.3545
41.589 47.789 -103.9575
51.041 53.504 -122.719
39.9 43.891 -112.0465
36.379 44.145 -102.3455
36.987 38.268 -82.9775
47.714 45.801 -109.7945
56.319 53.196 -131.5095
51.376 52.656 -132.9375
55.503 54.885 -137.2425
50.677 53.892 -126.7475
54.694 60.009 -144.8815
55.943 58.272 -154.574
54.551 50.699 -139.8255
59.665 55.937 -154.992
56.415 56.945 -135.8325
66.19 55.502 -155.245
54.133 48.85 -125.6745
53.865 51.712 -125.5505
59.335 56.814 -137.296
48.497 47.861 -124.495
52.663 46.58 -123.6455
49.97 49.444 -125.481
59.238 52.461 -143.1255
62.966 55.186 -132.651
62.725 55.816 -136.6505
60.895 56.37 -140.726
47.933 45.61 -111.7725
58.54 46.768 -126.0345
54.991 51.022 -124.316
59.448 51.828 -135.5025
47.718 42.884 -112.7625
50.315 43.721 -117.532
46.406 44.498 -95.7085
55.96 44.097 -110.857
34.708 34.854 -80.2775
40.899 42.55 -94.6465
38.865 40.153 -82.171
44.428 41.714 -97.1345
