 750000.000 1.329909 0.691413 1.167227 1.302630
 750500.000 1.305622 0.655240 1.154612 1.283288
 751000.000 1.304448 0.644410 1.159110 1.282331
 751500.000 1.310321 0.680363 1.147201 1.286437
 752000.000 1.302050 0.653436 1.152079 1.279221
 752500.000 1.268395 0.660384 1.111176 1.243718
 753000.000 1.302811 0.645069 1.161091 1.276866
 753500.000 1.311186 0.618082 1.184311 1.286003
 754000.000 1.279390 0.649639 1.133072 1.252116
 754500.000 1.262788 0.626317 1.126182 1.236410
 755000.000 1.281290 0.624925 1.157095 1.246598
 755500.000 1.348181 0.622864 1.222034 1.324334
 756000.000 1.339818 0.616269 1.215920 1.316045
 756500.000 1.283329 0.612816 1.161864 1.252356
 757000.000 1.317901 0.602783 1.205193 1.287591
 757500.000 1.334316 0.580574 1.224669 1.312981
 758000.000 1.336950 0.612393 1.216874 1.311131
 758500.000 1.361156 0.659900 1.215816 1.338588
 759000.000 1.319642 0.582667 1.211351 1.294619
 759500.000 1.330441 0.628470 1.200344 1.305507
 760000.000 1.282592 0.594289 1.163422 1.258314
 760500.000 1.324361 0.612437 1.199093 1.301906
 761000.000 1.359269 0.630675 1.227697 1.337997
 761500.000 1.328273 0.709312 1.151432 1.303726
 762000.000 1.369012 0.674581 1.214673 1.348295
 762500.000 1.315557 0.635411 1.176227 1.293878
 763000.000 1.372580 0.615724 1.250555 1.350906
 763500.000 1.346750 0.596843 1.230297 1.325752
 764000.000 1.370908 0.625452 1.252047 1.341628
 764500.000 1.302284 0.649921 1.162062 1.272439
 765000.000 1.367021 0.681594 1.213509 1.341759
 765500.000 1.391709 0.699665 1.235287 1.363174
 766000.000 1.339769 0.614467 1.215848 1.316853
 766500.000 1.341365 0.603006 1.219099 1.322385
 767000.000 1.312073 0.580565 1.201329 1.289504
 767500.000 1.326581 0.623912 1.197717 1.302244
 768000.000 1.319329 0.569579 1.219069 1.292559
 768500.000 1.344362 0.564756 1.248234 1.318174
 769000.000 1.330796 0.594634 1.220387 1.303496
 769500.000 1.346387 0.596757 1.235431 1.320267
 770000.000 1.348855 0.655995 1.209509 1.321203
 770500.000 1.310431 0.645828 1.167211 1.286462
 771000.000 1.340570 0.631881 1.217481 1.308710
 771500.000 1.370482 0.631061 1.249294 1.340698
 772000.000 1.363148 0.652701 1.229660 1.333514
 772500.000 1.333278 0.654680 1.200727 1.298041
 773000.000 1.358422 0.636428 1.229791 1.331613
 773500.000 1.399318 0.710855 1.239907 1.368758
 774000.000 1.345790 0.650333 1.212019 1.315437
 774500.000 1.337651 0.640323 1.207640 1.307752
 775000.000 1.339950 0.589353 1.231003 1.314620
 775500.000 1.362865 0.670356 1.225273 1.328207
 776000.000 1.376803 0.689326 1.240463 1.333136
 776500.000 1.343910 0.683499 1.196155 1.309286
 777000.000 1.397871 0.633014 1.279884 1.367214
 777500.000 1.336556 0.600537 1.233472 1.300256
 778000.000 1.362662 0.679469 1.222353 1.325847
 778500.000 1.361499 0.702221 1.207835 1.324908
 779000.000 1.359588 0.711046 1.198879 1.324409
 779500.000 1.367149 0.758218 1.184883 1.326404
 780000.000 1.371201 0.739849 1.217620 1.315450
 780500.000 1.347774 0.672879 1.209533 1.310441
 781000.000 1.348015 0.683221 1.218609 1.297109
 781500.000 1.369189 0.657792 1.243462 1.330590
 782000.000 1.352571 0.655032 1.229777 1.310526
 782500.000 1.357718 0.652156 1.230304 1.322059
 783000.000 1.341722 0.680614 1.197601 1.304971
 783500.000 1.377055 0.669956 1.233907 1.349516
 784000.000 1.394150 0.579950 1.294484 1.369408
 784500.000 1.352950 0.624723 1.229503 1.326269
 785000.000 1.335205 0.629580 1.209654 1.306105
 785500.000 1.360128 0.571436 1.265891 1.330743
 786000.000 1.386684 0.603419 1.275775 1.361641
 786500.000 1.364415 0.603358 1.253108 1.337512
 787000.000 1.346634 0.567754 1.249023 1.320774
 787500.000 1.366609 0.596796 1.259688 1.338753
 788000.000 1.329957 0.599284 1.214608 1.305050
 788500.000 1.331396 0.627809 1.206856 1.301762
 789000.000 1.307497 0.619572 1.184028 1.278009
 789500.000 1.393762 0.690129 1.242601 1.365579
 790000.000 1.368435 0.686556 1.217380 1.338603
 790500.000 1.369434 0.672715 1.228667 1.337360
 791000.000 1.319502 0.667812 1.171773 1.289630
 791500.000 1.351943 0.647901 1.212339 1.328894
 792000.000 1.382161 0.662486 1.240512 1.357565
 792500.000 1.309174 0.662236 1.163658 1.278755
 793000.000 1.374011 0.653120 1.234381 1.351128
 793500.000 1.393175 0.673985 1.247153 1.368293
 794000.000 1.383489 0.653422 1.251584 1.354497
 794500.000 1.380776 0.671100 1.237578 1.353184
 795000.000 1.366493 0.696209 1.206557 1.339447
 795500.000 1.357702 0.647448 1.229853 1.324758
 796000.000 1.347620 0.583846 1.245275 1.319308
 796500.000 1.381832 0.678043 1.233234 1.355844
 797000.000 1.357144 0.649665 1.227555 1.324660
 797500.000 1.362563 0.675506 1.220703 1.329185
 798000.000 1.338723 0.661438 1.202926 1.303774
 798500.000 1.328508 0.613282 1.221126 1.289420
 799000.000 1.323750 0.604666 1.225400 1.279610
 799500.000 1.332352 0.680923 1.185223 1.296888
 800000.000 1.342017 0.627745 1.234339 1.297830
 800500.000 1.369743 0.618124 1.260563 1.334651
 801000.000 1.354263 0.656174 1.223104 1.319663
 801500.000 1.351507 0.653214 1.226232 1.312559
 802000.000 1.374889 0.664998 1.245085 1.337230
 802500.000 1.332719 0.633067 1.215523 1.293836
 803000.000 1.348876 0.662752 1.213266 1.314412
 803500.000 1.334335 0.627053 1.226700 1.289538
 804000.000 1.342497 0.658829 1.212806 1.303703
 804500.000 1.371254 0.666556 1.235513 1.337867
 805000.000 1.389425 0.656792 1.267529 1.350184
 805500.000 1.381523 0.689886 1.241693 1.341443
 806000.000 1.352215 0.692776 1.193951 1.323447
 806500.000 1.363580 0.650642 1.244500 1.321586
 807000.000 1.360862 0.653860 1.227290 1.330456
 807500.000 1.382303 0.676398 1.243613 1.348124
 808000.000 1.331769 0.682243 1.178362 1.301240
 808500.000 1.319120 0.630300 1.195849 1.285621
 809000.000 1.349595 0.686110 1.205531 1.311014
 809500.000 1.355379 0.707212 1.198534 1.318133
 810000.000 1.336582 0.698545 1.188916 1.292833
 810500.000 1.359867 0.712110 1.213091 1.311406
 811000.000 1.369185 0.748565 1.192592 1.329177
 811500.000 1.387332 0.753520 1.211225 1.347041
 812000.000 1.336145 0.742702 1.158358 1.295055
 812500.000 1.357189 0.739619 1.200607 1.302086
 813000.000 1.378071 0.730214 1.221798 1.331223
 813500.000 1.395438 0.749025 1.217299 1.360749
 814000.000 1.373495 0.740830 1.207793 1.328678
 814500.000 1.349545 0.722972 1.189211 1.305999
 815000.000 1.363034 0.720391 1.205292 1.320618
 815500.000 1.412675 0.742102 1.243399 1.376424
 816000.000 1.375445 0.739081 1.211362 1.330436
 816500.000 1.384505 0.733190 1.210589 1.353001
 817000.000 1.356442 0.734653 1.190428 1.312644
 817500.000 1.385058 0.716008 1.224653 1.350677
 818000.000 1.374349 0.717269 1.214543 1.337192
 818500.000 1.364174 0.682082 1.224950 1.325219
 819000.000 1.339039 0.682445 1.190387 1.305105
 819500.000 1.391952 0.707053 1.235023 1.360096
 820000.000 1.350210 0.660530 1.213981 1.317604
 820500.000 1.322236 0.641359 1.193167 1.289042
 821000.000 1.366530 0.704761 1.201639 1.339471
 821500.000 1.351535 0.697492 1.191163 1.322094
 822000.000 1.351559 0.681154 1.203225 1.319736
 822500.000 1.354558 0.716847 1.193189 1.316088
 823000.000 1.344309 0.691035 1.194049 1.308072
 823500.000 1.377433 0.715358 1.218420 1.341029
 824000.000 1.362320 0.725889 1.189926 1.330035
 824500.000 1.392573 0.748952 1.204722 1.366102
 825000.000 1.411510 0.791812 1.211357 1.374906
 825500.000 1.412702 0.792932 1.211411 1.376662
 826000.000 1.417867 0.786173 1.220851 1.382805
 826500.000 1.368969 0.756939 1.182662 1.332857
 827000.000 1.359104 0.777214 1.164605 1.316800
 827500.000 1.367498 0.776030 1.164485 1.334862
 828000.000 1.323451 0.759064 1.119208 1.293926
 828500.000 1.366963 0.753317 1.173323 1.339030
 829000.000 1.352107 0.774028 1.140384 1.325440
 829500.000 1.342385 0.773745 1.129549 1.315079
 830000.000 1.340077 0.775675 1.132352 1.306798
 830500.000 1.324470 0.767982 1.112127 1.296850
 831000.000 1.324805 0.773366 1.112690 1.293847
 831500.000 1.314877 0.790516 1.093108 1.279845
 832000.000 1.322697 0.793325 1.105947 1.283187
 832500.000 1.336156 0.796118 1.116742 1.299886
 833000.000 1.356705 0.803981 1.134318 1.322209
 833500.000 1.333057 0.788002 1.112787 1.301860
 834000.000 1.337579 0.791345 1.114640 1.307513
 834500.000 1.335400 0.797118 1.109022 1.304323
 835000.000 1.334007 0.818034 1.088567 1.305753
 835500.000 1.310533 0.810297 1.072096 1.276332
 836000.000 1.350602 0.821193 1.107853 1.321573
 836500.000 1.345022 0.810987 1.106834 1.317340
 837000.000 1.359308 0.835204 1.115929 1.323848
 837500.000 1.326718 0.787295 1.120485 1.282592
 838000.000 1.341078 0.814288 1.104456 1.309234
 838500.000 1.335434 0.785725 1.115097 1.306125
 839000.000 1.341533 0.800263 1.120322 1.305327
 839500.000 1.335829 0.814674 1.105656 1.297193
 840000.000 1.331610 0.808016 1.099432 1.297972
 840500.000 1.344859 0.827716 1.108348 1.305273
 841000.000 1.338210 0.847328 1.090290 1.294185
 841500.000 1.335936 0.802404 1.116987 1.295351
 842000.000 1.333072 0.828787 1.093410 1.292952
 842500.000 1.344492 0.813018 1.108136 1.313908
 843000.000 1.342648 0.804737 1.113131 1.311009
 843500.000 1.320864 0.772142 1.112252 1.286878
 844000.000 1.327227 0.797254 1.101329 1.294033
 844500.000 1.343778 0.782846 1.131603 1.310765
 845000.000 1.352097 0.777695 1.148169 1.316523
 845500.000 1.377503 0.830442 1.141636 1.342409
 846000.000 1.339436 0.778433 1.133682 1.302684
 846500.000 1.364231 0.809271 1.131843 1.336512
 847000.000 1.347426 0.784259 1.133996 1.315333
 847500.000 1.336791 0.779305 1.133198 1.297139
 848000.000 1.346439 0.834801 1.100656 1.310519
 848500.000 1.329351 0.809285 1.098978 1.292923
 849000.000 1.326546 0.800982 1.109079 1.283675
 849500.000 1.342352 0.810656 1.110744 1.308779
 850000.000 1.321318 0.807993 1.089778 1.285028
 850500.000 1.334211 0.777768 1.123325 1.301328
 851000.000 1.320515 0.728242 1.133890 1.292857
 851500.000 1.346009 0.777304 1.135199 1.315522
 852000.000 1.360533 0.807993 1.132299 1.329340
 852500.000 1.349569 0.788266 1.129568 1.321130
 853000.000 1.364933 0.801959 1.140105 1.335331
 853500.000 1.367409 0.808456 1.137948 1.338316
 854000.000 1.366245 0.817086 1.138355 1.330327
 854500.000 1.353613 0.793127 1.135584 1.321338
 855000.000 1.375175 0.752740 1.187997 1.343226
 855500.000 1.358821 0.740142 1.169894 1.332789
 856000.000 1.371467 0.800312 1.144660 1.345770
 856500.000 1.395014 0.815294 1.163594 1.368748
 857000.000 1.300534 0.728720 1.114125 1.269043
 857500.000 1.345175 0.780178 1.129182 1.317292
 858000.000 1.330184 0.744024 1.137133 1.300821
 858500.000 1.334720 0.747148 1.143280 1.302934
 859000.000 1.369061 0.761263 1.169028 1.342575
 859500.000 1.353841 0.755358 1.152891 1.328926
 860000.000 1.391991 0.780491 1.188391 1.361558
 860500.000 1.347067 0.717309 1.173322 1.318319
 861000.000 1.368008 0.756860 1.185325 1.328556
 861500.000 1.341725 0.725706 1.166817 1.308563
 862000.000 1.343466 0.700544 1.179209 1.314726
 862500.000 1.362724 0.760035 1.166984 1.332115
 863000.000 1.344909 0.749166 1.152170 1.314844
 863500.000 1.344835 0.746654 1.155998 1.312760
 864000.000 1.337342 0.739599 1.158499 1.299169
 864500.000 1.335478 0.702343 1.168099 1.307388
 865000.000 1.361729 0.719804 1.194234 1.328268
 865500.000 1.354699 0.752469 1.162379 1.324042
 866000.000 1.366937 0.753646 1.175105 1.337227
 866500.000 1.331306 0.732910 1.143430 1.303901
 867000.000 1.320942 0.728881 1.135049 1.292351
 867500.000 1.337331 0.766268 1.144673 1.295941
 868000.000 1.350360 0.737597 1.175489 1.311914
 868500.000 1.316259 0.738208 1.139398 1.273537
 869000.000 1.358502 0.733615 1.180650 1.326247
 869500.000 1.348034 0.777530 1.143427 1.312407
 870000.000 1.378666 0.758149 1.194736 1.341363
 870500.000 1.354018 0.701302 1.199676 1.317453
 871000.000 1.334703 0.751848 1.140283 1.302821
 871500.000 1.336242 0.702934 1.166476 1.310078
 872000.000 1.340754 0.681631 1.189806 1.309573
 872500.000 1.303647 0.681457 1.146993 1.272405
 873000.000 1.323099 0.696562 1.173616 1.280081
 873500.000 1.278230 0.697399 1.118924 1.236684
 874000.000 1.293747 0.698756 1.122590 1.264553
 874500.000 1.326100 0.708152 1.164580 1.288161
 875000.000 1.317174 0.701940 1.156901 1.280139
 875500.000 1.289840 0.714806 1.108093 1.260378
 876000.000 1.289088 0.706805 1.114656 1.257562
 876500.000 1.302974 0.713004 1.127322 1.271319
 877000.000 1.307786 0.715434 1.127163 1.279948
 877500.000 1.312002 0.691179 1.143562 1.287337
 878000.000 1.279648 0.682068 1.116896 1.249930
 878500.000 1.321683 0.695266 1.159817 1.290395
 879000.000 1.330927 0.699752 1.161651 1.305238
 879500.000 1.360816 0.730956 1.177637 1.335109
 880000.000 1.353422 0.794377 1.127472 1.327131
 880500.000 1.359677 0.789609 1.136451 1.335082
 881000.000 1.384863 0.817044 1.145212 1.362577
 881500.000 1.349164 0.775563 1.137866 1.320701
 882000.000 1.373027 0.812588 1.144690 1.341562
 882500.000 1.312273 0.779312 1.089952 1.284056
 883000.000 1.316744 0.791270 1.087891 1.287640
 883500.000 1.254271 0.719950 1.060984 1.225714
 884000.000 1.285034 0.742136 1.090794 1.249812
 884500.000 1.337680 0.754469 1.141441 1.306394
 885000.000 1.322856 0.688364 1.160946 1.295476
 885500.000 1.315773 0.673476 1.167688 1.282752
 886000.000 1.344019 0.702682 1.175389 1.318133
 886500.000 1.354306 0.724748 1.178086 1.324818
 887000.000 1.345683 0.693178 1.183828 1.319009
 887500.000 1.380912 0.694656 1.220975 1.356654
 888000.000 1.372592 0.729641 1.194638 1.344797
 888500.000 1.361593 0.711562 1.194133 1.332516
 889000.000 1.379977 0.734354 1.205166 1.347951
 889500.000 1.375798 0.704006 1.212127 1.349356
 890000.000 1.389801 0.711677 1.230521 1.357359
 890500.000 1.335815 0.660304 1.205763 1.295737
 891000.000 1.381441 0.689561 1.241717 1.341419
 891500.000 1.363139 0.686658 1.219558 1.325699
 892000.000 1.410707 0.750736 1.229292 1.380371
 892500.000 1.364971 0.713512 1.209649 1.324364
 893000.000 1.368637 0.763048 1.189081 1.322945
 893500.000 1.356454 0.724336 1.197550 1.311924
 894000.000 1.317058 0.689073 1.167424 1.277335
 894500.000 1.303758 0.661228 1.161275 1.270349
 895000.000 1.322693 0.735206 1.138826 1.289024
 895500.000 1.272017 0.725977 1.085568 1.237155
 896000.000 1.266360 0.679457 1.108245 1.231854
 896500.000 1.285228 0.700065 1.119720 1.248903
 897000.000 1.301230 0.702919 1.146189 1.256404
 897500.000 1.356506 0.721826 1.188717 1.321414
 898000.000 1.319988 0.686801 1.169057 1.283100
 898500.000 1.320784 0.657532 1.187832 1.282827
 899000.000 1.328641 0.673328 1.178040 1.299779
 899500.000 1.300943 0.601819 1.188045 1.269358
 900000.000 1.288280 0.615062 1.163413 1.259960
 900500.000 1.246675 0.629219 1.109714 1.216969
 901000.000 1.273811 0.674087 1.119711 1.239775
 901500.000 1.248939 0.609754 1.130432 1.212443
 902000.000 1.292103 0.613314 1.184107 1.249318
 902500.000 1.319549 0.621196 1.203435 1.283854
 903000.000 1.294720 0.678812 1.143624 1.258545
 903500.000 1.280254 0.681849 1.124775 1.244212
 904000.000 1.315763 0.697605 1.151424 1.284535
 904500.000 1.323661 0.702548 1.162697 1.287912
 905000.000 1.293449 0.676013 1.142354 1.258591
 905500.000 1.311837 0.693793 1.151449 1.278534
 906000.000 1.350781 0.751761 1.160219 1.318320
 906500.000 1.371018 0.700552 1.222894 1.331593
 907000.000 1.327800 0.716315 1.163284 1.288320
 907500.000 1.387215 0.788674 1.183829 1.351027
 908000.000 1.385092 0.790993 1.167913 1.359143
 908500.000 1.400782 0.782637 1.195464 1.372123
 909000.000 1.350696 0.696199 1.185767 1.325906
 909500.000 1.407261 0.741945 1.221647 1.384870
 910000.000 1.415036 0.752208 1.228699 1.388935
 910500.000 1.414397 0.753735 1.230327 1.385356
 911000.000 1.382766 0.827285 1.137824 1.358321
 911500.000 1.415240 0.811754 1.186363 1.392626
 912000.000 1.371938 0.786372 1.151189 1.349373
 912500.000 1.390672 0.801299 1.165893 1.366217
 913000.000 1.380262 0.840752 1.122384 1.357806
 913500.000 1.387570 0.750998 1.194902 1.363419
 914000.000 1.350967 0.724507 1.165643 1.329131
 914500.000 1.399360 0.833446 1.147233 1.380450
 915000.000 1.365790 0.775496 1.147362 1.346451
 915500.000 1.347119 0.807482 1.100981 1.328636
 916000.000 1.346416 0.758240 1.140016 1.323294
 916500.000 1.360328 0.832174 1.117446 1.326568
 917000.000 1.366074 0.817106 1.124187 1.341962
 917500.000 1.356925 0.807198 1.117804 1.334704
 918000.000 1.391073 0.801175 1.163476 1.369162
 918500.000 1.379915 0.769423 1.172253 1.357255
 919000.000 1.380887 0.789043 1.163014 1.355916
 919500.000 1.342747 0.839135 1.085524 1.312794
 920000.000 1.368746 0.762945 1.172178 1.338225
 920500.000 1.380058 0.785567 1.188401 1.334058
 921000.000 1.407321 0.790136 1.201478 1.375950
 921500.000 1.375933 0.718839 1.204921 1.348266
 922000.000 1.345353 0.725750 1.164472 1.318045
 922500.000 1.345783 0.678270 1.195866 1.316100
 923000.000 1.388948 0.737467 1.213531 1.357143
 923500.000 1.338090 0.751543 1.162090 1.290620
 924000.000 1.372659 0.725702 1.208415 1.334718
 924500.000 1.371976 0.765759 1.169937 1.345176
 925000.000 1.420299 0.839542 1.172853 1.397886
 925500.000 1.451662 0.794730 1.237515 1.432343
 926000.000 1.366474 0.640496 1.230580 1.345339
 926500.000 1.394163 0.746203 1.203881 1.371580
 927000.000 1.382284 0.699087 1.222312 1.355969
 927500.000 1.398860 0.710494 1.242719 1.365455
 928000.000 1.362116 0.629065 1.230415 1.342041
 928500.000 1.360410 0.697394 1.194223 1.337499
 929000.000 1.369665 0.699485 1.200742 1.349409
 929500.000 1.364092 0.657966 1.214991 1.346242
 930000.000 1.365592 0.648491 1.222136 1.347415
 930500.000 1.382496 0.703355 1.214243 1.361431
 931000.000 1.335046 0.649638 1.189886 1.314091
 931500.000 1.378434 0.692758 1.214711 1.358207
 932000.000 1.365238 0.717731 1.187709 1.342371
 932500.000 1.408470 0.711802 1.240995 1.385947
 933000.000 1.404068 0.768999 1.201354 1.381379
 933500.000 1.378328 0.748092 1.182495 1.357071
 934000.000 1.363966 0.766112 1.156318 1.340450
 934500.000 1.426543 0.863730 1.166782 1.400941
 935000.000 1.392878 0.838611 1.149665 1.362065
 935500.000 1.398888 0.859013 1.131127 1.377106
 936000.000 1.387115 0.867412 1.118126 1.358516
 936500.000 1.337391 0.774013 1.127101 1.306821
 937000.000 1.357897 0.817268 1.109030 1.337867
 937500.000 1.414619 0.814752 1.209686 1.369354
 938000.000 1.362600 0.835386 1.116743 1.329801
 938500.000 1.374678 0.889137 1.097729 1.335629
 939000.000 1.327142 0.821174 1.084355 1.293237
 939500.000 1.354170 0.826171 1.110806 1.323292
 940000.000 1.291534 0.765519 1.073643 1.263878
 940500.000 1.288938 0.731932 1.094140 1.260896
 941000.000 1.315619 0.772013 1.100272 1.286507
 941500.000 1.314275 0.813089 1.074997 1.279806
 942000.000 1.319633 0.791596 1.088197 1.293084
 942500.000 1.379574 0.904737 1.086712 1.344231
 943000.000 1.373558 0.911800 1.066962 1.342958
 943500.000 1.331340 0.867781 1.051849 1.298269
 944000.000 1.310356 0.831363 1.064035 1.269145
 944500.000 1.321199 0.787845 1.094762 1.293031
 945000.000 1.300931 0.807037 1.081852 1.250252
 945500.000 1.339902 0.932366 1.005383 1.307889
 946000.000 1.345049 0.857342 1.096178 1.296791
 946500.000 1.324115 0.886461 1.049504 1.272514
 947000.000 1.316581 0.852806 1.057604 1.273173
 947500.000 1.361404 0.906108 1.089432 1.303438
 948000.000 1.344982 0.865613 1.090406 1.296025
 948500.000 1.384038 0.922858 1.091023 1.337581
 949000.000 1.336939 0.929828 1.032051 1.282615
 949500.000 1.320953 0.899140 1.034761 1.269114
 950000.000 1.380131 0.897349 1.110690 1.330659
 950500.000 1.365814 0.914915 1.064631 1.326796
 951000.000 1.354569 0.837226 1.132963 1.298138
 951500.000 1.352095 0.876393 1.079764 1.312390
 952000.000 1.329912 0.867445 1.048562 1.298226
 952500.000 1.306684 0.832658 1.049780 1.272590
 953000.000 1.384142 0.874727 1.131709 1.336332
 953500.000 1.354510 0.848216 1.097614 1.321047
 954000.000 1.336103 0.830062 1.090613 1.300731
 954500.000 1.335578 0.859285 1.055194 1.309858
 955000.000 1.394254 0.863731 1.127247 1.367908
 955500.000 1.357151 0.826258 1.110038 1.329974
 956000.000 1.328961 0.844666 1.069132 1.294516
 956500.000 1.350690 0.888865 1.064636 1.313468
 957000.000 1.276750 0.855259 0.994772 1.240622
 957500.000 1.357984 0.872063 1.087172 1.321289
 958000.000 1.327350 0.848319 1.064650 1.292513
 958500.000 1.336982 0.887423 1.045160 1.301984
 959000.000 1.363043 0.924159 1.042061 1.332595
 959500.000 1.300147 0.902489 0.969576 1.275226
 960000.000 1.342355 0.920072 1.016473 1.313045
 960500.000 1.304084 0.883256 0.993189 1.278556
 961000.000 1.381568 0.956938 1.034665 1.353219
 961500.000 1.356330 0.916894 1.040074 1.325448
 962000.000 1.324852 0.915833 0.994106 1.297486
 962500.000 1.287559 0.903947 0.960153 1.255629
 963000.000 1.335797 0.905126 1.031024 1.298632
 963500.000 1.376437 0.942056 1.053851 1.338314
 964000.000 1.336173 0.913598 1.020099 1.302097
 964500.000 1.306007 0.857926 1.038156 1.263923
 965000.000 1.382014 0.847779 1.129669 1.350943
 965500.000 1.367570 0.911905 1.063212 1.333607
 966000.000 1.318007 0.892560 1.014356 1.284019
 966500.000 1.309155 0.874610 1.028822 1.266633
 967000.000 1.248146 0.870658 0.943029 1.211771
 967500.000 1.244872 0.831639 0.973560 1.208292
 968000.000 1.341062 0.909889 1.030608 1.306463
 968500.000 1.366482 0.907066 1.067219 1.331474
 969000.000 1.260100 0.837640 0.987294 1.224465
 969500.000 1.316264 0.880623 1.032111 1.274501
 970000.000 1.330676 0.896410 1.024919 1.298995
 970500.000 1.357979 0.900062 1.059677 1.324834
 971000.000 1.340006 0.912923 1.015979 1.313618
 971500.000 1.333615 0.911732 1.004445 1.310303
 972000.000 1.293890 0.894872 0.966431 1.270243
 972500.000 1.265674 0.881357 0.941457 1.241261
 973000.000 1.228560 0.872813 0.901449 1.201794
 973500.000 1.295471 0.910764 0.955763 1.270243
 974000.000 1.284983 0.854030 1.001693 1.252840
 974500.000 1.302094 0.881512 0.994460 1.274710
 975000.000 1.282465 0.831346 1.011622 1.254957
 975500.000 1.333019 0.884984 1.036325 1.302580
 976000.000 1.348919 0.869281 1.070693 1.318004
 976500.000 1.336119 0.831295 1.077191 1.311120
 977000.000 1.361396 0.899640 1.066252 1.326859
 977500.000 1.331228 0.878927 1.053571 1.289112
 978000.000 1.413937 0.921405 1.112708 1.382508
 978500.000 1.440862 0.965636 1.102389 1.415786
 979000.000 1.401533 0.938464 1.080203 1.371509
 979500.000 1.440697 0.940437 1.127768 1.412421
 980000.000 1.461930 0.950600 1.150922 1.430460
 980500.000 1.475186 0.911067 1.206536 1.437559
 981000.000 1.432964 0.913467 1.158871 1.389017
 981500.000 1.429669 0.940566 1.135564 1.383380
 982000.000 1.410967 0.927037 1.129442 1.358903
 982500.000 1.440266 0.944364 1.151676 1.389441
 983000.000 1.420950 0.927411 1.124927 1.382984
 983500.000 1.443773 0.902298 1.174519 1.405462
 984000.000 1.415684 0.928284 1.118244 1.377003
 984500.000 1.466289 0.961934 1.145653 1.436025
 985000.000 1.416273 0.903023 1.136297 1.380231
 985500.000 1.525432 0.961163 1.217411 1.499321
 986000.000 1.505798 0.969423 1.197057 1.470417
 986500.000 1.494960 0.947458 1.201421 1.459014
 987000.000 1.446367 0.941503 1.145485 1.409039
 987500.000 1.453011 0.931703 1.158523 1.418532
 988000.000 1.400356 0.945412 1.086401 1.359384
 988500.000 1.497301 0.994889 1.158849 1.466658
 989000.000 1.435385 0.935331 1.131820 1.401713
 989500.000 1.418991 0.875562 1.164975 1.379600
 990000.000 1.439959 0.909864 1.155431 1.408578
 990500.000 1.493997 0.944170 1.198895 1.461248
 991000.000 1.455164 0.918708 1.174638 1.418171
 991500.000 1.453797 0.967573 1.138575 1.412269
 992000.000 1.434111 0.940920 1.136452 1.391581
 992500.000 1.444637 0.955872 1.143092 1.397714
 993000.000 1.393311 0.939225 1.102130 1.336338
 993500.000 1.436223 0.970317 1.126658 1.383690
 994000.000 1.461449 0.966333 1.168719 1.404266
 994500.000 1.479052 0.954634 1.204576 1.418753
 995000.000 1.423609 0.938450 1.157755 1.353601
 995500.000 1.444106 0.899535 1.200468 1.385857
 996000.000 1.433517 0.914366 1.181650 1.370248
 996500.000 1.445899 0.917893 1.198663 1.379103
 997000.000 1.395971 0.855449 1.172712 1.338068
 997500.000 1.428717 0.885730 1.201125 1.362074
 998000.000 1.464808 0.881745 1.230980 1.413697
 998500.000 1.421395 0.891640 1.159393 1.378954
 999000.000 1.453189 0.948995 1.168834 1.398838
 999500.000 1.412477 0.914845 1.122768 1.375729
1000000.000 1.418535 0.919012 1.116897 1.390123
