    -4.70456                0
    -4.51253                0
    -4.32051                0
    -4.12849                0
    -3.93647                0
    -3.74444                0
    -3.55242      0.000369315
     -3.3604        0.0157414
    -3.16837         0.209316
    -2.97635          2.25216
    -2.78433           15.996
    -2.59231          76.6431
    -2.40028          251.607
    -2.20826          552.236
    -2.01624          835.638
    -1.82422          983.722
    -1.63219          1020.44
    -1.44017          980.744
    -1.24815          918.332
    -1.05612           882.65
   -0.864102          868.927
    -0.67208          853.373
   -0.480057          821.068
   -0.288034          763.914
  -0.0960114          698.421
   0.0960114          696.839
    0.288034          762.038
    0.480057           822.18
     0.67208          853.671
    0.864102          872.807
     1.05612          888.379
     1.24815          924.372
     1.44017          982.766
     1.63219          1013.04
     1.82422          949.754
     2.01624          791.052
     2.20826          544.756
     2.40028          279.581
     2.59231          99.6353
     2.78433          24.2489
     2.97635          4.13235
     3.16837         0.452493
      3.3604        0.0310989
     3.55242      0.000625743
     3.74444                0
     3.93647                0
     4.12849                0
     4.32051                0
     4.51253                0
     4.70456                0
