62.875 47.238 -119.426
62.312 55.347 -131.577
67.431 51.878 -139.5035
76.336 54.639 -130.4075
51.797 59.96 -132.1685
57.37 52.763 -130.7265
56.24 52.025 -123.811
57.335 54.98 -134.6935
65.179 57.088 -142.6825
46.322 38.679 -109.401
54.276 45.342 -118.3505
57.635 48.066 -114.7795
54.379 59.456 -138.0735
51.288 51.815 -126.2135
48.492 48.909 -119.687
51.723 49.884 -122.962
60.954 58.274 -140.158
75.608 65.408 -142.409
57.629 54.152 -129.215
56.657 53.292 -127.8485
55.874 47.42 -119.9415
64.768 50.848 -125.526
61.255 45.566 -110.0475
61.773 55.376 -133.5715
52.564 57.485 -131.5885
52.61 50.982 -113.8575
52.011 52.176 -114.5565
48.797 54.153 -129.0315
46.794 53.062 -124.991
40.711 47.388 -97.7005
38.352 38.186 -96.0095
33.281 37.424 -87.3495
71.018 57.98 -136.614
61.334 49.226 -109.2165
54.23 52.445 -118.7125
55.687 42.181 -101.7255
54.832 46.708 -101.2775
57.588 51.496 -108.6795
49.701 39.652 -92.2285
39.214 32.43 -74.567
39.334 39.757 -97.4095
58.433 48.946 -119.821
55.692 46.422 -111.931
45.946 36.452 -83.8105
45.358 43.67 -96.584
28.766 34.972 -78.8215
49.828 50.776 -119.0875
46.63 47.107 -117.44
46.775 55.413 -120.0245
46.141 53.916 -124.3705
46.841 47.616 -116.488
56.471 51.927 -134.3745
45.927 45.302 -112.67
43.266 40.686 -101.928
56.692 46.07 -117.408
60.684 46.675 -118.4685
46.329 45.391 -121.882
40.188 36.76 -96.343
67.126 42.275 -105.679
49.184 44.865 -118.881
51.62 47.118 -113.3475
37.28 38.465 -83.0675
45.942 37.465 -79.004
47.703 34.987 -88.092
25.981 29.326 -72.014
51.85 39.609 -93.548
39.016 41.899 -106.8285
60.565 47.475 -116.6555
55.404 47.589 -110.4065
82.134 68.152 -156.047
63.08 48.013 -126.8445
62.554 50.031 -119.834
67.451 53.926 -131.062
50.691 57.002 -132.429
49.531 41.857 -116.742
51.085 47.624 -116.7915
58.212 42.998 -114.757
62.435 39.134 -101.6175
66.339 46.537 -111.9465
56.162 56.049 -130.446
69.947 58.796 -143.167
57.1 48.317 -113.423
57.867 49.913 -118.9235
70.888 56.457 -137.6805
67.818 57.896 -139.145
72.349 58.923 -155.994
44.99 43.627 -124.0385
53.431 51.887 -126.8515
48.884 47.318 -119.9245
58.097 54.43 -139.3735
51.879 48.081 -124.7485
48.18 45.5 -121.4105
42.226 38.824 -110.8215
38.412 34.122 -95.7915
41.143 38.996 -116.832
50.675 52.44 -139.3935
41.175 42.641 -108.656
45.059 40.464 -104.173
46.395 43.047 -107.936
51.206 47.348 -121.6155
52.915 50.425 -133.126
