      43    3.146    0.233
      44    1.834    0.282
      45    0.741    0.141
      46    0.943    0.155
      47    1.587    0.152
      48    1.828    0.254
      49    0.262    0.164
      50    2.106    0.268
      51    1.467    0.197
      52    1.101    0.180
      53    0.792    0.094
      54    0.884    0.161
      55    0.259    0.084
      56    1.268    0.219
      57    0.776    0.118
      58    1.028    0.147
      59    1.599    0.242
      60    1.246    0.193
      61    1.204    0.149
      62    1.979    0.266
      63    2.153    0.194
