      64    1.490    0.154
      65    1.708    0.261
      66    0.712    0.229
      67    0.936    0.118
      68    2.097    0.172
      69    0.269    0.110
      70    0.333    0.105
      71    2.221    0.228
      72    1.357    0.184
      73    1.222    0.368
      74    0.735    0.152
      75    0.727    0.180
      76    0.290    0.095
      77    1.427    0.279
      78    0.747    0.108
      79    1.262    0.134
      80    1.558    0.192
      81    1.377    0.175
      82    1.190    0.137
      83    1.453    0.180
      84    2.572    0.182
