29.728 36.343 -90.0705
32.543 42.012 -93.471
31.183 38.199 -93.9045
29.872 41.891 -83.16
26.599 40.635 -85.2775
28.818 40.237 -84.416
28.382 42.113 -82.691
25.73 38.101 -78.926
28.299 39.71 -87.722
35.398 48.861 -108.771
32.615 43.048 -104.104
34.51 45.166 -101.502
31.041 48.555 -108.4025
30.407 45.999 -98.224
29.777 40.452 -95.42
32.268 45.462 -100.293
32.956 44.192 -99.608
32.577 47.677 -98.739
30.714 45.204 -96.288
31.758 45.829 -97.19
34.82 49.421 -108.168
32.933 47.317 -97.426
29.242 38.732 -94.409
28.328 38.86 -87.979
31.915 42.683 -96.637
36.037 48.391 -108.353
35.557 41.598 -101.625
32.46 46.341 -108.66
35.776 45.9 -107.59
31.288 37.959 -94.252
34.437 44.0 -103.521
34.25 43.391 -103.048
28.666 39.389 -87.604
28.642 35.909 -84.617
28.076 33.398 -79.352
26.92 34.319 -78.7625
35.153 43.273 -102.565
25.399 40.824 -79.623
28.556 34.128 -85.7895
31.459 47.071 -89.57
19.58 28.263 -61.6725
21.811 24.425 -63.0545
25.075 28.935 -78.805
20.756 27.621 -65.665
29.986 33.642 -80.714
22.571 32.053 -71.988
22.15 27.305 -66.4135
25.629 33.345 -79.502
20.12 28.866 -67.271
20.113 25.147 -62.973
21.255 27.763 -69.386
19.135 30.864 -67.479
15.811 27.074 -58.926
19.415 29.489 -70.674
19.316 30.789 -67.962
21.326 32.816 -63.9
20.252 33.051 -69.89
20.015 29.253 -67.817
19.867 30.835 -64.947
21.789 34.524 -73.1255
19.797 29.835 -70.5315
19.908 28.386 -66.777
22.038 32.1 -75.596
16.169 28.704 -61.0005
19.308 27.206 -66.824
17.74 24.683 -59.865
23.822 30.077 -72.499
21.974 30.267 -64.9885
18.65 25.547 -61.508
16.974 28.395 -57.237
21.352 29.735 -68.1925
16.46 25.504 -57.944
17.09 27.593 -69.7465
17.22 25.951 -56.9965
16.762 28.041 -54.957
15.306 22.448 -53.446
17.325 25.958 -64.215
19.268 27.351 -63.4795
19.186 28.443 -64.343
16.996 27.127 -65.67
22.81 29.29 -68.4925
20.759 24.837 -66.521
20.805 25.266 -70.191
21.726 24.846 -66.243
25.207 31.335 -72.192
21.184 28.744 -70.007
22.015 28.811 -71.963
20.264 29.202 -64.7535
20.579 31.277 -73.9845
23.22 36.499 -86.3175
25.408 37.976 -79.526
26.788 35.647 -88.623
20.199 30.922 -70.946
19.782 29.579 -68.443
27.726 40.191 -84.903
19.724 29.739 -67.674
22.467 31.082 -70.561
24.098 34.066 -77.887
25.345 38.712 -86.21
27.243 40.846 -93.2605
29.315 36.996 -87.021
