BFII_nolipid
""
WAVELENGTH	FLUORESCENCE
300.0	68.48323059082031
300.5	73.86227416992188
301.0	79.61804962158203
301.5	85.20293426513672
302.0	92.94192504882812
302.5	101.78251647949219
303.0	110.49480438232422
303.5	120.2774887084961
304.0	129.72047424316406
304.5	140.480712890625
305.0	152.68605041503906
305.5	162.53488159179688
306.0	176.01588439941406
306.5	186.5326690673828
307.0	200.77658081054688
307.5	211.75668334960938
308.0	227.26258850097656
308.5	242.23147583007812
309.0	256.3593444824219
309.5	272.546142578125
310.0	287.8458251953125
310.5	303.7029113769531
311.0	321.74774169921875
311.5	338.5668640136719
312.0	357.7756652832031
312.5	375.4685363769531
313.0	395.5031433105469
313.5	414.7303466796875
314.0	435.5621337890625
314.5	458.96685791015625
315.0	477.0511169433594
315.5	501.2768859863281
316.0	520.1083984375
316.5	545.3235473632812
317.0	568.93212890625
317.5	590.7471313476562
318.0	612.8451538085938
318.5	636.9622802734375
319.0	660.1129150390625
319.5	685.7153930664062
320.0	709.1849975585938
320.5	735.4121704101562
321.0	764.6060791015625
321.5	786.3173217773438
322.0	816.3184204101562
322.5	838.7865600585938
323.0	868.6311645507812
323.5	896.6723022460938
324.0	922.3850708007812
324.5	948.28173828125
325.0	976.9531860351562
325.5	1002.9624633789062
326.0	1032.222900390625
326.5	1058.4656982421875
327.0	1087.2158203125
327.5	1118.275146484375
328.0	1141.43115234375
328.5	1172.5977783203125
329.0	1195.6397705078125
329.5	1226.6380615234375
330.0	1251.875244140625
330.5	1280.066162109375
331.0	1305.7918701171875
331.5	1332.9229736328125
332.0	1357.635986328125
332.5	1384.7701416015625
333.0	1414.13525390625
333.5	1435.750244140625
334.0	1463.5975341796875
334.5	1486.4859619140625
335.0	1511.0372314453125
335.5	1533.1900634765625
336.0	1556.71484375
336.5	1578.368408203125
337.0	1600.7862548828125
337.5	1624.3653564453125
338.0	1641.8360595703125
338.5	1664.4310302734375
339.0	1682.2860107421875
339.5	1702.7767333984375
340.0	1720.013916015625
340.5	1738.85107421875
341.0	1754.86328125
341.5	1771.8087158203125
342.0	1789.179931640625
342.5	1801.9705810546875
343.0	1818.9874267578125
343.5	1832.6766357421875
344.0	1846.752685546875
344.5	1858.6561279296875
345.0	1872.122314453125
345.5	1883.631591796875
346.0	1895.8114013671875
346.5	1907.4583740234375
347.0	1916.4564208984375
347.5	1926.4462890625
348.0	1934.570068359375
348.5	1943.0555419921875
349.0	1949.2296142578125
349.5	1956.2471923828125
350.0	1963.029296875
350.5	1967.8211669921875
351.0	1972.4117431640625
351.5	1976.8018798828125
352.0	1980.053466796875
352.5	1982.9830322265625
353.0	1985.8780517578125
353.5	1987.491455078125
354.0	1989.0831298828125
354.5	1989.8016357421875
355.0	1990.4052734375
355.5	1990.864990234375
356.0	1990.7564697265625
356.5	1990.472412109375
357.0	1989.0782470703125
357.5	1986.7664794921875
358.0	1983.77197265625
358.5	1980.5345458984375
359.0	1977.9034423828125
359.5	1974.4510498046875
360.0	1971.406005859375
360.5	1966.4666748046875
361.0	1961.802490234375
361.5	1955.65087890625
362.0	1949.7667236328125
362.5	1944.32177734375
363.0	1936.2203369140625
363.5	1929.1668701171875
364.0	1921.0233154296875
364.5	1913.5494384765625
365.0	1903.7855224609375
365.5	1894.05712890625
366.0	1885.4921875
366.5	1875.1668701171875
367.0	1865.688720703125
367.5	1853.8885498046875
368.0	1842.220703125
368.5	1831.126953125
369.0	1818.7470703125
369.5	1806.950927734375
370.0	1794.0748291015625
370.5	1781.869140625
371.0	1766.8441162109375
371.5	1752.765869140625
372.0	1739.837158203125
372.5	1724.9788818359375
373.0	1711.3974609375
373.5	1694.8023681640625
374.0	1678.34375
374.5	1663.5908203125
375.0	1647.856689453125
375.5	1632.893310546875
376.0	1615.13720703125
376.5	1598.021240234375
377.0	1582.7322998046875
377.5	1565.468505859375
378.0	1549.3118896484375
378.5	1529.9388427734375
379.0	1511.3607177734375
379.5	1494.6654052734375
380.0	1476.30615234375
380.5	1459.4468994140625
381.0	1440.1260986328125
381.5	1421.5107421875
382.0	1404.884033203125
382.5	1386.897705078125
383.0	1370.5189208984375
383.5	1350.274658203125
384.0	1331.582763671875
384.5	1314.1646728515625
385.0	1295.84912109375
385.5	1279.2210693359375
386.0	1259.40185546875
386.5	1241.027099609375
387.0	1224.0787353515625
387.5	1206.1925048828125
388.0	1189.5616455078125
388.5	1169.418701171875
389.0	1151.41552734375
389.5	1135.0087890625
390.0	1115.463134765625
390.5	1100.68798828125
391.0	1081.315673828125
391.5	1063.027587890625
392.0	1047.3541259765625
392.5	1028.0028076171875
393.0	1013.8927612304688
393.5	995.8005981445312
394.0	978.4429321289062
394.5	963.5806274414062
395.0	945.210205078125
395.5	928.8203125
396.0	914.3316040039062
396.5	896.951904296875
397.0	884.0335083007812
397.5	867.4597778320312
398.0	851.7133178710938
398.5	838.4055786132812
399.0	821.17626953125
399.5	806.5842895507812
400.0	792.6956176757812
400.5	779.0735473632812
401.0	764.68994140625
401.5	748.837158203125
402.0	735.3065185546875
402.5	722.9144287109375
403.0	707.7977294921875
403.5	694.4515991210938
404.0	682.2072143554688
404.5	670.44091796875
405.0	657.0779418945312
405.5	643.3530883789062
406.0	632.1912231445312
406.5	620.227294921875
407.0	607.0335693359375
407.5	595.0957641601562
408.0	584.6033325195312
408.5	571.8856811523438
409.0	562.8779296875
409.5	550.8140869140625
410.0	540.9674072265625
410.5	530.130126953125
411.0	518.5386352539062
411.5	508.8638916015625
412.0	498.50555419921875
412.5	487.1398010253906
413.0	477.17279052734375
413.5	468.23089599609375
414.0	457.705078125
414.5	450.124267578125
415.0	439.8262023925781
415.5	431.6360168457031
416.0	422.5238037109375
416.5	412.86053466796875
417.0	405.02728271484375
417.5	396.5515441894531
418.0	387.20831298828125
418.5	379.784423828125
419.0	371.99554443359375
419.5	363.0450744628906
420.0	355.13250732421875
420.5	348.1746826171875
421.0	339.7000427246094
421.5	333.87225341796875
422.0	326.3644714355469
422.5	318.8997802734375
423.0	313.3479919433594
423.5	305.7723388671875
424.0	299.6107482910156
424.5	293.1505432128906
425.0	286.3941650390625
425.5	280.7688903808594
426.0	274.6424560546875
426.5	268.2279357910156
427.0	262.75201416015625
427.5	256.9864196777344
428.0	250.9457550048828
428.5	245.86865234375
429.0	240.5730438232422
429.5	234.87088012695312
430.0	230.20089721679688
430.5	224.78102111816406
431.0	219.45205688476562
431.5	215.06471252441406
432.0	210.3274688720703
432.5	205.23373413085938
433.0	201.19139099121094
433.5	196.76602172851562
434.0	191.9635009765625
434.5	187.99600219726562
435.0	183.74916076660156
435.5	179.53762817382812
436.0	175.7844696044922
436.5	171.8741912841797
437.0	167.79898071289062
437.5	164.4980010986328
438.0	160.7532501220703
438.5	157.10098266601562
439.0	153.83226013183594
439.5	150.14605712890625
440.0	146.36988830566406
440.5	143.3909149169922
441.0	140.10414123535156
441.5	136.7205047607422
442.0	133.84324645996094
442.5	130.7898406982422
443.0	127.62910461425781
443.5	125.03933715820312
444.0	122.03535461425781
444.5	119.24258422851562
445.0	116.31515502929688
445.5	113.99917602539062
446.0	111.40801239013672
446.5	108.50667572021484
447.0	106.16271209716797
447.5	103.71382904052734
448.0	101.32877349853516
448.5	99.09288024902344
449.0	96.92001342773438
449.5	94.5011215209961
450.0	92.4569320678711
