 750000.000 0.862700 0.667507 0.648860 0.788616
 750500.000 0.881867 0.671619 0.676954 0.803766
 751000.000 0.882820 0.663365 0.680633 0.809583
 751500.000 0.863911 0.669788 0.652915 0.785984
 752000.000 0.875216 0.653865 0.676488 0.804257
 752500.000 0.884311 0.656012 0.693040 0.808304
 753000.000 0.885113 0.678062 0.671130 0.810349
 753500.000 0.886299 0.701679 0.655244 0.805824
 754000.000 0.869507 0.675871 0.653962 0.792223
 754500.000 0.878615 0.647983 0.696893 0.798991
 755000.000 0.882137 0.667378 0.695088 0.792334
 755500.000 0.881254 0.698477 0.654496 0.798112
 756000.000 0.857369 0.680922 0.646429 0.767228
 756500.000 0.880515 0.690814 0.658677 0.799708
 757000.000 0.873056 0.686217 0.644617 0.798767
 757500.000 0.866450 0.680643 0.652296 0.782755
 758000.000 0.875384 0.705537 0.646262 0.785594
 758500.000 0.886796 0.716030 0.660857 0.789547
 759000.000 0.907595 0.720750 0.682618 0.813641
 759500.000 0.899904 0.711101 0.685212 0.802791
 760000.000 0.890842 0.711382 0.655752 0.806922
 760500.000 0.879087 0.694090 0.658161 0.794135
 761000.000 0.892185 0.681707 0.679368 0.815918
 761500.000 0.893903 0.678907 0.684599 0.817640
 762000.000 0.885947 0.679222 0.676053 0.807103
 762500.000 0.874238 0.656523 0.680836 0.796257
 763000.000 0.905174 0.676875 0.707832 0.824314
 763500.000 0.886901 0.678067 0.688781 0.799370
 764000.000 0.883565 0.686862 0.673833 0.797209
 764500.000 0.920229 0.654565 0.726619 0.858610
 765000.000 0.900139 0.696793 0.688234 0.813213
 765500.000 0.888601 0.672082 0.681712 0.814125
 766000.000 0.896325 0.654834 0.718749 0.813258
 766500.000 0.912380 0.659843 0.731188 0.833574
 767000.000 0.914608 0.684609 0.720153 0.828074
 767500.000 0.895194 0.665768 0.703945 0.814837
 768000.000 0.902702 0.673426 0.702684 0.826120
 768500.000 0.909653 0.686030 0.701078 0.832340
 769000.000 0.895770 0.674455 0.694092 0.817406
 769500.000 0.897079 0.669022 0.692996 0.825631
 770000.000 0.919604 0.684628 0.709642 0.847961
 770500.000 0.936170 0.722880 0.695644 0.863917
 771000.000 0.933719 0.699727 0.715299 0.861621
 771500.000 0.922030 0.690503 0.713578 0.845157
 772000.000 0.906777 0.667199 0.708777 0.834847
 772500.000 0.913680 0.670084 0.719942 0.838030
 773000.000 0.932734 0.692937 0.720479 0.860659
 773500.000 0.927071 0.690960 0.721966 0.848682
 774000.000 0.921823 0.707008 0.699202 0.843073
 774500.000 0.908023 0.699864 0.682838 0.832425
 775000.000 0.912396 0.691575 0.710422 0.825807
 775500.000 0.918886 0.694251 0.705097 0.842351
 776000.000 0.929663 0.674242 0.732208 0.858961
 776500.000 0.917256 0.682759 0.713580 0.841048
 777000.000 0.953086 0.689245 0.759811 0.874286
 777500.000 0.955629 0.699905 0.743131 0.885632
 778000.000 0.916767 0.676144 0.715191 0.843952
 778500.000 0.934483 0.685366 0.727569 0.864542
 779000.000 0.906307 0.674361 0.706301 0.830157
 779500.000 0.915680 0.677053 0.710893 0.844493
 780000.000 0.906771 0.658899 0.723418 0.828847
 780500.000 0.909602 0.682466 0.711922 0.825930
 781000.000 0.920715 0.694353 0.705590 0.845841
 781500.000 0.920164 0.699326 0.718488 0.829531
 782000.000 0.921037 0.687625 0.720667 0.839302
 782500.000 0.935275 0.679109 0.734014 0.865744
 783000.000 0.927127 0.674698 0.729990 0.855002
 783500.000 0.909677 0.694168 0.706986 0.820564
 784000.000 0.913775 0.672733 0.722777 0.833661
 784500.000 0.927801 0.673565 0.737335 0.851045
 785000.000 0.930560 0.693509 0.721533 0.854587
 785500.000 0.931866 0.691558 0.719984 0.860301
 786000.000 0.922033 0.684207 0.711423 0.852073
 786500.000 0.916023 0.700756 0.691871 0.841696
 787000.000 0.900991 0.682756 0.699291 0.817560
 787500.000 0.918463 0.695165 0.707276 0.838841
 788000.000 0.890288 0.670175 0.697317 0.806125
 788500.000 0.906308 0.692429 0.697581 0.822626
 789000.000 0.919175 0.712809 0.687870 0.841726
 789500.000 0.890609 0.682022 0.690237 0.802987
 790000.000 0.894515 0.690514 0.690322 0.804337
 790500.000 0.921653 0.726851 0.681301 0.840478
 791000.000 0.889835 0.692678 0.675550 0.804639
 791500.000 0.891118 0.702794 0.673087 0.800760
 792000.000 0.895346 0.682913 0.699141 0.805059
 792500.000 0.898323 0.693223 0.701540 0.800784
 793000.000 0.893660 0.669509 0.713455 0.799998
 793500.000 0.894120 0.678793 0.690724 0.813044
 794000.000 0.909128 0.657413 0.741202 0.819424
 794500.000 0.918927 0.671320 0.735957 0.834595
 795000.000 0.879567 0.648182 0.705122 0.793687
 795500.000 0.931342 0.692611 0.738252 0.842657
 796000.000 0.932837 0.659305 0.737552 0.872758
 796500.000 0.968002 0.652737 0.795911 0.902505
 797000.000 0.973604 0.670484 0.779212 0.916018
 797500.000 0.961125 0.634200 0.799177 0.898124
 798000.000 0.966464 0.648550 0.792016 0.905649
 798500.000 0.984661 0.626187 0.834074 0.922672
 799000.000 0.939880 0.660505 0.756564 0.870685
 799500.000 0.955617 0.657451 0.779897 0.886524
 800000.000 0.938290 0.647363 0.764212 0.870446
 800500.000 0.953512 0.665092 0.763056 0.890936
 801000.000 0.962328 0.659821 0.783204 0.896314
 801500.000 0.985077 0.652308 0.817908 0.919932
 802000.000 0.954115 0.635561 0.788286 0.891818
 802500.000 0.988512 0.639373 0.824382 0.930542
 803000.000 0.968950 0.662806 0.789591 0.902753
 803500.000 1.014508 0.645198 0.848713 0.960134
 804000.000 1.029174 0.650874 0.864377 0.973454
 804500.000 0.996519 0.622221 0.848243 0.937777
 805000.000 1.043008 0.623868 0.910812 0.978234
 805500.000 0.990139 0.647844 0.826539 0.926220
 806000.000 1.015830 0.644443 0.861771 0.951769
 806500.000 1.029692 0.644727 0.876314 0.967953
 807000.000 1.002852 0.602820 0.872156 0.942005
 807500.000 0.986611 0.602618 0.849740 0.928221
 808000.000 0.967801 0.607647 0.819572 0.912328
 808500.000 0.990776 0.590690 0.862186 0.933272
 809000.000 0.961548 0.601859 0.820280 0.902251
 809500.000 1.006965 0.621954 0.856007 0.953090
 810000.000 1.041247 0.630302 0.889812 0.989619
 810500.000 1.020966 0.593730 0.891883 0.967870
 811000.000 1.003747 0.636754 0.839366 0.951329
 811500.000 0.998945 0.633781 0.842102 0.940727
 812000.000 1.018202 0.633887 0.864599 0.961314
 812500.000 1.002205 0.638307 0.848484 0.938866
 813000.000 1.017330 0.635696 0.876755 0.947161
 813500.000 1.020182 0.666678 0.865533 0.942303
 814000.000 1.020568 0.658121 0.865184 0.949449
 814500.000 0.981076 0.658438 0.821925 0.903281
 815000.000 0.970490 0.631167 0.815633 0.905578
 815500.000 0.970177 0.650016 0.813348 0.893549
 816000.000 1.014220 0.665607 0.868303 0.927524
 816500.000 0.996909 0.663509 0.828475 0.927923
 817000.000 0.992541 0.646579 0.848530 0.912254
 817500.000 0.976599 0.662176 0.792782 0.916794
 818000.000 1.046299 0.667580 0.901660 0.964793
 818500.000 0.938270 0.648948 0.764029 0.869383
 819000.000 0.969788 0.664391 0.796148 0.897614
 819500.000 0.951616 0.652552 0.779234 0.882108
 820000.000 0.987773 0.637232 0.829710 0.925693
 820500.000 0.971077 0.687689 0.774553 0.901739
 821000.000 0.976551 0.670549 0.801338 0.903064
 821500.000 0.964828 0.661151 0.796901 0.888602
 822000.000 0.949429 0.636398 0.787282 0.882052
 822500.000 0.958460 0.645724 0.796348 0.886657
 823000.000 0.972670 0.645978 0.802160 0.911825
 823500.000 0.954585 0.660388 0.765547 0.894588
 824000.000 0.960993 0.638769 0.796886 0.896640
 824500.000 0.970730 0.638848 0.800750 0.913951
 825000.000 0.974065 0.635676 0.814901 0.910746
 825500.000 0.975413 0.644377 0.813130 0.909098
 826000.000 0.970328 0.630179 0.822970 0.899260
 826500.000 0.936194 0.619258 0.790601 0.862780
 827000.000 0.953999 0.637538 0.791152 0.887609
 827500.000 0.948968 0.626952 0.797213 0.878900
 828000.000 0.947978 0.626753 0.789251 0.884075
 828500.000 0.932963 0.612566 0.789090 0.861940
 829000.000 0.956343 0.616129 0.806913 0.893566
 829500.000 0.961466 0.594506 0.827763 0.900113
 830000.000 0.961725 0.596196 0.829959 0.897524
 830500.000 0.980819 0.590523 0.861028 0.913196
 831000.000 0.986552 0.615166 0.843143 0.925877
 831500.000 0.936792 0.592623 0.802024 0.872188
 832000.000 0.918766 0.606531 0.770142 0.852798
 832500.000 0.973767 0.624741 0.825580 0.908054
 833000.000 0.956082 0.622308 0.804269 0.891106
 833500.000 0.959642 0.601599 0.823012 0.895855
 834000.000 0.927356 0.607496 0.779603 0.862060
 834500.000 0.947836 0.614486 0.801915 0.880978
 835000.000 0.985168 0.632988 0.838443 0.915124
 835500.000 0.912663 0.621572 0.749399 0.847324
 836000.000 0.957035 0.619731 0.804026 0.895157
 836500.000 0.943426 0.638824 0.766351 0.885840
 837000.000 0.942143 0.629052 0.774747 0.882796
 837500.000 0.931715 0.641094 0.758157 0.866246
 838000.000 0.942714 0.648439 0.760665 0.882234
 838500.000 0.935177 0.652276 0.740390 0.880608
 839000.000 0.955722 0.653691 0.763347 0.903769
 839500.000 0.942659 0.636949 0.766621 0.885325
 840000.000 0.927727 0.629545 0.751961 0.871541
 840500.000 0.926239 0.630671 0.753755 0.865993
 841000.000 0.935039 0.632574 0.761934 0.876300
 841500.000 0.958212 0.622278 0.800655 0.898922
 842000.000 0.925103 0.616549 0.755671 0.872044
 842500.000 0.897217 0.641077 0.710820 0.832918
 843000.000 0.909947 0.642590 0.714978 0.855506
 843500.000 0.934437 0.637500 0.757912 0.874933
 844000.000 0.925964 0.664424 0.721070 0.867997
 844500.000 0.929431 0.646376 0.747265 0.866878
 845000.000 0.947651 0.651608 0.758115 0.892609
 845500.000 0.948804 0.650527 0.765272 0.889737
 846000.000 0.910658 0.621321 0.752373 0.840531
 846500.000 0.929610 0.615225 0.772829 0.867514
 847000.000 0.917520 0.626637 0.752067 0.851708
 847500.000 0.944343 0.620289 0.775681 0.892820
 848000.000 0.948871 0.638511 0.767004 0.897063
 848500.000 0.922729 0.635459 0.744912 0.862644
 849000.000 0.913913 0.619264 0.749294 0.851789
 849500.000 0.952446 0.648328 0.767266 0.897375
 850000.000 0.927739 0.634249 0.751443 0.868596
 850500.000 0.911486 0.625773 0.745485 0.845148
 851000.000 0.916666 0.633571 0.738438 0.856651
 851500.000 0.938877 0.634749 0.764637 0.880571
 852000.000 0.928226 0.624890 0.766510 0.863238
 852500.000 0.930812 0.623819 0.764107 0.871671
 853000.000 0.931616 0.626129 0.762468 0.873169
 853500.000 0.940012 0.622477 0.779676 0.878563
 854000.000 0.951648 0.601009 0.806133 0.894542
 854500.000 0.960622 0.626328 0.802974 0.899187
 855000.000 0.942545 0.618405 0.783729 0.883248
 855500.000 0.959338 0.626463 0.797691 0.901050
 856000.000 0.955903 0.609655 0.799448 0.903717
 856500.000 0.931545 0.591708 0.798430 0.864837
 857000.000 0.914824 0.592730 0.772434 0.851951
 857500.000 0.920915 0.604461 0.767594 0.861159
 858000.000 0.927666 0.596961 0.781794 0.868080
 858500.000 0.944412 0.619535 0.783667 0.886493
 859000.000 0.935512 0.617190 0.775503 0.876376
 859500.000 0.935408 0.619361 0.766764 0.882292
 860000.000 0.928559 0.632928 0.763759 0.860533
 860500.000 0.946056 0.626119 0.783982 0.885093
 861000.000 0.936546 0.628075 0.769917 0.875778
 861500.000 0.934239 0.632182 0.771130 0.866780
 862000.000 0.978036 0.651606 0.800022 0.921132
 862500.000 0.959823 0.643000 0.794422 0.893290
 863000.000 0.932265 0.616946 0.774757 0.870267
 863500.000 0.942286 0.626466 0.779119 0.881089
 864000.000 0.929412 0.628433 0.770649 0.859525
 864500.000 0.895641 0.581396 0.771545 0.819172
 865000.000 0.928322 0.615787 0.796606 0.842488
 865500.000 0.916046 0.606251 0.797868 0.821066
 866000.000 0.912729 0.600908 0.786806 0.828248
 866500.000 0.924857 0.586673 0.804094 0.848510
 867000.000 0.907541 0.573602 0.791573 0.831658
 867500.000 0.922383 0.581560 0.803612 0.847100
 868000.000 0.916586 0.564110 0.808178 0.841954
 868500.000 0.900226 0.589319 0.775832 0.819513
 869000.000 0.896035 0.577976 0.773611 0.820503
 869500.000 0.903009 0.579151 0.790126 0.819229
 870000.000 0.899695 0.600384 0.765774 0.819775
 870500.000 0.899086 0.599753 0.756950 0.827064
 871000.000 0.910184 0.614357 0.766102 0.832181
 871500.000 0.898477 0.587926 0.773392 0.818981
 872000.000 0.913134 0.621669 0.767276 0.832131
 872500.000 0.918757 0.618760 0.777077 0.837566
 873000.000 0.916523 0.618225 0.768403 0.841061
 873500.000 0.915150 0.614628 0.770556 0.838733
 874000.000 0.911731 0.617554 0.763116 0.835935
 874500.000 0.909589 0.608139 0.763798 0.837546
 875000.000 0.904519 0.608116 0.759345 0.830602
 875500.000 0.876096 0.595957 0.728966 0.805314
 876000.000 0.881105 0.610476 0.721608 0.811968
 876500.000 0.901941 0.605668 0.749753 0.835483
 877000.000 0.899435 0.599852 0.747335 0.836442
 877500.000 0.905563 0.584263 0.774808 0.835703
 878000.000 0.884489 0.596182 0.736291 0.816753
 878500.000 0.902327 0.597028 0.761709 0.831712
 879000.000 0.923524 0.615325 0.783761 0.844327
 879500.000 0.910662 0.606703 0.760080 0.844276
 880000.000 0.891932 0.581249 0.760116 0.821862
 880500.000 0.883085 0.600649 0.731684 0.814578
 881000.000 0.900872 0.627473 0.742265 0.823688
 881500.000 0.912946 0.640646 0.744174 0.838283
 882000.000 0.912628 0.617809 0.761833 0.838868
 882500.000 0.899252 0.619943 0.749002 0.819740
 883000.000 0.919347 0.638182 0.755050 0.844404
 883500.000 0.899335 0.639484 0.732272 0.820027
 884000.000 0.910186 0.653991 0.723390 0.840166
 884500.000 0.937615 0.668110 0.748225 0.867198
 885000.000 0.932782 0.658691 0.751214 0.861376
 885500.000 0.916436 0.626084 0.759149 0.843459
 886000.000 0.913250 0.613932 0.750816 0.852885
 886500.000 0.923216 0.609677 0.768681 0.861440
 887000.000 0.906494 0.608906 0.756068 0.837292
 887500.000 0.898087 0.613096 0.747888 0.823345
 888000.000 0.929056 0.599863 0.791580 0.860149
 888500.000 0.904377 0.624504 0.736117 0.839000
 889000.000 0.927341 0.632189 0.759312 0.862382
 889500.000 0.901567 0.626540 0.729660 0.837073
 890000.000 0.898826 0.630126 0.733253 0.825261
 890500.000 0.923180 0.649336 0.761613 0.838350
 891000.000 0.899907 0.629764 0.736049 0.825406
 891500.000 0.914908 0.643343 0.741591 0.842773
 892000.000 0.934689 0.629869 0.769481 0.870890
 892500.000 0.940436 0.631195 0.779618 0.873286
 893000.000 0.950130 0.638847 0.781472 0.886945
 893500.000 0.918868 0.604419 0.772896 0.852024
 894000.000 0.903543 0.610317 0.751007 0.834436
 894500.000 0.925116 0.621986 0.756703 0.867303
 895000.000 0.880572 0.620166 0.707914 0.815515
 895500.000 0.916904 0.624664 0.752906 0.851089
 896000.000 0.913436 0.609637 0.754992 0.852679
 896500.000 0.921433 0.625860 0.756440 0.856840
 897000.000 0.886971 0.632704 0.709459 0.818408
 897500.000 0.911902 0.631404 0.739842 0.846814
 898000.000 0.925840 0.634309 0.752716 0.863382
 898500.000 0.926523 0.633560 0.753574 0.864649
 899000.000 0.912775 0.639222 0.740979 0.841821
 899500.000 0.914503 0.642441 0.736517 0.847019
 900000.000 0.920911 0.628091 0.760886 0.850122
 900500.000 0.923170 0.659120 0.730093 0.858493
 901000.000 0.902758 0.613421 0.745877 0.835060
 901500.000 0.911216 0.627100 0.752401 0.837416
 902000.000 0.923041 0.645126 0.748554 0.852929
 902500.000 0.934743 0.610746 0.790498 0.865790
 903000.000 0.915444 0.625053 0.760527 0.840823
 903500.000 0.913211 0.642490 0.733728 0.846615
 904000.000 0.926636 0.652942 0.739802 0.862362
 904500.000 0.890272 0.631354 0.714379 0.822327
 905000.000 0.901809 0.646376 0.721359 0.829675
 905500.000 0.887124 0.648548 0.697071 0.816979
 906000.000 0.903388 0.632091 0.735094 0.832057
 906500.000 0.898472 0.656341 0.712025 0.822642
 907000.000 0.918893 0.691509 0.704784 0.844880
 907500.000 0.887316 0.656057 0.700365 0.808541
 908000.000 0.887820 0.646360 0.709481 0.809508
 908500.000 0.902208 0.662383 0.717386 0.821319
 909000.000 0.893561 0.628814 0.733780 0.814286
 909500.000 0.891140 0.631060 0.728636 0.811857
 910000.000 0.920969 0.633053 0.760217 0.847161
 910500.000 0.904015 0.639122 0.736219 0.827037
 911000.000 0.907901 0.651042 0.735119 0.827231
 911500.000 0.883204 0.639073 0.713989 0.801189
 912000.000 0.893457 0.659049 0.711944 0.809518
 912500.000 0.900361 0.665066 0.712180 0.819626
 913000.000 0.903754 0.655719 0.727078 0.821543
 913500.000 0.894378 0.635173 0.727730 0.816572
 914000.000 0.901404 0.646244 0.720423 0.829708
 914500.000 0.900724 0.646550 0.729843 0.819701
 915000.000 0.906756 0.638253 0.743779 0.826946
 915500.000 0.921853 0.648571 0.747747 0.848444
 916000.000 0.923842 0.660993 0.736302 0.853181
 916500.000 0.924798 0.653376 0.749332 0.849767
 917000.000 0.910695 0.634547 0.747458 0.835097
 917500.000 0.900330 0.650438 0.713853 0.829780
 918000.000 0.903388 0.633131 0.736527 0.829997
 918500.000 0.894878 0.632432 0.728911 0.818736
 919000.000 0.900794 0.635787 0.734590 0.824021
 919500.000 0.893672 0.619732 0.735924 0.819540
 920000.000 0.893850 0.619989 0.741950 0.814285
 920500.000 0.886754 0.618673 0.735995 0.805122
 921000.000 0.894339 0.623306 0.738453 0.816004
 921500.000 0.897469 0.631265 0.737622 0.817509
 922000.000 0.910095 0.626871 0.753469 0.834185
 922500.000 0.914115 0.617095 0.767903 0.837096
 923000.000 0.904062 0.611178 0.759728 0.827001
 923500.000 0.902233 0.613899 0.754798 0.825505
 924000.000 0.909539 0.614391 0.765355 0.831431
 924500.000 0.880458 0.633404 0.713603 0.799988
 925000.000 0.892730 0.637373 0.718548 0.819377
 925500.000 0.926476 0.651071 0.748397 0.855993
 926000.000 0.958033 0.672012 0.771174 0.888450
 926500.000 0.914137 0.657721 0.726701 0.842972
 927000.000 0.946333 0.672194 0.748961 0.882215
 927500.000 0.913152 0.654153 0.733642 0.837583
 928000.000 0.931032 0.690438 0.720999 0.858543
 928500.000 0.924249 0.679871 0.716765 0.855860
 929000.000 0.922901 0.668598 0.723434 0.856220
 929500.000 0.914630 0.677169 0.703165 0.848586
 930000.000 0.921908 0.680393 0.701542 0.862978
 930500.000 0.922519 0.688374 0.698831 0.860150
 931000.000 0.902495 0.675676 0.688239 0.835933
 931500.000 0.912695 0.682516 0.694143 0.847562
 932000.000 0.929364 0.699342 0.700685 0.864522
 932500.000 0.949152 0.703054 0.715452 0.891977
 933000.000 0.896946 0.689967 0.676787 0.821541
 933500.000 0.927780 0.682487 0.708435 0.868264
 934000.000 0.931990 0.671520 0.726151 0.871191
 934500.000 0.941787 0.665586 0.740278 0.884821
 935000.000 0.945982 0.699577 0.711541 0.891104
 935500.000 0.957917 0.671465 0.759598 0.898529
 936000.000 0.970046 0.719827 0.730865 0.910860
 936500.000 0.954143 0.685949 0.736374 0.898891
 937000.000 0.950562 0.686718 0.736341 0.890706
 937500.000 0.911953 0.639467 0.726291 0.852583
 938000.000 0.945202 0.649983 0.759555 0.887363
 938500.000 0.978473 0.684406 0.768756 0.924890
 939000.000 0.981182 0.690520 0.771662 0.923663
 939500.000 0.978769 0.682812 0.776352 0.920339
 940000.000 0.967404 0.701405 0.746686 0.906772
 940500.000 0.961248 0.703540 0.733253 0.902976
 941000.000 0.995720 0.715997 0.760993 0.944009
 941500.000 0.980931 0.692442 0.764236 0.927857
 942000.000 0.928474 0.666832 0.723801 0.869238
 942500.000 0.971606 0.664302 0.780331 0.915325
 943000.000 0.958701 0.666426 0.762345 0.901622
 943500.000 0.973341 0.679317 0.766043 0.920051
 944000.000 0.968577 0.701586 0.737584 0.916531
 944500.000 0.950457 0.667767 0.747917 0.895234
 945000.000 0.965859 0.660974 0.771547 0.913016
 945500.000 1.009721 0.712604 0.784154 0.957271
 946000.000 0.976835 0.690698 0.787801 0.900400
 946500.000 0.946996 0.699099 0.726760 0.881296
 947000.000 0.978774 0.714891 0.747246 0.920083
 947500.000 0.974398 0.708829 0.753982 0.909931
 948000.000 0.975810 0.711242 0.745241 0.918238
 948500.000 0.939220 0.669390 0.740025 0.876669
 949000.000 0.924517 0.697619 0.699292 0.856609
 949500.000 0.949331 0.701926 0.721299 0.888530
 950000.000 0.928890 0.678832 0.726510 0.858513
 950500.000 0.928582 0.702155 0.693624 0.866254
 951000.000 0.951992 0.736218 0.693295 0.888763
 951500.000 0.944409 0.724287 0.689229 0.885544
 952000.000 0.978424 0.742884 0.717738 0.920652
 952500.000 0.935715 0.706105 0.707633 0.867063
 953000.000 0.990225 0.722245 0.754179 0.933096
 953500.000 0.973756 0.703631 0.745170 0.919797
 954000.000 0.962297 0.717709 0.720773 0.904109
 954500.000 0.999799 0.717595 0.776814 0.938516
 955000.000 0.945878 0.712931 0.717317 0.875530
 955500.000 0.965648 0.722497 0.724789 0.904229
 956000.000 0.965935 0.716392 0.738703 0.898423
 956500.000 1.000933 0.730385 0.774693 0.932803
 957000.000 0.969673 0.707950 0.754079 0.900392
 957500.000 0.981020 0.735659 0.754574 0.902342
 958000.000 0.995252 0.726501 0.767781 0.929387
 958500.000 0.970957 0.731948 0.737326 0.897841
 959000.000 0.968459 0.723120 0.741150 0.896448
 959500.000 0.966281 0.701829 0.756726 0.895656
 960000.000 0.958894 0.712873 0.741387 0.883806
 960500.000 0.955596 0.703706 0.739036 0.885975
 961000.000 0.959252 0.707399 0.729003 0.899149
 961500.000 0.976257 0.702739 0.758422 0.914937
 962000.000 0.974569 0.706002 0.751383 0.914633
 962500.000 0.944218 0.697233 0.720735 0.881761
 963000.000 0.951295 0.675900 0.749356 0.889691
 963500.000 0.940267 0.686127 0.728467 0.875654
 964000.000 0.943960 0.686125 0.739540 0.874320
 964500.000 0.959733 0.663312 0.779917 0.891022
 965000.000 0.992012 0.692915 0.794335 0.925785
 965500.000 0.974702 0.650984 0.809034 0.906515
 966000.000 0.933078 0.692608 0.727311 0.855909
 966500.000 0.899682 0.645174 0.716055 0.830584
 967000.000 0.906124 0.658054 0.723978 0.827612
 967500.000 0.950799 0.688365 0.741348 0.885774
 968000.000 0.963718 0.690904 0.774099 0.883702
 968500.000 0.969844 0.684866 0.785406 0.891790
 969000.000 0.958346 0.645707 0.789412 0.892606
 969500.000 0.995764 0.669539 0.823728 0.925354
 970000.000 0.986949 0.667914 0.812035 0.917946
 970500.000 1.002810 0.669991 0.830444 0.934201
 971000.000 0.983641 0.672778 0.795534 0.921733
 971500.000 0.973093 0.697789 0.752058 0.917234
 972000.000 0.985414 0.703062 0.768405 0.925927
 972500.000 0.979782 0.715070 0.749380 0.920353
 973000.000 0.965911 0.704888 0.744454 0.902714
 973500.000 1.009386 0.713501 0.788553 0.952272
 974000.000 1.006492 0.684019 0.813360 0.946898
 974500.000 0.947351 0.684116 0.746413 0.877384
 975000.000 0.989287 0.682405 0.795883 0.926430
 975500.000 0.984319 0.705664 0.776585 0.914725
 976000.000 0.972390 0.687498 0.765706 0.912209
 976500.000 1.001212 0.692270 0.801219 0.940035
 977000.000 0.975271 0.672473 0.774527 0.922060
 977500.000 1.003239 0.665103 0.813875 0.953008
 978000.000 0.946570 0.696806 0.723515 0.884860
 978500.000 0.959824 0.666623 0.760685 0.905261
 979000.000 0.945531 0.675881 0.735577 0.888915
 979500.000 0.931780 0.667384 0.727565 0.872741
 980000.000 0.905965 0.663495 0.695208 0.847352
 980500.000 0.929561 0.697639 0.702761 0.864634
 981000.000 0.933613 0.689919 0.714160 0.870204
 981500.000 0.931251 0.683397 0.717160 0.867816
 982000.000 0.895513 0.691290 0.660615 0.830418
 982500.000 0.925082 0.699172 0.686332 0.866982
 983000.000 0.931190 0.698198 0.697482 0.871934
 983500.000 0.949685 0.701344 0.719898 0.890880
 984000.000 0.935613 0.681375 0.723415 0.873580
 984500.000 0.913455 0.697570 0.681907 0.846876
 985000.000 0.893949 0.675489 0.674015 0.829281
 985500.000 0.921328 0.696919 0.685511 0.861435
 986000.000 0.945498 0.718570 0.692158 0.890229
 986500.000 0.954599 0.716822 0.714704 0.893243
 987000.000 0.929848 0.722328 0.669585 0.871283
 987500.000 0.961281 0.748745 0.691964 0.899271
 988000.000 0.943180 0.702458 0.713803 0.881032
 988500.000 0.955188 0.714003 0.718958 0.893347
 989000.000 0.972845 0.733205 0.726077 0.909987
 989500.000 0.952429 0.710994 0.718341 0.890345
 990000.000 0.937359 0.707708 0.701188 0.874511
 990500.000 0.946238 0.699878 0.721304 0.883528
 991000.000 0.964756 0.727349 0.716487 0.905051
 991500.000 0.906051 0.696154 0.671117 0.840730
 992000.000 0.912457 0.692029 0.696897 0.837010
 992500.000 0.924758 0.722698 0.662170 0.865789
 993000.000 0.927598 0.694845 0.690157 0.872782
 993500.000 0.963473 0.709200 0.727010 0.908323
 994000.000 0.942940 0.702106 0.706306 0.886819
 994500.000 0.946860 0.693009 0.719435 0.891762
 995000.000 0.904861 0.687082 0.667215 0.848698
 995500.000 0.942241 0.699695 0.704965 0.888305
 996000.000 0.917629 0.704759 0.672332 0.857538
 996500.000 0.958748 0.721895 0.704719 0.905889
 997000.000 0.942621 0.718724 0.694046 0.882499
 997500.000 0.964486 0.715254 0.734881 0.899350
 998000.000 0.971193 0.717091 0.729884 0.916232
 998500.000 1.006034 0.719476 0.781225 0.946705
 999000.000 0.975138 0.717570 0.728585 0.925227
 999500.000 0.984987 0.733996 0.736567 0.926885
1000000.000 0.967369 0.717639 0.726210 0.910614
