 750000.000   27.663
 750500.000   28.444
 751000.000   28.579
 751500.000   29.348
 752000.000   28.979
 752500.000   28.174
 753000.000   28.380
 753500.000   27.747
 754000.000   28.253
 754500.000   28.011
 755000.000   29.284
 755500.000   28.921
 756000.000   27.285
 756500.000   27.819
 757000.000   27.782
 757500.000   28.177
 758000.000   28.854
 758500.000   28.747
 759000.000   28.500
 759500.000   27.931
 760000.000   27.940
 760500.000   28.145
 761000.000   27.159
 761500.000   27.519
 762000.000   26.716
 762500.000   27.034
 763000.000   27.626
 763500.000   28.050
 764000.000   28.319
 764500.000   27.467
 765000.000   28.428
 765500.000   29.347
 766000.000   28.905
 766500.000   28.761
 767000.000   28.573
 767500.000   29.940
 768000.000   28.287
 768500.000   27.823
 769000.000   27.969
 769500.000   28.511
 770000.000   29.510
 770500.000   29.649
 771000.000   29.533
 771500.000   28.600
 772000.000   27.776
 772500.000   29.430
 773000.000   28.300
 773500.000   28.215
 774000.000   29.645
 774500.000   28.919
 775000.000   27.400
 775500.000   28.826
 776000.000   28.371
 776500.000   29.318
 777000.000   27.921
 777500.000   28.112
 778000.000   27.962
 778500.000   28.911
 779000.000   27.928
 779500.000   27.353
 780000.000   28.001
 780500.000   28.048
 781000.000   27.695
 781500.000   26.545
 782000.000   27.155
 782500.000   26.327
 783000.000   26.916
 783500.000   28.136
 784000.000   28.031
 784500.000   28.112
 785000.000   27.880
 785500.000   28.100
 786000.000   27.393
 786500.000   26.562
 787000.000   28.094
 787500.000   28.442
 788000.000   27.774
 788500.000   28.311
 789000.000   27.668
 789500.000   27.871
 790000.000   27.284
 790500.000   26.797
 791000.000   26.778
 791500.000   28.003
 792000.000   27.557
 792500.000   27.350
 793000.000   27.506
 793500.000   27.342
 794000.000   27.385
 794500.000   27.843
 795000.000   28.191
 795500.000   28.416
 796000.000   27.774
 796500.000   28.375
 797000.000   27.854
 797500.000   28.042
 798000.000   27.431
 798500.000   26.553
 799000.000   27.903
 799500.000   26.986
 800000.000   27.888
 800500.000   27.431
 801000.000   27.671
 801500.000   28.410
 802000.000   27.284
 802500.000   27.954
 803000.000   27.416
 803500.000   28.546
 804000.000   27.728
 804500.000   28.895
 805000.000   28.866
 805500.000   28.505
 806000.000   27.211
 806500.000   27.773
 807000.000   28.317
 807500.000   28.562
 808000.000   27.960
 808500.000   27.825
 809000.000   29.948
 809500.000   28.085
 810000.000   28.518
 810500.000   29.551
 811000.000   28.848
 811500.000   28.200
 812000.000   27.108
 812500.000   28.132
 813000.000   27.517
 813500.000   28.071
 814000.000   27.677
 814500.000   28.682
 815000.000   27.751
 815500.000   27.754
 816000.000   29.357
 816500.000   28.902
 817000.000   28.868
 817500.000   29.119
 818000.000   28.849
 818500.000   28.061
 819000.000   28.866
 819500.000   28.191
 820000.000   28.977
 820500.000   29.334
 821000.000   28.771
 821500.000   29.359
 822000.000   28.323
 822500.000   29.611
 823000.000   28.200
 823500.000   28.438
 824000.000   28.866
 824500.000   29.584
 825000.000   28.931
 825500.000   29.395
 826000.000   29.188
 826500.000   29.285
 827000.000   28.457
 827500.000   29.417
 828000.000   28.987
 828500.000   28.120
 829000.000   28.716
 829500.000   29.996
 830000.000   29.428
 830500.000   29.672
 831000.000   29.708
 831500.000   29.661
 832000.000   28.758
 832500.000   28.335
 833000.000   28.976
 833500.000   27.417
 834000.000   27.798
 834500.000   28.332
 835000.000   27.923
 835500.000   28.433
 836000.000   28.266
 836500.000   28.389
 837000.000   28.506
 837500.000   28.862
 838000.000   28.499
 838500.000   28.006
 839000.000   27.186
 839500.000   27.254
 840000.000   28.391
 840500.000   29.324
 841000.000   28.136
 841500.000   28.264
 842000.000   27.382
 842500.000   27.833
 843000.000   28.917
 843500.000   28.550
 844000.000   27.820
 844500.000   30.009
 845000.000   29.268
 845500.000   28.498
 846000.000   28.691
 846500.000   29.929
 847000.000   28.460
 847500.000   29.875
 848000.000   28.016
 848500.000   28.054
 849000.000   28.010
 849500.000   28.448
 850000.000   27.166
 850500.000   27.038
 851000.000   27.458
 851500.000   28.072
 852000.000   28.497
 852500.000   28.474
 853000.000   27.851
 853500.000   29.110
 854000.000   28.880
 854500.000   28.202
 855000.000   28.423
 855500.000   28.747
 856000.000   29.031
 856500.000   27.667
 857000.000   28.525
 857500.000   29.395
 858000.000   27.929
 858500.000   28.988
 859000.000   29.605
 859500.000   28.395
 860000.000   27.617
 860500.000   27.340
 861000.000   28.677
 861500.000   28.943
 862000.000   28.800
 862500.000   28.333
 863000.000   28.832
 863500.000   28.812
 864000.000   28.035
 864500.000   28.469
 865000.000   29.477
 865500.000   30.201
 866000.000   30.801
 866500.000   28.779
 867000.000   29.366
 867500.000   29.668
 868000.000   28.063
 868500.000   28.123
 869000.000   29.566
 869500.000   28.898
 870000.000   29.265
 870500.000   30.019
 871000.000   29.774
 871500.000   29.057
 872000.000   29.810
 872500.000   28.426
 873000.000   29.094
 873500.000   28.141
 874000.000   28.601
 874500.000   28.172
 875000.000   29.064
 875500.000   28.364
 876000.000   28.450
 876500.000   28.732
 877000.000   29.060
 877500.000   29.790
 878000.000   28.206
 878500.000   29.371
 879000.000   28.914
 879500.000   28.884
 880000.000   28.763
 880500.000   29.572
 881000.000   29.089
 881500.000   28.899
 882000.000   30.335
 882500.000   29.317
 883000.000   29.356
 883500.000   29.741
 884000.000   28.294
 884500.000   28.350
 885000.000   29.014
 885500.000   29.218
 886000.000   29.183
 886500.000   30.947
 887000.000   28.661
 887500.000   30.477
 888000.000   30.440
 888500.000   28.650
 889000.000   28.841
 889500.000   28.652
 890000.000   29.705
 890500.000   29.544
 891000.000   29.389
 891500.000   28.509
 892000.000   29.293
 892500.000   28.802
 893000.000   29.244
 893500.000   28.552
 894000.000   28.679
 894500.000   28.668
 895000.000   30.345
 895500.000   28.974
 896000.000   28.692
 896500.000   29.004
 897000.000   27.456
 897500.000   28.943
 898000.000   29.420
 898500.000   28.380
 899000.000   29.174
 899500.000   29.230
 900000.000   29.273
 900500.000   29.231
 901000.000   28.613
 901500.000   28.890
 902000.000   28.388
 902500.000   28.264
 903000.000   28.992
 903500.000   28.391
 904000.000   29.086
 904500.000   29.218
 905000.000   27.867
 905500.000   28.954
 906000.000   28.373
 906500.000   28.976
 907000.000   28.177
 907500.000   28.130
 908000.000   28.721
 908500.000   29.351
 909000.000   28.694
 909500.000   29.408
 910000.000   28.824
 910500.000   29.137
 911000.000   28.169
 911500.000   28.858
 912000.000   28.112
 912500.000   27.917
 913000.000   28.202
 913500.000   29.632
 914000.000   27.428
 914500.000   28.345
 915000.000   28.694
 915500.000   27.877
 916000.000   29.161
 916500.000   28.862
 917000.000   29.421
 917500.000   30.068
 918000.000   28.723
 918500.000   28.974
 919000.000   29.097
 919500.000   28.529
 920000.000   29.448
 920500.000   29.437
 921000.000   28.866
 921500.000   28.719
 922000.000   29.401
 922500.000   28.684
 923000.000   28.699
 923500.000   29.106
 924000.000   28.943
 924500.000   29.602
 925000.000   29.936
 925500.000   29.408
 926000.000   29.325
 926500.000   29.048
 927000.000   28.301
 927500.000   28.761
 928000.000   29.410
 928500.000   29.238
 929000.000   28.438
 929500.000   28.912
 930000.000   30.063
 930500.000   29.316
 931000.000   29.522
 931500.000   29.143
 932000.000   29.994
 932500.000   29.030
 933000.000   29.242
 933500.000   29.321
 934000.000   28.138
 934500.000   28.641
 935000.000   29.255
 935500.000   28.225
 936000.000   27.711
 936500.000   28.284
 937000.000   28.576
 937500.000   29.195
 938000.000   29.564
 938500.000   29.289
 939000.000   28.825
 939500.000   29.359
 940000.000   29.308
 940500.000   28.892
 941000.000   28.526
 941500.000   28.680
 942000.000   28.700
 942500.000   28.056
 943000.000   28.470
 943500.000   27.925
 944000.000   27.517
 944500.000   28.625
 945000.000   27.007
 945500.000   27.567
 946000.000   26.091
 946500.000   28.031
 947000.000   28.459
 947500.000   27.503
 948000.000   27.820
 948500.000   27.539
 949000.000   27.931
 949500.000   29.095
 950000.000   28.219
 950500.000   27.751
 951000.000   26.779
 951500.000   27.701
 952000.000   26.652
 952500.000   28.930
 953000.000   27.760
 953500.000   28.500
 954000.000   27.656
 954500.000   27.062
 955000.000   26.732
 955500.000   27.949
 956000.000   28.585
 956500.000   28.975
 957000.000   28.470
 957500.000   27.331
 958000.000   27.968
 958500.000   28.198
 959000.000   28.242
 959500.000   26.020
 960000.000   28.078
 960500.000   28.067
 961000.000   27.834
 961500.000   28.223
 962000.000   28.300
 962500.000   27.457
 963000.000   27.130
 963500.000   28.164
 964000.000   27.213
 964500.000   26.770
 965000.000   26.764
 965500.000   27.094
 966000.000   27.203
 966500.000   26.799
 967000.000   26.126
 967500.000   26.188
 968000.000   26.785
 968500.000   26.423
 969000.000   25.798
 969500.000   26.419
 970000.000   27.261
 970500.000   26.831
 971000.000   26.456
 971500.000   27.029
 972000.000   26.223
 972500.000   25.756
 973000.000   25.973
 973500.000   26.536
 974000.000   25.706
 974500.000   25.983
 975000.000   26.402
 975500.000   26.424
 976000.000   27.175
 976500.000   25.588
 977000.000   26.970
 977500.000   26.658
 978000.000   26.398
 978500.000   27.617
 979000.000   27.417
 979500.000   27.003
 980000.000   27.676
 980500.000   27.464
 981000.000   28.197
 981500.000   27.882
 982000.000   26.305
 982500.000   27.854
 983000.000   27.836
 983500.000   26.896
 984000.000   29.602
 984500.000   29.060
 985000.000   27.441
 985500.000   28.159
 986000.000   28.054
 986500.000   29.044
 987000.000   28.150
 987500.000   27.326
 988000.000   28.902
 988500.000   27.539
 989000.000   27.301
 989500.000   28.345
 990000.000   28.729
 990500.000   28.127
 991000.000   27.496
 991500.000   27.592
 992000.000   28.398
 992500.000   29.002
 993000.000   27.787
 993500.000   25.724
 994000.000   27.305
 994500.000   28.431
 995000.000   27.706
 995500.000   29.572
 996000.000   28.482
 996500.000   28.413
 997000.000   27.872
 997500.000   27.765
 998000.000   27.806
 998500.000   27.758
 999000.000   27.605
 999500.000   28.015
1000000.000   27.446
