 750000.000    6.185  673.648
 750500.000    6.286  662.755
 751000.000    6.221  669.772
 751500.000    6.514  639.645
 752000.000    6.590  632.218
 752500.000    6.363  654.810
 753000.000    6.345  656.601
 753500.000    6.220  669.891
 754000.000    6.302  661.122
 754500.000    6.232  668.557
 755000.000    6.653  626.220
 755500.000    6.362  654.882
 756000.000    6.010  693.282
 756500.000    6.275  663.949
 757000.000    6.202  671.761
 757500.000    6.196  672.424
 758000.000    6.466  644.305
 758500.000    6.314  659.840
 759000.000    6.362  654.888
 759500.000    6.170  675.232
 760000.000    6.277  663.783
 760500.000    6.290  662.374
 761000.000    6.146  677.854
 761500.000    6.119  680.936
 762000.000    5.998  694.613
 762500.000    6.114  681.424
 763000.000    6.201  671.931
 763500.000    6.396  651.369
 764000.000    6.285  662.918
 764500.000    6.358  655.349
 765000.000    6.545  636.561
 765500.000    6.493  641.654
 766000.000    6.470  643.925
 766500.000    6.315  659.776
 767000.000    6.252  666.451
 767500.000    6.573  633.827
 768000.000    6.320  659.278
 768500.000    6.226  669.238
 769000.000    6.043  689.473
 769500.000    6.258  665.818
 770000.000    6.382  652.879
 770500.000    6.379  653.094
 771000.000    6.347  656.427
 771500.000    6.170  675.291
 772000.000    6.248  666.871
 772500.000    6.166  675.696
 773000.000    6.121  680.705
 773500.000    6.176  674.588
 774000.000    6.527  638.373
 774500.000    6.593  631.909
 775000.000    6.240  667.661
 775500.000    6.352  655.901
 776000.000    6.253  666.327
 776500.000    6.493  641.672
 777000.000    6.172  675.039
 777500.000    6.065  686.995
 778000.000    6.229  668.895
 778500.000    6.265  665.055
 779000.000    6.088  684.386
 779500.000    6.009  693.365
 780000.000    6.350  656.161
 780500.000    6.158  676.576
 781000.000    6.233  668.397
 781500.000    6.110  681.939
 782000.000    6.258  665.730
 782500.000    6.172  675.093
 783000.000    6.159  676.437
 783500.000    6.230  668.755
 784000.000    6.269  664.632
 784500.000    6.243  667.423
 785000.000    6.191  672.990
 785500.000    6.157  676.713
 786000.000    6.240  667.739
 786500.000    6.153  677.119
 787000.000    6.321  659.127
 787500.000    6.354  655.738
 788000.000    6.335  657.691
 788500.000    6.399  651.127
 789000.000    6.248  666.854
 789500.000    6.388  652.214
 790000.000    6.046  689.129
 790500.000    6.164  675.879
 791000.000    6.071  686.234
 791500.000    6.399  651.129
 792000.000    6.454  645.592
 792500.000    6.065  686.962
 793000.000    6.227  669.136
 793500.000    6.153  677.113
 794000.000    6.178  674.348
 794500.000    6.168  675.538
 795000.000    6.379  653.117
 795500.000    6.359  655.157
 796000.000    6.138  678.826
 796500.000    6.004  693.947
 797000.000    6.377  653.365
 797500.000    6.192  672.857
 798000.000    6.186  673.560
 798500.000    6.125  680.257
 799000.000    6.270  664.503
 799500.000    6.229  668.892
 800000.000    6.288  662.546
 800500.000    6.183  673.863
 801000.000    6.186  673.528
 801500.000    6.232  668.495
 802000.000    6.250  666.574
 802500.000    6.270  664.481
 803000.000    6.272  664.277
 803500.000    6.218  670.038
 804000.000    6.167  675.629
 804500.000    6.260  665.556
 805000.000    6.250  666.586
 805500.000    6.204  671.528
 806000.000    6.233  668.488
 806500.000    6.383  652.748
 807000.000    6.191  672.926
 807500.000    6.279  663.550
 808000.000    6.133  679.323
 808500.000    6.182  673.940
 809000.000    6.447  646.234
 809500.000    6.190  673.138
 810000.000    6.135  679.114
 810500.000    6.359  655.190
 811000.000    6.384  652.595
 811500.000    6.425  648.494
 812000.000    6.162  676.101
 812500.000    6.459  645.018
 813000.000    6.216  670.304
 813500.000    6.398  651.215
 814000.000    6.258  665.778
 814500.000    6.300  661.312
 815000.000    6.248  666.848
 815500.000    6.303  660.980
 816000.000    6.419  649.083
 816500.000    6.378  653.238
 817000.000    6.251  666.547
 817500.000    6.361  655.023
 818000.000    6.244  667.287
 818500.000    6.206  671.309
 819000.000    6.423  648.663
 819500.000    6.252  666.428
 820000.000    6.435  647.472
 820500.000    6.413  649.676
 821000.000    6.286  662.796
 821500.000    6.386  652.377
 822000.000    6.230  668.777
 822500.000    6.611  630.219
 823000.000    6.207  671.243
 823500.000    6.434  647.607
 824000.000    6.195  672.562
 824500.000    6.493  641.663
 825000.000    6.449  646.074
 825500.000    6.413  649.684
 826000.000    6.450  645.955
 826500.000    6.412  649.742
 827000.000    6.095  683.542
 827500.000    6.377  653.390
 828000.000    6.236  668.091
 828500.000    6.324  658.801
 829000.000    6.281  663.382
 829500.000    6.515  639.515
 830000.000    6.393  651.689
 830500.000    6.321  659.151
 831000.000    6.580  633.178
 831500.000    6.315  659.796
 832000.000    6.163  676.023
 832500.000    6.275  663.992
 833000.000    6.300  661.318
 833500.000    5.978  696.970
 834000.000    6.322  659.052
 834500.000    6.228  669.022
 835000.000    6.147  677.845
 835500.000    6.261  665.429
 836000.000    6.338  657.332
 836500.000    6.324  658.781
 837000.000    6.451  645.827
 837500.000    6.370  654.111
 838000.000    6.505  640.493
 838500.000    6.328  658.368
 839000.000    6.192  672.909
 839500.000    6.103  682.701
 840000.000    6.495  641.453
 840500.000    6.428  648.186
 841000.000    6.317  659.568
 841500.000    6.389  652.156
 842000.000    6.270  664.503
 842500.000    6.192  672.866
 843000.000    6.148  677.656
 843500.000    6.165  675.809
 844000.000    6.341  657.104
 844500.000    6.689  622.900
 845000.000    6.373  653.770
 845500.000    6.493  641.641
 846000.000    6.506  640.371
 846500.000    6.574  633.808
 847000.000    6.229  668.907
 847500.000    6.496  641.340
 848000.000    6.247  666.895
 848500.000    6.414  649.618
 849000.000    6.269  664.625
 849500.000    6.276  663.826
 850000.000    6.210  670.887
 850500.000    6.295  661.836
 851000.000    6.150  677.487
 851500.000    6.149  677.572
 852000.000    6.223  669.479
 852500.000    6.355  655.648
 853000.000    6.283  663.069
 853500.000    6.400  650.987
 854000.000    6.397  651.299
 854500.000    6.245  667.114
 855000.000    6.169  675.370
 855500.000    6.210  670.951
 856000.000    6.197  672.354
 856500.000    6.091  684.025
 857000.000    6.271  664.346
 857500.000    6.425  648.502
 858000.000    6.046  689.059
 858500.000    6.464  644.575
 859000.000    6.615  629.882
 859500.000    6.247  666.913
 860000.000    6.355  655.617
 860500.000    6.229  668.883
 861000.000    6.543  636.804
 861500.000    6.341  657.102
 862000.000    6.315  659.749
 862500.000    6.284  663.032
 863000.000    6.513  639.732
 863500.000    6.371  653.971
 864000.000    6.271  664.362
 864500.000    6.347  656.471
 865000.000    6.454  645.550
 865500.000    6.426  648.322
 866000.000    6.738  618.371
 866500.000    6.312  660.070
 867000.000    6.225  669.307
 867500.000    6.447  646.247
 868000.000    6.145  678.054
 868500.000    6.142  678.332
 869000.000    6.539  637.115
 869500.000    6.509  640.065
 870000.000    6.549  636.155
 870500.000    6.546  636.437
 871000.000    6.393  651.708
 871500.000    6.406  650.393
 872000.000    6.148  677.706
 872500.000    6.399  651.092
 873000.000    6.457  645.202
 873500.000    6.303  660.994
 874000.000    6.428  648.139
 874500.000    6.089  684.229
 875000.000    6.314  659.822
 875500.000    6.238  667.928
 876000.000    6.332  657.942
 876500.000    6.441  646.884
 877000.000    6.429  648.100
 877500.000    6.539  637.208
 878000.000    6.232  668.527
 878500.000    6.556  635.504
 879000.000    6.221  669.742
 879500.000    6.136  678.953
 880000.000    6.295  661.908
 880500.000    6.613  630.073
 881000.000    6.553  635.832
 881500.000    6.567  634.477
 882000.000    6.631  628.340
 882500.000    6.312  660.112
 883000.000    6.561  635.065
 883500.000    6.420  648.932
 884000.000    6.192  672.869
 884500.000    6.313  659.939
 885000.000    6.265  665.052
 885500.000    6.369  654.132
 886000.000    6.510  640.047
 886500.000    6.532  637.859
 887000.000    6.474  643.522
 887500.000    6.506  640.392
 888000.000    6.503  640.660
 888500.000    6.232  668.588
 889000.000    6.255  666.104
 889500.000    6.428  648.126
 890000.000    6.569  634.215
 890500.000    6.248  666.877
 891000.000    6.464  644.567
 891500.000    6.105  682.473
 892000.000    6.624  628.949
 892500.000    6.254  666.220
 893000.000    6.238  667.902
 893500.000    6.420  648.947
 894000.000    6.345  656.647
 894500.000    6.374  653.626
 895000.000    6.579  633.241
 895500.000    6.525  638.516
 896000.000    6.362  654.843
 896500.000    6.296  661.768
 897000.000    6.059  687.692
 897500.000    6.415  649.490
 898000.000    6.245  667.108
 898500.000    6.456  645.369
 899000.000    6.452  645.752
 899500.000    6.385  652.491
 900000.000    6.317  659.552
 900500.000    6.391  651.946
 901000.000    6.325  658.718
 901500.000    6.305  660.824
 902000.000    6.308  660.536
 902500.000    6.198  672.248
 903000.000    6.302  661.099
 903500.000    6.274  664.052
 904000.000    6.422  648.796
 904500.000    6.366  654.431
 905000.000    6.011  693.156
 905500.000    6.251  666.521
 906000.000    6.412  649.757
 906500.000    6.489  642.078
 907000.000    6.361  654.993
 907500.000    6.224  669.387
 908000.000    6.312  660.114
 908500.000    6.342  656.913
 909000.000    6.292  662.125
 909500.000    6.402  650.801
 910000.000    6.353  655.840
 910500.000    6.232  668.569
 911000.000    6.273  664.158
 911500.000    6.286  662.824
 912000.000    6.193  672.788
 912500.000    6.174  674.860
 913000.000    6.423  648.621
 913500.000    6.489  642.112
 914000.000    6.124  680.367
 914500.000    6.382  652.819
 915000.000    6.215  670.366
 915500.000    6.255  666.131
 916000.000    6.363  654.775
 916500.000    6.350  656.174
 917000.000    6.448  646.138
 917500.000    6.510  640.027
 918000.000    6.216  670.235
 918500.000    6.380  653.062
 919000.000    6.324  658.778
 919500.000    6.293  662.070
 920000.000    6.423  648.709
 920500.000    6.332  658.001
 921000.000    6.220  669.841
 921500.000    6.113  681.549
 922000.000    6.456  645.314
 922500.000    6.528  638.237
 923000.000    6.398  651.190
 923500.000    6.432  647.719
 924000.000    6.329  658.258
 924500.000    6.299  661.480
 925000.000    6.488  642.188
 925500.000    6.217  670.111
 926000.000    6.345  656.614
 926500.000    6.056  687.929
 927000.000    6.253  666.254
 927500.000    6.141  678.432
 928000.000    6.431  647.824
 928500.000    6.290  662.422
 929000.000    6.071  686.234
 929500.000    6.225  669.276
 930000.000    6.348  656.361
 930500.000    6.345  656.672
 931000.000    6.446  646.323
 931500.000    6.096  683.483
 932000.000    6.429  648.033
 932500.000    6.359  655.168
 933000.000    6.506  640.345
 933500.000    6.442  646.790
 934000.000    6.378  653.273
 934500.000    6.488  642.194
 935000.000    6.485  642.475
 935500.000    6.217  670.157
 936000.000    6.102  682.783
 936500.000    6.243  667.412
 937000.000    6.222  669.667
 937500.000    6.231  668.674
 938000.000    6.323  658.924
 938500.000    6.298  661.491
 939000.000    6.182  673.949
 939500.000    6.378  653.201
 940000.000    6.281  663.348
 940500.000    6.360  655.099
 941000.000    6.267  664.865
 941500.000    6.387  652.353
 942000.000    6.235  668.214
 942500.000    6.208  671.176
 943000.000    6.233  668.422
 943500.000    6.357  655.409
 944000.000    6.084  684.764
 944500.000    6.232  668.506
 945000.000    6.076  685.660
 945500.000    6.291  662.265
 946000.000    6.153  677.102
 946500.000    6.317  659.512
 947000.000    6.520  639.055
 947500.000    6.244  667.301
 948000.000    6.339  657.284
 948500.000    6.219  669.899
 949000.000    6.232  668.596
 949500.000    6.373  653.789
 950000.000    6.367  654.328
 950500.000    6.131  679.508
 951000.000    6.153  677.132
 951500.000    6.197  672.372
 952000.000    6.135  679.128
 952500.000    6.573  633.898
 953000.000    6.280  663.422
 953500.000    6.434  647.544
 954000.000    6.328  658.396
 954500.000    6.125  680.173
 955000.000    6.292  662.180
 955500.000    6.213  670.581
 956000.000    6.296  661.772
 956500.000    6.362  654.840
 957000.000    6.297  661.667
 957500.000    6.041  689.703
 958000.000    6.320  659.272
 958500.000    6.420  648.920
 959000.000    6.306  660.674
 959500.000    6.064  687.107
 960000.000    6.237  668.039
 960500.000    6.238  667.913
 961000.000    6.296  661.780
 961500.000    6.256  665.987
 962000.000    6.198  672.184
 962500.000    6.097  683.316
 963000.000    6.292  662.179
 963500.000    6.288  662.584
 964000.000    6.290  662.433
 964500.000    6.247  666.911
 965000.000    6.263  665.189
 965500.000    6.200  671.990
 966000.000    6.347  656.407
 966500.000    5.947  700.598
 967000.000    6.105  682.407
 967500.000    5.985  696.101
 968000.000    6.228  668.955
 968500.000    6.272  664.260
 969000.000    5.966  698.335
 969500.000    6.195  672.540
 970000.000    6.407  650.297
 970500.000    6.129  679.801
 971000.000    6.148  677.728
 971500.000    6.217  670.113
 972000.000    6.220  669.885
 972500.000    5.975  697.271
 973000.000    6.062  687.314
 973500.000    6.083  684.912
 974000.000    5.954  699.750
 974500.000    6.206  671.302
 975000.000    6.122  680.589
 975500.000    6.184  673.759
 976000.000    6.236  668.124
 976500.000    5.970  697.864
 977000.000    6.259  665.715
 977500.000    6.147  677.780
 978000.000    6.076  685.764
 978500.000    6.215  670.419
 979000.000    6.112  681.683
 979500.000    6.020  692.053
 980000.000    6.131  679.567
 980500.000    6.354  655.759
 981000.000    6.283  663.089
 981500.000    6.237  668.064
 982000.000    6.026  691.398
 982500.000    6.265  665.015
 983000.000    6.287  662.651
 983500.000    6.153  677.157
 984000.000    6.558  635.307
 984500.000    6.219  669.996
 985000.000    6.249  666.724
 985500.000    6.183  673.819
 986000.000    6.263  665.270
 986500.000    6.210  670.893
 987000.000    6.460  644.954
 987500.000    6.121  680.640
 988000.000    6.423  648.699
 988500.000    6.137  678.935
 989000.000    6.309  660.440
 989500.000    6.383  652.711
 990000.000    6.404  650.552
 990500.000    6.235  668.200
 991000.000    6.114  681.477
 991500.000    6.122  680.614
 992000.000    6.242  667.512
 992500.000    6.379  653.136
 993000.000    6.314  659.863
 993500.000    6.067  686.738
 994000.000    6.213  670.574
 994500.000    6.535  637.590
 995000.000    6.220  669.866
 995500.000    6.328  658.360
 996000.000    6.237  668.019
 996500.000    6.384  652.640
 997000.000    6.295  661.869
 997500.000    6.195  672.535
 998000.000    6.261  665.407
 998500.000    6.153  677.143
 999000.000    6.201  671.836
 999500.000    6.318  659.475
1000000.000    6.232  668.501
