BFII_nolipid
""
WAVELENGTH	FLUORESCENCE
300.0	70.43062591552734
300.5	75.80160522460938
301.0	82.06875610351562
301.5	88.09519958496094
302.0	96.23355102539062
302.5	105.63906860351562
303.0	114.62753295898438
303.5	125.02759552001953
304.0	135.08209228515625
304.5	146.57398986816406
305.0	159.7272491455078
305.5	169.9618377685547
306.0	184.09414672851562
306.5	195.1257781982422
307.0	210.4578094482422
307.5	222.2362823486328
308.0	238.8383331298828
308.5	254.80062866210938
309.0	269.7530212402344
309.5	286.889892578125
310.0	302.7946472167969
310.5	319.6822509765625
311.0	338.556396484375
311.5	356.59661865234375
312.0	376.8439636230469
312.5	395.6401672363281
313.0	417.1723937988281
313.5	437.2618713378906
314.0	459.6122131347656
314.5	484.739501953125
315.0	503.72674560546875
315.5	529.8781127929688
316.0	549.5352783203125
316.5	576.53369140625
317.0	601.6373291015625
317.5	624.7788696289062
318.0	648.1289672851562
318.5	674.5310668945312
319.0	698.8143920898438
319.5	725.2963256835938
320.0	749.9035034179688
320.5	777.374267578125
321.0	807.827392578125
321.5	831.1287231445312
322.0	861.9971923828125
322.5	885.6429443359375
323.0	917.5615844726562
323.5	947.2000122070312
324.0	974.426513671875
324.5	1002.176025390625
325.0	1032.3551025390625
325.5	1059.79541015625
326.0	1090.2330322265625
326.5	1117.861572265625
327.0	1148.228515625
327.5	1181.91455078125
328.0	1207.6707763671875
328.5	1240.307373046875
329.0	1265.2210693359375
329.5	1297.473388671875
330.0	1324.9012451171875
330.5	1354.450927734375
331.0	1380.7703857421875
331.5	1409.6058349609375
332.0	1435.716064453125
332.5	1463.5450439453125
333.0	1493.999755859375
333.5	1516.66845703125
334.0	1546.3743896484375
334.5	1570.2703857421875
335.0	1596.7611083984375
335.5	1619.9366455078125
336.0	1645.46044921875
336.5	1667.716796875
337.0	1691.7890625
337.5	1717.486328125
338.0	1736.620361328125
338.5	1760.911865234375
339.0	1780.5518798828125
339.5	1801.0123291015625
340.0	1819.6246337890625
340.5	1839.77099609375
341.0	1857.0726318359375
341.5	1875.8331298828125
342.0	1894.493896484375
342.5	1907.75
343.0	1925.8201904296875
343.5	1940.564208984375
344.0	1956.1812744140625
344.5	1969.471923828125
345.0	1983.306396484375
345.5	1994.5882568359375
346.0	2006.260498046875
346.5	2018.6048583984375
347.0	2028.509033203125
347.5	2038.687744140625
348.0	2046.817626953125
348.5	2055.587158203125
349.0	2063.197998046875
349.5	2071.209716796875
350.0	2079.004150390625
350.5	2084.646728515625
351.0	2090.76220703125
351.5	2094.254638671875
352.0	2097.609130859375
352.5	2101.40625
353.0	2104.268798828125
353.5	2105.8984375
354.0	2107.424072265625
354.5	2109.339111328125
355.0	2110.21875
355.5	2110.39892578125
356.0	2109.520751953125
356.5	2108.6201171875
357.0	2108.077880859375
357.5	2106.984619140625
358.0	2104.628662109375
358.5	2101.35791015625
359.0	2098.345458984375
359.5	2093.624267578125
360.0	2089.391357421875
360.5	2084.6669921875
361.0	2079.628662109375
361.5	2072.747314453125
362.0	2065.755615234375
362.5	2059.369140625
363.0	2051.42041015625
363.5	2044.7115478515625
364.0	2036.043701171875
364.5	2028.7158203125
365.0	2018.469970703125
365.5	2008.8126220703125
366.0	1999.521240234375
366.5	1988.658447265625
367.0	1978.6148681640625
367.5	1965.255615234375
368.0	1953.2818603515625
368.5	1941.8253173828125
369.0	1928.9202880859375
369.5	1917.5474853515625
370.0	1904.387451171875
370.5	1891.0162353515625
371.0	1875.1068115234375
371.5	1860.3502197265625
372.0	1847.0411376953125
372.5	1830.9769287109375
373.0	1816.1334228515625
373.5	1798.32421875
374.0	1782.0399169921875
374.5	1767.0247802734375
375.0	1749.578125
375.5	1733.128173828125
376.0	1714.3182373046875
376.5	1696.3812255859375
377.0	1679.678466796875
377.5	1661.4638671875
378.0	1644.8837890625
378.5	1624.1055908203125
379.0	1605.4466552734375
379.5	1588.15234375
380.0	1568.9224853515625
380.5	1551.63330078125
381.0	1530.9373779296875
381.5	1511.5738525390625
382.0	1494.0743408203125
382.5	1474.416015625
383.0	1456.35986328125
383.5	1435.3204345703125
384.0	1415.937744140625
384.5	1398.4830322265625
385.0	1378.924560546875
385.5	1361.3126220703125
386.0	1340.1826171875
386.5	1320.65869140625
387.0	1302.960205078125
387.5	1283.5029296875
388.0	1266.5174560546875
388.5	1246.0191650390625
389.0	1227.198974609375
389.5	1209.90625
390.0	1189.1915283203125
390.5	1173.4041748046875
391.0	1153.5902099609375
391.5	1134.783447265625
392.0	1117.5595703125
392.5	1096.85791015625
393.0	1082.386474609375
393.5	1062.065673828125
394.0	1043.94384765625
394.5	1028.07470703125
395.0	1008.4329223632812
395.5	991.334716796875
396.0	975.9100341796875
396.5	957.5250244140625
397.0	943.77783203125
397.5	925.1820068359375
398.0	908.7952270507812
398.5	893.8154296875
399.0	876.15576171875
399.5	860.2490844726562
400.0	845.8997192382812
400.5	831.639892578125
401.0	816.2868041992188
401.5	799.9937744140625
402.0	784.6722412109375
402.5	771.2076416015625
403.0	754.7761840820312
403.5	740.5040893554688
404.0	727.7342529296875
404.5	715.069091796875
405.0	701.3079223632812
405.5	685.6177978515625
406.0	673.2903442382812
406.5	659.6865844726562
407.0	644.7837524414062
407.5	632.0431518554688
408.0	620.4722290039062
408.5	607.0965576171875
409.0	597.2841186523438
409.5	584.385498046875
410.0	573.651123046875
410.5	562.0616455078125
411.0	550.0156860351562
411.5	540.2653198242188
412.0	529.1318359375
412.5	517.385498046875
413.0	507.00469970703125
413.5	497.69091796875
414.0	486.09600830078125
414.5	477.4517517089844
415.0	466.8424987792969
415.5	458.1491394042969
416.0	448.6875305175781
416.5	438.7921447753906
417.0	430.3646545410156
417.5	421.4105529785156
418.0	412.08837890625
418.5	404.0804748535156
419.0	395.23583984375
419.5	386.267578125
420.0	377.7337341308594
420.5	370.35736083984375
421.0	361.73822021484375
421.5	355.2556457519531
422.0	346.9178466796875
422.5	338.7399597167969
423.0	332.9981994628906
423.5	324.9827880859375
424.0	318.743896484375
424.5	311.86456298828125
425.0	304.4906311035156
425.5	298.4714660644531
426.0	291.8227233886719
426.5	284.91314697265625
427.0	279.18060302734375
427.5	273.0268859863281
428.0	266.3285827636719
428.5	260.9554443359375
429.0	254.96847534179688
429.5	248.71438598632812
430.0	243.9241485595703
430.5	238.55960083007812
431.0	232.8964080810547
431.5	228.45774841308594
432.0	223.55247497558594
432.5	218.17617797851562
433.0	213.61375427246094
433.5	208.8098907470703
434.0	203.5724639892578
434.5	199.5134735107422
435.0	194.7757568359375
435.5	189.90025329589844
436.0	185.98721313476562
436.5	181.78224182128906
437.0	177.3105010986328
437.5	173.75009155273438
438.0	170.02188110351562
438.5	165.88743591308594
439.0	162.5244140625
439.5	158.83358764648438
440.0	155.0418243408203
440.5	151.86082458496094
441.0	148.45724487304688
441.5	144.7552032470703
442.0	141.81863403320312
442.5	138.61407470703125
443.0	135.29246520996094
443.5	132.5211639404297
444.0	129.31312561035156
444.5	126.48757934570312
445.0	123.41586303710938
445.5	120.85369873046875
446.0	118.00250244140625
446.5	115.13289642333984
447.0	112.78374481201172
447.5	110.22053527832031
448.0	107.4667739868164
448.5	105.0600814819336
449.0	102.60508728027344
449.5	100.12969970703125
450.0	98.01089477539062
