36.942 45.925 -92.4745
36.903 50.129 -104.044
32.145 41.13 -83.35
25.246 32.705 -69.203
31.342 43.998 -80.014
26.352 37.272 -74.597
25.585 37.405 -73.981
35.067 45.627 -93.067
30.841 40.661 -77.853
40.103 54.662 -103.869
31.005 41.919 -84.7765
35.79 47.912 -95.6265
37.054 47.188 -93.566
35.761 49.166 -91.513
38.523 50.059 -107.337
38.87 50.709 -96.137
38.388 51.519 -94.391
43.84 58.633 -114.56
41.195 55.266 -103.713
41.738 52.654 -106.576
45.146 54.521 -108.982
41.101 56.381 -112.989
37.23 53.204 -92.979
41.585 56.647 -105.3695
41.643 56.542 -108.988
38.707 49.513 -104.364
46.15 54.869 -113.3325
47.055 63.12 -117.992
48.75 62.097 -129.0885
48.326 60.255 -124.971
48.408 63.567 -115.65
40.631 50.881 -97.429
28.13 40.174 -72.845
29.405 37.921 -69.7745
29.395 37.378 -66.885
22.428 28.871 -63.5745
19.742 33.936 -58.745
29.677 43.137 -80.774
24.965 34.475 -72.4365
20.539 31.865 -56.011
22.093 30.663 -64.761
14.622 25.198 -41.381
17.027 23.487 -49.354
20.075 25.783 -51.8415
21.631 31.095 -63.2285
18.814 31.495 -59.005
22.301 30.181 -67.0325
25.263 36.327 -72.31
25.029 34.994 -75.425
25.507 31.411 -67.17
22.985 30.871 -66.201
17.514 22.061 -47.582
18.833 28.512 -58.955
20.811 28.709 -62.693
20.091 27.496 -54.475
20.534 33.415 -67.681
22.519 35.645 -65.052
21.498 33.363 -61.979
15.64 28.131 -49.556
15.493 22.019 -48.0805
27.937 36.119 -77.053
19.238 27.656 -58.835
23.856 28.383 -60.692
19.146 25.245 -56.034
19.33 28.66 -64.518
28.566 41.581 -85.0005
25.669 33.218 -75.216
20.704 27.474 -63.957
26.145 33.652 -63.29
26.362 31.546 -69.1725
27.33 37.413 -70.735
22.566 28.33 -59.702
19.987 27.282 -53.999
31.961 42.157 -85.8955
25.977 35.223 -69.129
25.856 32.086 -67.3125
24.339 30.601 -65.708
25.232 30.361 -68.924
23.383 30.116 -68.4835
21.346 30.433 -54.768
24.519 35.846 -66.962
23.094 30.423 -66.779
27.214 38.573 -78.299
24.589 32.366 -62.27
27.476 34.223 -67.653
27.324 34.028 -66.6735
32.169 40.68 -77.12
33.019 40.29 -80.4425
31.701 39.769 -79.55
39.157 43.998 -96.2615
37.929 43.385 -90.3635
40.156 45.081 -90.8005
30.822 36.365 -73.2015
29.562 34.586 -66.9535
27.517 36.631 -74.6175
31.332 35.144 -83.5975
30.778 43.991 -86.25
31.994 37.44 -83.558
36.377 41.012 -91.1205
27.475 36.393 -78.132
26.056 32.433 -72.115
