      22    2.151    0.109
      23    2.078    0.245
      24    0.866    0.335
      25    0.835    0.173
      26    1.835    0.496
      27    0.859    0.142
      28    0.675    0.141
      29    1.359    0.313
      30    1.015    0.377
      31    1.642    0.256
      32    0.743    0.214
      33    1.184    0.425
      34    0.173    0.104
      35    1.342    0.167
      36    0.868    0.127
      37    0.683    0.190
      38    1.635    0.217
      39    1.210    0.192
      40    1.462    0.132
      41    1.982    0.160
      42    2.361    0.170
