BFII_lipid
""
WAVELENGTH	FLUORESCENCE
300.0	100.74517059326172
300.5	107.34600067138672
301.0	114.82222747802734
301.5	122.13268280029297
302.0	132.5216064453125
302.5	144.40081787109375
303.0	155.71844482421875
303.5	168.80519104003906
304.0	181.297119140625
304.5	195.6284942626953
305.0	212.03738403320312
305.5	225.2574920654297
306.0	243.2005615234375
306.5	257.24896240234375
307.0	276.6962585449219
307.5	291.8400573730469
308.0	312.7156066894531
308.5	332.4009704589844
309.0	351.1386413574219
309.5	372.5601806640625
310.0	392.6506652832031
310.5	413.86083984375
311.0	437.6529846191406
311.5	459.7362365722656
312.0	484.86859130859375
312.5	508.7262878417969
313.0	535.1954956054688
313.5	559.5941772460938
314.0	587.1260375976562
314.5	618.0191650390625
315.0	641.2395629882812
315.5	673.2473754882812
316.0	697.3516235351562
316.5	729.8804931640625
317.0	760.6431274414062
317.5	789.0203247070312
318.0	817.489990234375
318.5	849.4224243164062
319.0	879.1575317382812
319.5	912.1143798828125
320.0	941.4495239257812
320.5	975.0526733398438
321.0	1011.9736328125
321.5	1039.5975341796875
322.0	1077.5184326171875
322.5	1106.627197265625
323.0	1144.4764404296875
323.5	1179.5355224609375
324.0	1211.886474609375
324.5	1244.413818359375
325.0	1279.90576171875
325.5	1312.6207275390625
326.0	1348.4405517578125
326.5	1381.4947509765625
327.0	1416.946533203125
327.5	1456.016357421875
328.0	1485.1707763671875
328.5	1523.037109375
329.0	1551.5782470703125
329.5	1589.3739013671875
330.0	1620.5982666015625
330.5	1653.591796875
331.0	1684.535400390625
331.5	1718.166259765625
332.0	1747.829345703125
332.5	1779.912353515625
333.0	1815.2603759765625
333.5	1841.1279296875
334.0	1874.703857421875
334.5	1902.733154296875
335.0	1932.31787109375
335.5	1958.63232421875
336.0	1987.1729736328125
336.5	2012.4188232421875
337.0	2039.30908203125
337.5	2068.674560546875
338.0	2089.988525390625
338.5	2117.2421875
339.0	2139.020263671875
339.5	2163.30419921875
340.0	2184.3095703125
340.5	2206.31005859375
341.0	2225.664794921875
341.5	2246.10888671875
342.0	2267.49267578125
342.5	2282.197998046875
343.0	2301.69189453125
343.5	2316.785400390625
344.0	2333.0244140625
344.5	2347.523193359375
345.0	2363.286376953125
345.5	2375.76904296875
346.0	2388.994140625
346.5	2403.15771484375
347.0	2413.20654296875
347.5	2423.3505859375
348.0	2432.223388671875
348.5	2441.783447265625
349.0	2449.22216796875
349.5	2456.44140625
350.0	2465.093994140625
350.5	2470.391845703125
351.0	2475.67333984375
351.5	2479.353759765625
352.0	2483.37109375
352.5	2485.495849609375
353.0	2487.6787109375
353.5	2489.3486328125
354.0	2490.327392578125
354.5	2491.04638671875
355.0	2490.605712890625
355.5	2489.613525390625
356.0	2489.01904296875
356.5	2487.033203125
357.0	2484.62890625
357.5	2481.68505859375
358.0	2476.5263671875
358.5	2471.589111328125
359.0	2466.619384765625
359.5	2460.629638671875
360.0	2454.256591796875
360.5	2448.3779296875
361.0	2442.0546875
361.5	2433.71142578125
362.0	2425.2353515625
362.5	2416.316162109375
363.0	2406.26220703125
363.5	2397.721923828125
364.0	2386.760009765625
364.5	2375.851318359375
365.0	2363.89892578125
365.5	2352.013671875
366.0	2339.921142578125
366.5	2327.26171875
367.0	2314.60595703125
367.5	2298.822265625
368.0	2283.53369140625
368.5	2270.034423828125
369.0	2253.90966796875
369.5	2238.98291015625
370.0	2222.709716796875
370.5	2207.982666015625
371.0	2188.7509765625
371.5	2170.799072265625
372.0	2154.446044921875
372.5	2135.150390625
373.0	2117.0595703125
373.5	2093.895751953125
374.0	2073.4599609375
374.5	2054.567138671875
375.0	2034.239013671875
375.5	2015.621826171875
376.0	1993.003173828125
376.5	1971.598388671875
377.0	1953.336669921875
377.5	1931.787353515625
378.0	1911.843994140625
378.5	1887.3804931640625
379.0	1864.63818359375
379.5	1844.1192626953125
380.0	1821.424072265625
380.5	1800.7388916015625
381.0	1775.5516357421875
381.5	1752.568115234375
382.0	1731.65576171875
382.5	1709.3150634765625
383.0	1688.283447265625
383.5	1663.47119140625
384.0	1640.3360595703125
384.5	1619.117431640625
385.0	1595.9913330078125
385.5	1575.656494140625
386.0	1549.7362060546875
386.5	1527.171142578125
387.0	1506.6083984375
387.5	1483.7799072265625
388.0	1462.722412109375
388.5	1438.4305419921875
389.0	1416.328857421875
389.5	1396.3701171875
390.0	1371.9942626953125
390.5	1354.15185546875
391.0	1331.7113037109375
391.5	1310.3282470703125
392.0	1291.1558837890625
392.5	1267.3582763671875
393.0	1250.0213623046875
393.5	1226.4537353515625
394.0	1204.9736328125
394.5	1185.689208984375
395.0	1163.0980224609375
395.5	1142.97900390625
396.0	1124.5594482421875
396.5	1102.80712890625
397.0	1086.687744140625
397.5	1065.4295654296875
398.0	1046.36962890625
398.5	1029.633544921875
399.0	1008.9889526367188
399.5	990.55908203125
400.0	973.8121948242188
400.5	956.9789428710938
401.0	938.4677734375
401.5	919.3513793945312
402.0	902.0028686523438
402.5	886.6542358398438
403.0	868.1060180664062
403.5	850.8844604492188
404.0	835.8101196289062
404.5	821.2674560546875
405.0	805.7681274414062
405.5	788.9713745117188
406.0	774.6489868164062
406.5	759.185302734375
407.0	742.6229248046875
407.5	727.966064453125
408.0	714.7260131835938
408.5	699.346435546875
409.0	687.573974609375
409.5	672.0508422851562
410.0	660.0242919921875
410.5	646.6669921875
411.0	632.4005126953125
411.5	620.632568359375
412.0	607.8492431640625
412.5	594.540771484375
413.0	582.4027709960938
413.5	571.4071655273438
414.0	558.3983764648438
414.5	549.0408325195312
415.0	537.0177001953125
415.5	527.0934448242188
416.0	515.8165893554688
416.5	504.11993408203125
417.0	494.18365478515625
417.5	483.53253173828125
418.0	472.46826171875
418.5	463.6453857421875
419.0	453.8113708496094
419.5	443.6484680175781
420.0	433.9820861816406
420.5	425.5835266113281
421.0	415.7663879394531
421.5	408.5494689941406
422.0	399.27569580078125
422.5	389.5847473144531
423.0	382.6437683105469
423.5	373.5445251464844
424.0	366.07830810546875
424.5	357.9400939941406
425.0	349.04345703125
425.5	341.9670715332031
426.0	334.5805969238281
426.5	326.6459045410156
427.0	320.15631103515625
427.5	313.0641174316406
428.0	305.454345703125
428.5	299.18133544921875
429.0	292.6685485839844
429.5	285.7993469238281
430.0	279.7231750488281
430.5	273.3749084472656
431.0	266.70416259765625
431.5	261.43896484375
432.0	255.59474182128906
432.5	249.0106964111328
433.0	244.02853393554688
433.5	238.5025634765625
434.0	232.51348876953125
434.5	227.83782958984375
435.0	222.7630157470703
435.5	217.36038208007812
436.0	212.9541015625
436.5	208.30490112304688
437.0	202.9775390625
437.5	198.67359924316406
438.0	194.0789794921875
438.5	189.5792694091797
439.0	185.6517333984375
439.5	181.3899383544922
440.0	176.84088134765625
440.5	173.17835998535156
441.0	169.30270385742188
441.5	165.19656372070312
442.0	161.95538330078125
442.5	158.44241333007812
443.0	154.7606658935547
443.5	151.4501953125
444.0	147.731201171875
444.5	144.32235717773438
445.0	140.6645965576172
445.5	137.79153442382812
446.0	134.82470703125
446.5	131.37884521484375
447.0	128.54537963867188
447.5	125.70787811279297
448.0	122.69770812988281
448.5	120.2215576171875
449.0	117.44242095947266
449.5	114.49146270751953
450.0	112.00223541259766
