      22    2.110    0.147
      23    2.238    0.295
      24    0.755    0.171
      25    1.053    0.183
      26    1.756    0.143
      27    0.540    0.197
      28    0.476    0.115
      29    1.337    0.128
      30    0.931    0.108
      31    1.755    0.239
      32    0.760    0.110
      33    0.916    0.105
      34    0.303    0.071
      35    1.367    0.234
      36    0.918    0.102
      37    0.863    0.101
      38    1.631    0.260
      39    1.387    0.225
      40    1.148    0.178
      41    1.568    0.175
      42    2.626    0.271
