TRP_nolipid
""
WAVELENGTH	FLUORESCENCE
300.0	104.54254150390625
300.5	112.1721420288086
301.0	120.75152587890625
301.5	128.91749572753906
302.0	140.82614135742188
302.5	154.50779724121094
303.0	167.7506103515625
303.5	183.025390625
304.0	197.59033203125
304.5	214.08657836914062
305.0	232.98268127441406
305.5	247.9592742919922
306.0	269.22381591796875
306.5	285.91778564453125
307.0	308.3570861816406
307.5	326.13885498046875
308.0	350.5408020019531
308.5	374.2068786621094
309.0	396.4552307128906
309.5	421.6127624511719
310.0	445.52716064453125
310.5	470.0259704589844
311.0	498.51226806640625
311.5	524.9796142578125
312.0	554.7496948242188
312.5	582.6474609375
313.0	613.804443359375
313.5	643.0653076171875
314.0	676.1583862304688
314.5	713.1676025390625
315.0	741.1163940429688
315.5	779.4229125976562
316.0	809.077392578125
316.5	848.6031494140625
317.0	885.5400390625
317.5	919.3824462890625
318.0	953.821044921875
318.5	992.8071899414062
319.0	1028.3865966796875
319.5	1067.8929443359375
320.0	1103.824951171875
320.5	1143.8480224609375
321.0	1188.2933349609375
321.5	1221.5274658203125
322.0	1266.4183349609375
322.5	1301.1380615234375
323.0	1348.1387939453125
323.5	1391.2252197265625
324.0	1430.2030029296875
324.5	1469.8076171875
325.0	1514.252685546875
325.5	1554.3863525390625
326.0	1599.02001953125
326.5	1639.018798828125
327.0	1682.9241943359375
327.5	1731.8870849609375
328.0	1767.599853515625
328.5	1815.7080078125
329.0	1851.531494140625
329.5	1898.91748046875
330.0	1938.1802978515625
330.5	1981.3692626953125
331.0	2020.433349609375
331.5	2062.71240234375
332.0	2100.309326171875
332.5	2141.557861328125
333.0	2186.10498046875
333.5	2219.30908203125
334.0	2262.313720703125
334.5	2297.729248046875
335.0	2336.348388671875
335.5	2370.42626953125
336.0	2407.80029296875
336.5	2440.547119140625
337.0	2476.28955078125
337.5	2514.269287109375
338.0	2543.233642578125
338.5	2579.517333984375
339.0	2609.331298828125
339.5	2641.216064453125
340.0	2669.485107421875
340.5	2699.33984375
341.0	2725.5966796875
341.5	2753.56640625
342.0	2783.0224609375
342.5	2803.5439453125
343.0	2830.74658203125
343.5	2852.162841796875
344.0	2873.975830078125
344.5	2894.533203125
345.0	2916.1630859375
345.5	2934.439697265625
346.0	2953.84765625
346.5	2973.689697265625
347.0	2988.78564453125
347.5	3005.864501953125
348.0	3019.49951171875
348.5	3033.94189453125
349.0	3046.663330078125
349.5	3059.59716796875
350.0	3072.803466796875
350.5	3082.44189453125
351.0	3092.3671875
351.5	3100.433837890625
352.0	3108.94580078125
352.5	3115.939453125
353.0	3122.746337890625
353.5	3127.873291015625
354.0	3133.113037109375
354.5	3137.63525390625
355.0	3140.84716796875
355.5	3143.762451171875
356.0	3144.578125
356.5	3146.240234375
357.0	3146.06201171875
357.5	3145.6279296875
358.0	3144.01904296875
358.5	3141.414794921875
359.0	3138.3798828125
359.5	3134.52490234375
360.0	3130.375732421875
360.5	3125.207763671875
361.0	3119.684814453125
361.5	3113.11083984375
362.0	3105.58447265625
362.5	3097.8701171875
363.0	3089.626220703125
363.5	3080.800537109375
364.0	3071.387451171875
364.5	3062.323486328125
365.0	3049.526611328125
365.5	3036.801513671875
366.0	3025.15283203125
366.5	3011.1416015625
367.0	2997.62939453125
367.5	2980.64453125
368.0	2964.93017578125
368.5	2950.3935546875
369.0	2933.89013671875
369.5	2917.70751953125
370.0	2898.920654296875
370.5	2881.2236328125
371.0	2859.159912109375
371.5	2838.804931640625
372.0	2820.324951171875
372.5	2798.276611328125
373.0	2778.0166015625
373.5	2752.974853515625
374.0	2729.583984375
374.5	2707.890869140625
375.0	2684.5703125
375.5	2662.940673828125
376.0	2636.2744140625
376.5	2611.81494140625
377.0	2589.056640625
377.5	2562.528076171875
378.0	2538.6162109375
378.5	2509.86669921875
379.0	2483.048828125
379.5	2458.4892578125
380.0	2431.97314453125
380.5	2406.77587890625
381.0	2375.6630859375
381.5	2347.9892578125
382.0	2322.0
382.5	2293.56298828125
383.0	2267.803466796875
383.5	2236.83935546875
384.0	2208.21142578125
384.5	2181.35888671875
385.0	2152.814697265625
385.5	2127.57666015625
386.0	2097.021240234375
386.5	2067.774658203125
387.0	2041.5504150390625
387.5	2013.1707763671875
388.0	1987.8323974609375
388.5	1956.845703125
389.0	1928.06884765625
389.5	1902.4501953125
390.0	1871.7012939453125
390.5	1848.640625
391.0	1819.347900390625
391.5	1792.1583251953125
392.0	1766.802001953125
392.5	1737.170166015625
393.0	1714.6619873046875
393.5	1684.0277099609375
394.0	1657.0670166015625
394.5	1632.503662109375
395.0	1603.677001953125
395.5	1578.56591796875
396.0	1555.546875
396.5	1527.01611328125
397.0	1506.362548828125
397.5	1478.66650390625
398.0	1454.18310546875
398.5	1431.34375
399.0	1404.943603515625
399.5	1380.467041015625
400.0	1358.6007080078125
400.5	1337.0511474609375
401.0	1313.917724609375
401.5	1288.9183349609375
402.0	1266.2847900390625
402.5	1246.0927734375
403.0	1221.6634521484375
403.5	1198.8848876953125
404.0	1178.9071044921875
404.5	1159.2735595703125
405.0	1138.0792236328125
405.5	1115.1507568359375
406.0	1096.264404296875
406.5	1076.2357177734375
407.0	1054.6072998046875
407.5	1034.7364501953125
408.0	1017.202392578125
408.5	995.469482421875
409.0	979.65283203125
409.5	959.4861450195312
410.0	942.2968139648438
410.5	924.353759765625
411.0	905.1387939453125
411.5	889.3207397460938
412.0	872.1908569335938
412.5	853.9434814453125
413.0	836.8908081054688
413.5	821.958740234375
414.0	803.85791015625
414.5	791.197265625
415.0	773.8687744140625
415.5	759.50048828125
416.0	744.3529663085938
416.5	728.3029174804688
417.0	714.9092407226562
417.5	700.8682250976562
418.0	685.537841796875
418.5	672.8146362304688
419.0	659.0235595703125
419.5	644.2484130859375
420.0	631.2501831054688
420.5	619.4589233398438
421.0	606.148193359375
421.5	595.4717407226562
422.0	581.7913208007812
422.5	568.6904296875
423.0	559.0853271484375
423.5	546.5772094726562
424.0	536.2100830078125
424.5	525.1994018554688
425.0	513.5040893554688
425.5	503.4806823730469
426.0	492.66845703125
426.5	481.5686950683594
427.0	472.2393493652344
427.5	462.2236022949219
428.0	451.2813720703125
428.5	442.4346618652344
429.0	432.8963623046875
429.5	422.6231689453125
430.0	414.2122497558594
430.5	405.2533874511719
431.0	395.6800842285156
431.5	388.11798095703125
432.0	379.5083312988281
432.5	370.4648742675781
433.0	363.2474060058594
433.5	355.2596130371094
434.0	346.962158203125
434.5	339.9302978515625
435.0	332.2266845703125
435.5	324.18194580078125
436.0	317.56695556640625
436.5	310.730712890625
437.0	303.45184326171875
437.5	297.12811279296875
438.0	290.65155029296875
438.5	283.3140563964844
439.0	277.6973876953125
439.5	271.61822509765625
440.0	265.14068603515625
440.5	259.66668701171875
441.0	253.9518585205078
441.5	247.69944763183594
442.0	242.541015625
442.5	236.57693481445312
443.0	230.72998046875
443.5	226.016845703125
444.0	220.58631896972656
444.5	215.39112854003906
445.0	210.20272827148438
445.5	205.77699279785156
446.0	201.10667419433594
446.5	196.24041748046875
447.0	192.21873474121094
447.5	188.00802612304688
448.0	183.02764892578125
448.5	179.1204833984375
449.0	174.97235107421875
449.5	170.48446655273438
450.0	167.0657501220703
