       1    2.428    0.189
       2    2.034    0.190
       3    1.071    0.082
       4    0.774    0.108
       5    1.416    0.191
       6    1.441    0.199
       7    0.458    0.070
       8    1.964    0.200
       9    0.718    0.224
      10    1.437    0.200
      11    0.729    0.151
      12    0.890    0.179
      13    0.126    0.080
      14    1.348    0.204
      15    1.014    0.184
      16    1.472    0.151
      17    1.688    0.220
      18    1.340    0.195
      19    1.601    0.253
      20    2.360    0.231
      21    2.761    0.194
