TRP_lipid
""
WAVELENGTH	FLUORESCENCE
300.0	152.5037841796875
300.5	158.7786102294922
301.0	165.8317413330078
301.5	172.45875549316406
302.0	182.26747131347656
302.5	193.59568786621094
303.0	204.1790771484375
303.5	216.00344848632812
304.0	227.4916229248047
304.5	240.67787170410156
305.0	256.0583801269531
305.5	267.64874267578125
306.0	284.021728515625
306.5	297.0177307128906
307.0	315.0083312988281
307.5	329.02020263671875
308.0	348.2440490722656
308.5	366.19232177734375
309.0	382.6734924316406
309.5	401.2287902832031
310.0	418.3631896972656
310.5	435.9249267578125
311.0	455.16973876953125
311.5	474.00885009765625
312.0	495.37310791015625
312.5	515.646484375
313.0	538.5895385742188
313.5	560.0243530273438
314.0	584.2467651367188
314.5	611.1857299804688
315.0	631.4301147460938
315.5	659.4544067382812
316.0	680.6650390625
316.5	709.7601928710938
317.0	737.0221557617188
317.5	761.63671875
318.0	786.8855590820312
318.5	815.733154296875
319.0	842.2874145507812
319.5	872.2139892578125
320.0	899.4966430664062
320.5	930.5225219726562
321.0	964.112548828125
321.5	990.7078857421875
322.0	1025.7958984375
322.5	1052.6256103515625
323.0	1088.2330322265625
323.5	1121.6380615234375
324.0	1151.9075927734375
324.5	1183.0467529296875
325.0	1217.5506591796875
325.5	1248.5667724609375
326.0	1282.656982421875
326.5	1314.2095947265625
327.0	1349.1439208984375
327.5	1386.8214111328125
328.0	1415.1036376953125
328.5	1453.0400390625
329.0	1481.0771484375
329.5	1516.9168701171875
330.0	1547.513916015625
330.5	1581.1055908203125
331.0	1611.21630859375
331.5	1644.5198974609375
332.0	1674.2528076171875
332.5	1706.8106689453125
333.0	1741.5120849609375
333.5	1767.7496337890625
334.0	1801.828857421875
334.5	1828.917724609375
335.0	1858.0830078125
335.5	1885.2017822265625
336.0	1914.68701171875
336.5	1940.0313720703125
337.0	1968.3875732421875
337.5	1997.545654296875
338.0	2018.9246826171875
338.5	2047.0235595703125
339.0	2070.386962890625
339.5	2094.765380859375
340.0	2116.775146484375
340.5	2140.151611328125
341.0	2160.409912109375
341.5	2182.453369140625
342.0	2206.847900390625
342.5	2223.109619140625
343.0	2244.707763671875
343.5	2261.9873046875
344.0	2280.79150390625
344.5	2297.150146484375
345.0	2314.157470703125
345.5	2329.537353515625
346.0	2345.166748046875
346.5	2361.36962890625
347.0	2375.4453125
347.5	2388.623779296875
348.0	2399.797119140625
348.5	2411.128662109375
349.0	2421.43115234375
349.5	2430.93359375
350.0	2441.1396484375
350.5	2448.939453125
351.0	2457.088134765625
351.5	2463.274169921875
352.0	2469.491943359375
352.5	2475.8974609375
353.0	2481.878662109375
353.5	2486.44287109375
354.0	2491.146728515625
354.5	2495.073974609375
355.0	2497.420654296875
355.5	2499.896484375
356.0	2501.1796875
356.5	2502.641845703125
357.0	2503.3076171875
357.5	2503.215087890625
358.0	2501.94091796875
358.5	2500.913330078125
359.0	2499.781005859375
359.5	2497.69873046875
360.0	2494.295654296875
360.5	2490.626953125
361.0	2486.55078125
361.5	2481.0400390625
362.0	2475.047119140625
362.5	2468.634765625
363.0	2461.472900390625
363.5	2454.420654296875
364.0	2445.875244140625
364.5	2437.352783203125
365.0	2427.162109375
365.5	2417.589111328125
366.0	2408.996337890625
366.5	2398.03271484375
367.0	2387.65625
367.5	2374.948486328125
368.0	2362.290283203125
368.5	2350.637939453125
369.0	2336.91455078125
369.5	2324.124755859375
370.0	2309.72021484375
370.5	2295.158447265625
371.0	2277.93408203125
371.5	2261.789794921875
372.0	2246.541015625
372.5	2229.71337890625
373.0	2213.859130859375
373.5	2194.57861328125
374.0	2177.13916015625
374.5	2160.1142578125
375.0	2140.977783203125
375.5	2123.46240234375
376.0	2101.356201171875
376.5	2081.345703125
377.0	2062.118408203125
377.5	2041.1136474609375
378.0	2021.97119140625
378.5	1998.2130126953125
379.0	1977.000732421875
379.5	1957.6444091796875
380.0	1935.7239990234375
380.5	1915.945068359375
381.0	1891.8026123046875
381.5	1870.14404296875
382.0	1849.9110107421875
382.5	1827.5732421875
383.0	1807.30419921875
383.5	1782.770263671875
384.0	1759.9715576171875
384.5	1739.943359375
385.0	1717.3970947265625
385.5	1697.6708984375
386.0	1672.7330322265625
386.5	1650.3514404296875
387.0	1629.628662109375
387.5	1607.36962890625
388.0	1587.1805419921875
388.5	1563.5198974609375
389.0	1541.1849365234375
389.5	1520.953857421875
390.0	1497.08056640625
390.5	1478.3011474609375
391.0	1454.40283203125
391.5	1432.474609375
392.0	1412.866943359375
392.5	1389.0469970703125
393.0	1371.2373046875
393.5	1348.0899658203125
394.0	1327.357421875
394.5	1308.2982177734375
395.0	1285.4185791015625
395.5	1265.0565185546875
396.0	1246.74072265625
396.5	1224.89306640625
397.0	1208.9639892578125
397.5	1187.01171875
398.0	1167.1278076171875
398.5	1149.608154296875
399.0	1128.4010009765625
399.5	1109.4036865234375
400.0	1092.312744140625
400.5	1075.2437744140625
401.0	1056.66064453125
401.5	1037.1629638671875
402.0	1019.0338134765625
402.5	1002.53173828125
403.0	982.8106079101562
403.5	965.05615234375
404.0	949.435791015625
404.5	934.6433715820312
405.0	917.9259643554688
405.5	899.83056640625
406.0	884.7102661132812
406.5	868.2681884765625
407.0	850.3953857421875
407.5	834.2919921875
408.0	819.8534545898438
408.5	803.3590698242188
409.0	791.2230224609375
409.5	775.0791625976562
410.0	761.9697265625
410.5	747.5775756835938
411.0	732.0477905273438
411.5	719.3255004882812
412.0	705.563232421875
412.5	690.89599609375
413.0	677.7941284179688
413.5	665.5029296875
414.0	651.6519165039062
414.5	640.82470703125
415.0	627.0533447265625
415.5	616.271728515625
416.0	604.4227905273438
416.5	591.430908203125
417.0	580.7753295898438
417.5	569.8056030273438
418.0	557.0408935546875
418.5	546.9315185546875
419.0	536.0877075195312
419.5	523.9667358398438
420.0	513.6447143554688
420.5	504.3245544433594
421.0	493.4299011230469
421.5	484.8993225097656
422.0	474.19012451171875
422.5	463.2854309082031
423.0	455.3965148925781
423.5	445.96966552734375
424.0	437.80523681640625
424.5	429.1294250488281
425.0	419.61370849609375
425.5	412.0047912597656
426.0	403.4670715332031
426.5	394.1976013183594
427.0	386.6614074707031
427.5	378.5832824707031
428.0	369.64813232421875
428.5	362.9020080566406
429.0	355.8378601074219
429.5	348.02618408203125
430.0	341.65966796875
430.5	334.26953125
431.0	326.6885070800781
431.5	320.58319091796875
432.0	313.9451599121094
432.5	306.8341369628906
433.0	300.98114013671875
433.5	294.7183837890625
434.0	288.1265563964844
434.5	282.7398681640625
435.0	276.5918884277344
435.5	270.5038757324219
436.0	265.5482177734375
436.5	260.0519104003906
437.0	254.29298400878906
437.5	249.60447692871094
438.0	244.3233642578125
438.5	239.0878143310547
439.0	234.66384887695312
439.5	229.77719116210938
440.0	224.53164672851562
440.5	220.31549072265625
441.0	215.58834838867188
441.5	210.82029724121094
442.0	206.8522491455078
442.5	202.42605590820312
443.0	197.9087677001953
443.5	194.2936248779297
444.0	190.05003356933594
444.5	185.99618530273438
445.0	181.9456329345703
445.5	178.39785766601562
446.0	174.39097595214844
446.5	170.17684936523438
447.0	166.97119140625
447.5	163.4607696533203
448.0	159.84054565429688
448.5	156.75018310546875
449.0	153.4966583251953
449.5	150.24395751953125
450.0	147.32830810546875
