BFII_nolipid
""
WAVELENGTH	FLUORESCENCE
300.0	76.26995849609375
300.5	82.07952880859375
301.0	88.78486633300781
301.5	95.12763977050781
302.0	104.01557922363281
302.5	114.26225280761719
303.0	124.12339782714844
303.5	135.2989044189453
304.0	145.7860107421875
304.5	158.07078552246094
305.0	172.28663635253906
305.5	183.74246215820312
306.0	198.97848510742188
306.5	211.3497314453125
307.0	227.79916381835938
307.5	240.66925048828125
308.0	258.8651123046875
308.5	276.0683288574219
309.0	292.3840026855469
309.5	311.1990051269531
310.0	328.96759033203125
310.5	347.3279724121094
311.0	368.1463928222656
311.5	388.0115966796875
312.0	410.7754821777344
312.5	431.6678771972656
313.0	454.8223571777344
313.5	476.7455139160156
314.0	501.2005920410156
314.5	528.3226928710938
315.0	549.4510498046875
315.5	578.2761840820312
316.0	600.16552734375
316.5	630.05712890625
317.0	657.8909301757812
317.5	683.8017578125
318.0	710.5008544921875
318.5	739.9639892578125
319.0	766.1707153320312
319.5	795.7842407226562
320.0	823.5431518554688
320.5	853.9013671875
321.0	888.1210327148438
321.5	914.2245483398438
322.0	949.5674438476562
322.5	976.090087890625
323.0	1011.3713989257812
323.5	1044.5196533203125
324.0	1074.8160400390625
324.5	1105.517822265625
325.0	1139.2518310546875
325.5	1170.52685546875
326.0	1204.2996826171875
326.5	1235.5438232421875
327.0	1270.12109375
327.5	1308.228271484375
328.0	1336.2271728515625
328.5	1373.3148193359375
329.0	1400.8941650390625
329.5	1437.544677734375
330.0	1467.1669921875
330.5	1500.0106201171875
331.0	1530.5206298828125
331.5	1563.1854248046875
332.0	1592.986328125
332.5	1625.8424072265625
333.0	1660.6285400390625
333.5	1685.8690185546875
334.0	1719.1751708984375
334.5	1746.0736083984375
335.0	1774.8367919921875
335.5	1800.5455322265625
336.0	1828.3614501953125
336.5	1853.66943359375
337.0	1882.0736083984375
337.5	1911.5347900390625
338.0	1933.08740234375
338.5	1960.3702392578125
339.0	1982.8289794921875
339.5	2007.1109619140625
340.0	2028.1483154296875
340.5	2050.962646484375
341.0	2070.257080078125
341.5	2090.496826171875
342.0	2112.582763671875
342.5	2128.113037109375
343.0	2149.03369140625
343.5	2165.67138671875
344.0	2183.31689453125
344.5	2198.576416015625
345.0	2213.72314453125
345.5	2226.340087890625
346.0	2239.64404296875
346.5	2254.50537109375
347.0	2266.248046875
347.5	2278.5283203125
348.0	2288.4365234375
348.5	2297.888916015625
349.0	2306.23681640625
349.5	2315.093505859375
350.0	2323.5458984375
350.5	2329.4267578125
351.0	2334.85302734375
351.5	2340.181396484375
352.0	2346.09716796875
352.5	2350.05517578125
353.0	2354.61962890625
353.5	2357.907470703125
354.0	2360.882568359375
354.5	2362.197998046875
355.0	2362.826171875
355.5	2363.53564453125
356.0	2362.637451171875
356.5	2362.57275390625
357.0	2359.89697265625
357.5	2357.7119140625
358.0	2354.3837890625
358.5	2351.238037109375
359.0	2347.828857421875
359.5	2343.34716796875
360.0	2339.41162109375
360.5	2334.199462890625
361.0	2328.04150390625
361.5	2319.7578125
362.0	2312.029296875
362.5	2304.643310546875
363.0	2296.71875
363.5	2288.991455078125
364.0	2280.0078125
364.5	2271.101806640625
365.0	2259.496826171875
365.5	2248.029296875
366.0	2237.95751953125
366.5	2226.751708984375
367.0	2215.35400390625
367.5	2200.492431640625
368.0	2186.8720703125
368.5	2174.240234375
369.0	2160.038330078125
369.5	2146.274169921875
370.0	2130.02734375
370.5	2115.821533203125
371.0	2098.20654296875
371.5	2081.07470703125
372.0	2065.347900390625
372.5	2047.876953125
373.0	2031.4537353515625
373.5	2010.7479248046875
374.0	1992.1451416015625
374.5	1974.577392578125
375.0	1955.794677734375
375.5	1937.91455078125
376.0	1916.14306640625
376.5	1896.25927734375
377.0	1878.1416015625
377.5	1857.551025390625
378.0	1838.0531005859375
378.5	1814.3604736328125
379.0	1794.0333251953125
379.5	1775.0548095703125
380.0	1753.6407470703125
380.5	1734.3477783203125
381.0	1711.007080078125
381.5	1688.6549072265625
382.0	1668.7584228515625
382.5	1646.7569580078125
383.0	1626.2005615234375
383.5	1602.7845458984375
384.0	1581.1324462890625
384.5	1561.2271728515625
385.0	1539.8675537109375
385.5	1520.4881591796875
386.0	1496.998779296875
386.5	1475.0992431640625
387.0	1455.1116943359375
387.5	1432.9459228515625
388.0	1413.099609375
388.5	1389.80078125
389.0	1368.471923828125
389.5	1349.3450927734375
390.0	1326.1038818359375
390.5	1308.8470458984375
391.0	1286.709228515625
391.5	1266.0098876953125
392.0	1247.4063720703125
392.5	1225.1282958984375
393.0	1208.6707763671875
393.5	1186.618408203125
394.0	1166.397705078125
394.5	1148.1649169921875
395.0	1127.123291015625
395.5	1107.66259765625
396.0	1090.4439697265625
396.5	1069.202880859375
397.0	1053.9774169921875
397.5	1033.7191162109375
398.0	1015.4171752929688
398.5	998.8255004882812
399.0	978.9230346679688
399.5	961.5385131835938
400.0	945.6239013671875
400.5	929.823974609375
401.0	912.6471557617188
401.5	893.432373046875
402.0	876.3837280273438
402.5	861.1290893554688
403.0	843.1902465820312
403.5	827.47900390625
404.0	813.01904296875
404.5	799.284423828125
405.0	784.0166015625
405.5	767.70068359375
406.0	754.099853515625
406.5	738.9695434570312
407.0	722.9599609375
407.5	708.2867431640625
408.0	695.2017211914062
408.5	679.7329711914062
409.0	668.3959350585938
409.5	653.8775634765625
410.0	641.721435546875
410.5	628.5987548828125
411.0	615.3699340820312
411.5	603.876708984375
412.0	591.7654418945312
412.5	578.5321044921875
413.0	566.6553955078125
413.5	556.1149291992188
414.0	543.8202514648438
414.5	534.735107421875
415.0	522.4622192382812
415.5	512.5211181640625
416.0	501.72772216796875
416.5	490.2532043457031
417.0	481.1200256347656
417.5	470.9858703613281
418.0	460.4307556152344
418.5	451.72125244140625
419.0	442.5615234375
419.5	432.40972900390625
420.0	423.545166015625
420.5	415.2535705566406
421.0	405.2878112792969
421.5	398.18878173828125
422.0	388.7777099609375
422.5	379.6827697753906
423.0	373.2552490234375
423.5	364.3856201171875
424.0	357.1519775390625
424.5	349.3552551269531
425.0	341.2984313964844
425.5	334.6703186035156
426.0	327.6187438964844
426.5	319.76434326171875
427.0	313.23590087890625
427.5	306.3844299316406
428.0	299.10736083984375
428.5	292.8575134277344
429.0	286.43280029296875
429.5	279.6012878417969
430.0	273.9752197265625
430.5	267.8921813964844
431.0	261.2381591796875
431.5	256.05059814453125
432.0	250.41552734375
432.5	244.20330810546875
433.0	239.35804748535156
433.5	234.0298309326172
434.0	228.17874145507812
434.5	223.45956420898438
435.0	218.4023895263672
435.5	212.6649169921875
436.0	208.32421875
436.5	203.5045166015625
437.0	198.50645446777344
437.5	194.32257080078125
438.0	189.9198455810547
438.5	184.97647094726562
439.0	181.19281005859375
439.5	177.0850372314453
440.0	172.63824462890625
440.5	168.96844482421875
441.0	165.02566528320312
441.5	161.1755828857422
442.0	157.95516967773438
442.5	154.4495849609375
443.0	150.6404266357422
443.5	147.29754638671875
444.0	143.75286865234375
444.5	140.44618225097656
445.0	137.00814819335938
445.5	134.09378051757812
446.0	131.0845184326172
446.5	127.56410217285156
447.0	124.86836242675781
447.5	121.98955535888672
448.0	118.85515594482422
448.5	116.19203186035156
449.0	113.43230438232422
449.5	110.5406265258789
450.0	108.27924346923828
