72.39 67.252 -158.1775
65.535 63.575 -146.3695
74.066 68.876 -161.2155
81.432 77.703 -170.932
70.711 66.301 -157.3425
70.135 65.606 -149.8075
70.676 67.55 -176.2685
85.821 79.913 -193.5125
78.32 71.137 -176.694
70.45 67.539 -168.2715
81.623 74.622 -185.2645
70.687 69.152 -163.841
81.531 83.181 -185.5995
69.59 75.746 -169.1785
71.84 75.735 -182.1145
78.617 80.834 -194.7535
67.557 65.795 -167.1405
73.236 74.243 -185.9405
67.456 67.581 -163.8935
68.45 63.089 -158.514
74.66 73.62 -182.2405
76.434 72.103 -184.6615
68.283 65.688 -156.079
71.111 74.279 -179.0165
75.483 75.207 -181.709
74.149 74.935 -183.4595
75.319 75.448 -193.1735
70.269 69.711 -173.8915
82.839 75.622 -199.0305
71.3 73.13 -176.2365
73.221 72.329 -179.0685
70.521 66.625 -164.6835
71.005 74.647 -175.08
71.456 73.602 -181.4985
75.465 70.054 -174.531
78.166 74.607 -186.3685
71.046 70.642 -174.4685
80.784 86.563 -193.8905
70.277 74.337 -176.9965
69.594 72.532 -172.8635
76.892 66.19 -173.3905
74.526 72.934 -175.4525
72.303 79.071 -191.8445
79.601 81.548 -188.5945
66.793 68.839 -167.192
64.696 62.255 -152.153
66.35 64.822 -157.408
74.417 79.276 -171.2405
69.229 75.356 -182.399
61.248 57.773 -151.3995
69.923 62.282 -153.1075
75.258 70.898 -178.5055
80.42 76.319 -193.195
77.716 75.365 -182.623
74.222 71.413 -181.8765
77.192 67.728 -177.171
81.6 82.708 -186.8505
85.416 78.214 -201.6725
82.131 77.411 -202.252
81.099 78.439 -202.513
79.673 81.694 -202.1485
66.501 63.23 -166.662
66.737 70.686 -162.1695
68.853 68.824 -165.3025
70.641 80.107 -184.668
63.245 60.189 -155.2705
68.987 71.828 -171.6145
62.472 65.392 -158.443
68.274 71.489 -170.6885
78.963 81.772 -192.0335
65.333 65.42 -148.0905
58.355 59.897 -134.0065
59.951 63.04 -142.311
59.315 64.486 -149.688
59.047 57.45 -137.7485
67.503 71.348 -176.3705
73.82 75.727 -184.8575
65.526 68.656 -160.3685
60.833 65.544 -153.2815
60.176 61.346 -131.5485
63.53 69.104 -155.6415
66.187 70.384 -162.6025
48.297 48.447 -121.268
41.002 48.903 -102.68
47.335 52.42 -122.216
49.989 50.07 -113.9655
54.623 58.886 -126.028
46.304 50.903 -116.1375
52.779 54.585 -117.79
51.53 55.636 -119.6425
59.919 61.016 -142.8245
55.426 64.786 -139.7335
61.978 67.17 -158.533
58.391 62.959 -132.7125
65.436 73.292 -163.5825
64.575 66.427 -152.2015
66.332 66.425 -161.7425
60.705 67.298 -148.568
64.896 61.348 -151.1655
59.499 55.818 -145.5365
73.769 72.795 -173.9825
