      22    1.654    0.121
      23    1.739    0.132
      24    0.962    0.100
      25    0.611    0.081
      26    1.220    0.138
      27    1.883    0.134
      28    0.397    0.094
      29    1.534    0.125
      30    1.300    0.154
      31    1.780    0.164
      32    0.645    0.113
      33    0.162    0.069
      34    0.284    0.085
      35    1.356    0.157
      36    1.162    0.090
      37    0.516    0.088
      38    1.341    0.166
      39    1.620    0.139
      40    1.199    0.106
      41    1.924    0.156
      42    2.360    0.128
