 750000.000    6.110  697.731
 750500.000    6.346  671.741
 751000.000    6.368  669.398
 751500.000    6.170  690.877
 752000.000    6.367  669.512
 752500.000    6.163  691.699
 753000.000    6.014  708.794
 753500.000    6.210  686.463
 754000.000    6.203  687.210
 754500.000    6.086  700.426
 755000.000    6.020  708.084
 755500.000    6.023  707.702
 756000.000    6.076  701.610
 756500.000    6.090  699.956
 757000.000    6.126  695.847
 757500.000    6.151  693.058
 758000.000    5.958  715.516
 758500.000    6.015  708.686
 759000.000    6.134  694.922
 759500.000    6.091  699.852
 760000.000    6.108  697.913
 760500.000    6.164  691.540
 761000.000    6.024  707.669
 761500.000    6.000  710.419
 762000.000    6.191  688.536
 762500.000    6.296  677.072
 763000.000    6.014  708.819
 763500.000    6.356  670.652
 764000.000    6.138  694.437
 764500.000    6.090  700.013
 765000.000    6.097  699.115
 765500.000    6.202  687.319
 766000.000    6.599  645.985
 766500.000    6.195  688.136
 767000.000    5.943  717.243
 767500.000    6.134  694.966
 768000.000    5.931  718.766
 768500.000    6.080  701.165
 769000.000    6.188  688.910
 769500.000    5.977  713.182
 770000.000    5.913  720.960
 770500.000    5.897  722.836
 771000.000    6.332  673.252
 771500.000    5.960  715.240
 772000.000    6.200  687.586
 772500.000    6.105  698.301
 773000.000    5.876  725.481
 773500.000    6.086  700.444
 774000.000    6.000  710.514
 774500.000    5.974  713.559
 775000.000    6.287  678.018
 775500.000    6.064  702.922
 776000.000    6.113  697.390
 776500.000    6.092  699.715
 777000.000    6.143  693.959
 777500.000    6.058  703.646
 778000.000    6.324  674.059
 778500.000    6.035  706.340
 779000.000    6.162  691.796
 779500.000    5.949  716.507
 780000.000    6.017  708.503
 780500.000    6.043  705.439
 781000.000    5.966  714.528
 781500.000    6.153  692.813
 782000.000    6.107  698.043
 782500.000    6.015  708.724
 783000.000    6.341  672.310
 783500.000    6.077  701.518
 784000.000    6.138  694.533
 784500.000    6.060  703.443
 785000.000    6.307  675.875
 785500.000    6.147  693.467
 786000.000    6.359  670.308
 786500.000    6.135  694.866
 787000.000    6.320  674.469
 787500.000    6.032  706.745
 788000.000    6.251  681.951
 788500.000    6.079  701.274
 789000.000    6.042  705.543
 789500.000    6.398  666.271
 790000.000    6.061  703.306
 790500.000    6.043  705.462
 791000.000    6.123  696.165
 791500.000    6.030  706.960
 792000.000    6.198  687.756
 792500.000    6.117  696.893
 793000.000    5.959  715.296
 793500.000    6.102  698.587
 794000.000    5.835  730.543
 794500.000    6.217  685.672
 795000.000    6.100  698.841
 795500.000    6.055  704.021
 796000.000    6.231  684.167
 796500.000    5.958  715.424
 797000.000    6.062  703.247
 797500.000    6.140  694.293
 798000.000    6.301  676.570
 798500.000    5.992  711.473
 799000.000    5.960  715.256
 799500.000    6.134  694.969
 800000.000    6.090  700.021
 800500.000    6.144  693.770
 801000.000    6.085  700.522
 801500.000    6.109  697.752
 802000.000    6.023  707.758
 802500.000    6.110  697.718
 803000.000    6.058  703.676
 803500.000    6.060  703.425
 804000.000    5.948  716.725
 804500.000    6.328  673.619
 805000.000    6.135  694.879
 805500.000    6.042  705.559
 806000.000    6.086  700.452
 806500.000    6.237  683.509
 807000.000    6.267  680.198
 807500.000    6.247  682.354
 808000.000    6.092  699.706
 808500.000    5.975  713.426
 809000.000    6.199  687.684
 809500.000    6.058  703.645
 810000.000    6.101  698.669
 810500.000    6.214  686.047
 811000.000    6.354  670.895
 811500.000    6.133  695.092
 812000.000    6.030  706.967
 812500.000    6.097  699.151
 813000.000    6.201  687.449
 813500.000    5.974  713.513
 814000.000    6.001  710.296
 814500.000    6.213  686.154
 815000.000    6.168  691.098
 815500.000    6.295  677.147
 816000.000    6.091  699.884
 816500.000    6.183  689.455
 817000.000    6.387  667.453
 817500.000    6.473  658.579
 818000.000    6.250  682.011
 818500.000    6.369  669.347
 819000.000    6.284  678.395
 819500.000    6.238  683.343
 820000.000    6.033  706.551
 820500.000    6.097  699.211
 821000.000    6.231  684.092
 821500.000    6.174  690.494
 822000.000    6.201  687.418
 822500.000    5.942  717.407
 823000.000    6.010  709.244
 823500.000    5.978  713.032
 824000.000    6.216  685.811
 824500.000    6.067  702.644
 825000.000    6.189  688.796
 825500.000    6.180  689.792
 826000.000    6.211  686.298
 826500.000    6.123  696.186
 827000.000    6.214  685.989
 827500.000    6.238  683.347
 828000.000    6.235  683.699
 828500.000    6.265  680.365
 829000.000    6.212  686.272
 829500.000    6.125  696.010
 830000.000    6.384  667.725
 830500.000    6.294  677.232
 831000.000    6.333  673.135
 831500.000    6.087  700.329
 832000.000    6.317  674.819
 832500.000    6.212  686.167
 833000.000    6.270  679.905
 833500.000    6.166  691.366
 834000.000    6.153  692.777
 834500.000    6.194  688.224
 835000.000    6.201  687.462
 835500.000    6.118  696.723
 836000.000    6.270  679.904
 836500.000    6.052  704.404
 837000.000    5.968  714.249
 837500.000    6.131  695.293
 838000.000    6.198  687.753
 838500.000    6.305  676.119
 839000.000    6.148  693.379
 839500.000    5.944  717.206
 840000.000    6.124  696.114
 840500.000    6.012  709.020
 841000.000    6.111  697.575
 841500.000    6.116  696.967
 842000.000    6.294  677.322
 842500.000    6.069  702.353
 843000.000    6.097  699.185
 843500.000    6.073  701.967
 844000.000    6.094  699.451
 844500.000    6.243  682.865
 845000.000    6.206  686.849
 845500.000    6.095  699.423
 846000.000    6.246  682.436
 846500.000    6.181  689.627
 847000.000    6.144  693.860
 847500.000    5.891  723.615
 848000.000    6.107  697.974
 848500.000    6.158  692.197
 849000.000    5.954  715.955
 849500.000    6.039  705.887
 850000.000    6.269  679.934
 850500.000    6.186  689.095
 851000.000    5.949  716.503
 851500.000    6.213  686.096
 852000.000    6.073  701.892
 852500.000    6.194  688.181
 853000.000    6.102  698.558
 853500.000    6.046  705.032
 854000.000    6.181  689.693
 854500.000    6.361  670.155
 855000.000    6.194  688.268
 855500.000    6.304  676.173
 856000.000    6.055  703.992
 856500.000    6.032  706.661
 857000.000    5.860  727.425
 857500.000    6.129  695.457
 858000.000    6.403  665.722
 858500.000    6.192  688.423
 859000.000    6.085  700.493
 859500.000    6.150  693.116
 860000.000    6.219  685.436
 860500.000    6.134  694.944
 861000.000    6.266  680.315
 861500.000    6.021  708.023
 862000.000    6.155  692.606
 862500.000    6.279  678.946
 863000.000    6.098  699.012
 863500.000    6.256  681.392
 864000.000    6.088  700.146
 864500.000    6.188  688.907
 865000.000    6.078  701.401
 865500.000    6.098  699.074
 866000.000    6.013  708.955
 866500.000    6.044  705.328
 867000.000    6.265  680.428
 867500.000    6.316  674.877
 868000.000    6.209  686.601
 868500.000    6.172  690.675
 869000.000    6.144  693.763
 869500.000    6.214  685.960
 870000.000    6.012  709.025
 870500.000    6.233  683.883
 871000.000    6.101  698.750
 871500.000    6.140  694.273
 872000.000    6.048  704.873
 872500.000    6.025  707.494
 873000.000    6.109  697.834
 873500.000    5.921  719.923
 874000.000    6.136  694.754
 874500.000    6.242  682.973
 875000.000    6.179  689.900
 875500.000    6.167  691.206
 876000.000    6.156  692.470
 876500.000    6.124  696.054
 877000.000    6.260  680.946
 877500.000    6.176  690.270
 878000.000    6.254  681.602
 878500.000    6.014  708.860
 879000.000    6.069  702.340
 879500.000    6.145  693.729
 880000.000    6.045  705.143
 880500.000    6.074  701.820
 881000.000    6.177  690.108
 881500.000    6.229  684.368
 882000.000    6.026  707.408
 882500.000    6.135  694.808
 883000.000    6.347  671.629
 883500.000    6.324  674.093
 884000.000    6.262  680.728
 884500.000    6.238  683.385
 885000.000    6.240  683.103
 885500.000    5.976  713.307
 886000.000    6.052  704.319
 886500.000    6.159  692.093
 887000.000    6.154  692.698
 887500.000    6.251  681.957
 888000.000    6.142  694.047
 888500.000    6.168  691.068
 889000.000    6.144  693.821
 889500.000    6.181  689.629
 890000.000    6.076  701.618
 890500.000    6.220  685.289
 891000.000    6.101  698.715
 891500.000    6.187  689.038
 892000.000    6.161  691.878
 892500.000    6.274  679.467
 893000.000    5.967  714.381
 893500.000    6.048  704.812
 894000.000    6.101  698.676
 894500.000    6.290  677.739
 895000.000    6.201  687.387
 895500.000    6.145  693.693
 896000.000    6.328  673.693
 896500.000    6.089  700.032
 897000.000    6.134  694.935
 897500.000    6.247  682.351
 898000.000    5.944  717.131
 898500.000    6.121  696.455
 899000.000    6.153  692.810
 899500.000    5.992  711.435
 900000.000    6.109  697.749
 900500.000    6.164  691.577
 901000.000    6.139  694.398
 901500.000    6.200  687.581
 902000.000    6.107  697.969
 902500.000    6.065  702.853
 903000.000    6.206  686.829
 903500.000    6.100  698.792
 904000.000    6.159  692.086
 904500.000    6.067  702.629
 905000.000    6.094  699.536
 905500.000    6.146  693.578
 906000.000    6.017  708.463
 906500.000    6.227  684.521
 907000.000    6.205  687.028
 907500.000    6.187  688.981
 908000.000    6.020  708.101
 908500.000    6.231  684.147
 909000.000    6.049  704.698
 909500.000    6.010  709.254
 910000.000    6.345  671.827
 910500.000    6.151  693.030
 911000.000    6.069  702.369
 911500.000    6.036  706.270
 912000.000    6.193  688.376
 912500.000    6.023  707.773
 913000.000    6.040  705.748
 913500.000    6.265  680.385
 914000.000    6.182  689.543
 914500.000    6.131  695.237
 915000.000    6.140  694.308
 915500.000    6.069  702.333
 916000.000    6.035  706.358
 916500.000    6.208  686.627
 917000.000    6.153  692.819
 917500.000    6.131  695.291
 918000.000    6.040  705.799
 918500.000    6.100  698.858
 919000.000    6.219  685.471
 919500.000    6.117  696.842
 920000.000    5.954  715.958
 920500.000    5.974  713.597
 921000.000    5.984  712.387
 921500.000    6.177  690.109
 922000.000    5.878  725.175
 922500.000    6.205  687.011
 923000.000    6.207  686.775
 923500.000    6.103  698.429
 924000.000    6.064  702.983
 924500.000    6.215  685.851
 925000.000    6.031  706.767
 925500.000    5.882  724.714
 926000.000    6.122  696.303
 926500.000    6.167  691.189
 927000.000    6.165  691.423
 927500.000    6.165  691.485
 928000.000    6.373  668.876
 928500.000    6.277  679.162
 929000.000    6.423  663.729
 929500.000    6.009  709.456
 930000.000    5.968  714.231
 930500.000    6.064  702.977
 931000.000    6.108  697.864
 931500.000    6.173  690.612
 932000.000    6.152  692.888
 932500.000    6.159  692.103
 933000.000    6.091  699.811
 933500.000    6.119  696.638
 934000.000    5.998  710.660
 934500.000    6.139  694.370
 935000.000    5.918  720.258
 935500.000    5.934  718.326
 936000.000    6.242  682.900
 936500.000    6.066  702.688
 937000.000    6.191  688.588
 937500.000    6.110  697.659
 938000.000    6.062  703.235
 938500.000    5.917  720.452
 939000.000    6.209  686.498
 939500.000    6.123  696.229
 940000.000    6.054  704.183
 940500.000    6.072  701.989
 941000.000    6.208  686.693
 941500.000    5.992  711.451
 942000.000    6.190  688.649
 942500.000    6.034  706.419
 943000.000    6.185  689.176
 943500.000    6.185  689.246
 944000.000    6.061  703.357
 944500.000    6.107  698.000
 945000.000    6.189  688.796
 945500.000    6.104  698.333
 946000.000    6.309  675.722
 946500.000    6.191  688.545
 947000.000    6.000  710.435
 947500.000    6.127  695.788
 948000.000    6.006  709.770
 948500.000    6.186  689.076
 949000.000    6.104  698.341
 949500.000    6.148  693.370
 950000.000    6.222  685.065
 950500.000    6.246  682.482
 951000.000    6.104  698.340
 951500.000    5.952  716.223
 952000.000    5.986  712.166
 952500.000    6.053  704.294
 953000.000    6.224  684.921
 953500.000    6.066  702.709
 954000.000    5.866  726.727
 954500.000    6.210  686.439
 955000.000    6.032  706.695
 955500.000    6.084  700.629
 956000.000    6.122  696.321
 956500.000    6.055  704.071
 957000.000    6.086  700.461
 957500.000    6.140  694.296
 958000.000    5.967  714.429
 958500.000    6.213  686.070
 959000.000    6.213  686.103
 959500.000    6.203  687.229
 960000.000    6.241  683.084
 960500.000    5.957  715.618
 961000.000    5.894  723.228
 961500.000    6.038  706.004
 962000.000    6.172  690.663
 962500.000    6.036  706.213
 963000.000    6.141  694.175
 963500.000    6.089  700.085
 964000.000    6.042  705.533
 964500.000    6.153  692.846
 965000.000    6.275  679.350
 965500.000    6.203  687.198
 966000.000    6.104  698.335
 966500.000    6.003  710.142
 967000.000    6.104  698.400
 967500.000    6.147  693.516
 968000.000    6.041  705.648
 968500.000    5.974  713.560
 969000.000    6.247  682.381
 969500.000    6.005  709.929
 970000.000    6.232  684.071
 970500.000    6.093  699.674
 971000.000    6.257  681.316
 971500.000    6.219  685.475
 972000.000    6.182  689.556
 972500.000    6.278  678.972
 973000.000    6.026  707.419
 973500.000    6.165  691.413
 974000.000    6.217  685.685
 974500.000    6.271  679.791
 975000.000    6.181  689.616
 975500.000    6.073  701.887
 976000.000    6.002  710.259
 976500.000    6.226  684.723
 977000.000    6.180  689.793
 977500.000    6.204  687.094
 978000.000    6.138  694.517
 978500.000    5.968  714.263
 979000.000    6.099  698.933
 979500.000    6.157  692.352
 980000.000    5.959  715.395
 980500.000    6.321  674.375
 981000.000    6.019  708.235
 981500.000    6.319  674.602
 982000.000    6.122  696.317
 982500.000    6.223  684.972
 983000.000    6.024  707.693
 983500.000    6.109  697.800
 984000.000    6.257  681.235
 984500.000    6.172  690.700
 985000.000    6.015  708.734
 985500.000    6.147  693.436
 986000.000    5.919  720.161
 986500.000    6.218  685.553
 987000.000    6.102  698.623
 987500.000    6.171  690.760
 988000.000    5.921  719.948
 988500.000    6.061  703.298
 989000.000    6.059  703.522
 989500.000    6.072  702.071
 990000.000    5.945  717.074
 990500.000    6.192  688.456
 991000.000    6.168  691.159
 991500.000    6.011  709.184
 992000.000    6.119  696.648
 992500.000    6.013  708.922
 993000.000    6.156  692.442
 993500.000    6.347  671.663
 994000.000    6.035  706.377
 994500.000    6.209  686.521
 995000.000    6.341  672.252
 995500.000    6.254  681.595
 996000.000    6.270  679.847
 996500.000    6.216  685.804
 997000.000    6.195  688.145
 997500.000    6.066  702.737
 998000.000    6.006  709.806
 998500.000    6.164  691.530
 999000.000    6.150  693.093
 999500.000    6.042  705.548
1000000.000    6.175  690.369
