 750000.000    0.689
 750500.000    0.437
 751000.000    1.570
 751500.000    0.950
 752000.000   -0.340
 752500.000   -0.159
 753000.000    2.441
 753500.000    2.602
 754000.000    1.204
 754500.000   -0.265
 755000.000    2.707
 755500.000    0.964
 756000.000    2.001
 756500.000   -0.262
 757000.000    0.865
 757500.000   -2.609
 758000.000    0.258
 758500.000    2.414
 759000.000   -0.180
 759500.000    2.352
 760000.000    5.062
 760500.000    2.863
 761000.000    0.956
 761500.000    2.263
 762000.000    1.385
 762500.000   -1.923
 763000.000   -2.278
 763500.000   -0.359
 764000.000    3.750
 764500.000   -0.956
 765000.000    0.970
 765500.000    0.189
 766000.000    1.305
 766500.000    1.413
 767000.000   -1.399
 767500.000    0.980
 768000.000   -1.644
 768500.000    1.215
 769000.000    1.903
 769500.000   -1.649
 770000.000    1.035
 770500.000    1.997
 771000.000    1.300
 771500.000    0.347
 772000.000   -1.062
 772500.000   -0.015
 773000.000   -0.271
 773500.000   -1.660
 774000.000   -0.700
 774500.000    1.222
 775000.000   -0.072
 775500.000    1.830
 776000.000   -2.441
 776500.000   -1.816
 777000.000    2.884
 777500.000   -1.307
 778000.000   -0.354
 778500.000   -0.352
 779000.000   -0.626
 779500.000   -1.513
 780000.000    0.590
 780500.000    4.180
 781000.000    2.514
 781500.000    2.263
 782000.000    1.820
 782500.000    0.771
 783000.000    1.553
 783500.000    0.688
 784000.000    1.640
 784500.000   -0.972
 785000.000    0.783
 785500.000   -1.218
 786000.000    1.752
 786500.000    0.006
 787000.000    2.260
 787500.000    0.010
 788000.000    1.506
 788500.000   -1.216
 789000.000   -1.202
 789500.000   -0.246
 790000.000    0.439
 790500.000    2.874
 791000.000    3.213
 791500.000   -0.164
 792000.000    0.370
 792500.000    0.799
 793000.000    1.928
 793500.000    1.053
 794000.000   -1.724
 794500.000   -1.295
 795000.000   -0.077
 795500.000    0.271
 796000.000    1.399
 796500.000   -0.878
 797000.000   -0.698
 797500.000    5.853
 798000.000    3.149
 798500.000   -1.988
 799000.000    4.875
 799500.000    0.267
 800000.000    0.860
 800500.000   -1.559
 801000.000    2.615
 801500.000    2.002
 802000.000   -0.785
 802500.000   -0.713
 803000.000   -0.626
 803500.000    0.347
 804000.000    0.345
 804500.000   -0.787
 805000.000    1.041
 805500.000   -1.390
 806000.000    1.310
 806500.000   -2.176
 807000.000    3.999
 807500.000    1.557
 808000.000    0.343
 808500.000    0.781
 809000.000   -0.352
 809500.000   -0.514
 810000.000   -0.267
 810500.000    2.322
 811000.000    1.970
 811500.000    1.046
 812000.000    1.316
 812500.000   -0.606
 813000.000    0.173
 813500.000    0.428
 814000.000   -1.493
 814500.000   -1.390
 815000.000    0.020
 815500.000    3.028
 816000.000   -1.142
 816500.000    0.256
 817000.000    1.389
 817500.000    2.521
 818000.000   -1.027
 818500.000    1.486
 819000.000   -0.180
 819500.000   -2.075
 820000.000   -1.658
 820500.000    0.869
 821000.000   -1.380
 821500.000   -2.004
 822000.000   -1.917
 822500.000   -1.658
 823000.000    1.035
 823500.000   -0.874
 824000.000   -3.303
 824500.000   -0.698
 825000.000   -2.263
 825500.000    0.325
 826000.000   -1.671
 826500.000    0.350
 827000.000   -0.249
 827500.000    1.310
 828000.000   -0.443
 828500.000   -1.917
 829000.000   -0.453
 829500.000   -5.403
 830000.000   -0.610
 830500.000   -2.439
 831000.000   -2.368
 831500.000   -1.568
 832000.000   -2.443
 832500.000   -4.526
 833000.000   -0.358
 833500.000   -2.957
 834000.000   -0.437
 834500.000   -1.133
 835000.000   -0.260
 835500.000    0.271
 836000.000   -2.957
 836500.000   -2.421
 837000.000   -2.249
 837500.000   -0.606
 838000.000    2.446
 838500.000   -2.356
 839000.000   -1.302
 839500.000   -2.081
 840000.000   -0.540
 840500.000   -1.037
 841000.000   -0.789
 841500.000   -1.564
 842000.000   -3.287
 842500.000   -1.917
 843000.000   -3.917
 843500.000   -4.709
 844000.000   -2.010
 844500.000   -1.577
 845000.000   -2.437
 845500.000    1.642
 846000.000   -4.883
 846500.000   -3.756
 847000.000   -2.693
 847500.000   -3.584
 848000.000   -2.883
 848500.000   -4.004
 849000.000   -1.124
 849500.000   -3.225
 850000.000    0.263
 850500.000   -2.270
 851000.000   -4.276
 851500.000   -1.658
 852000.000   -2.187
 852500.000   -1.568
 853000.000   -3.658
 853500.000   -0.698
 854000.000   -1.390
 854500.000   -0.943
 855000.000   -2.874
 855500.000    0.952
 856000.000   -2.354
 856500.000    0.251
 857000.000   -1.305
 857500.000   -1.135
 858000.000   -1.066
 858500.000   -1.829
 859000.000   -1.144
 859500.000   -0.090
 860000.000   -1.220
 860500.000   -0.865
 861000.000   -1.216
 861500.000    1.832
 862000.000    0.263
 862500.000    0.359
 863000.000    0.255
 863500.000   -1.133
 864000.000    1.392
 864500.000   -0.698
 865000.000   -1.658
 865500.000    0.166
 866000.000   -1.834
 866500.000   -0.862
 867000.000    2.002
 867500.000   -0.338
 868000.000    0.707
 868500.000   -1.834
 869000.000    0.877
 869500.000   -0.679
 870000.000   -0.780
 870500.000   -0.425
 871000.000    1.413
 871500.000    0.361
 872000.000   -3.034
 872500.000   -0.595
 873000.000   -1.048
 873500.000   -0.854
 874000.000   -1.025
 874500.000   -1.376
 875000.000   -2.070
 875500.000   -1.296
 876000.000   -0.689
 876500.000   -1.202
 877000.000   -1.561
 877500.000   -1.135
 878000.000    1.477
 878500.000   -2.522
 879000.000   -2.255
 879500.000    0.437
 880000.000   -2.521
 880500.000   -2.625
 881000.000   -2.712
 881500.000   -3.135
 882000.000    1.747
 882500.000    0.523
 883000.000    0.354
 883500.000    0.004
 884000.000   -1.043
 884500.000   -4.354
 885000.000   -0.860
 885500.000   -1.124
 886000.000    0.109
 886500.000   -0.352
 887000.000   -0.159
 887500.000    1.397
 888000.000    0.343
 888500.000   -2.255
 889000.000   -0.072
 889500.000    0.528
 890000.000   -0.434
 890500.000   -0.256
 891000.000   -0.264
 891500.000   -0.954
 892000.000    1.310
 892500.000   -2.340
 893000.000   -1.215
 893500.000   -3.220
 894000.000   -2.709
 894500.000   -1.660
 895000.000   -1.311
 895500.000    0.006
 896000.000   -0.523
 896500.000   -3.051
 897000.000   -4.093
 897500.000    0.954
 898000.000   -2.180
 898500.000   -2.528
 899000.000   -0.519
 899500.000   -1.839
 900000.000   -2.175
 900500.000    1.470
 901000.000   -0.421
 901500.000   -2.168
 902000.000   -1.568
 902500.000    0.870
 903000.000    3.323
 903500.000    0.801
 904000.000    0.785
 904500.000    2.013
 905000.000    0.805
 905500.000    0.265
 906000.000    0.791
 906500.000    1.057
 907000.000   -1.548
 907500.000   -0.602
 908000.000    0.098
 908500.000    0.004
 909000.000    1.571
 909500.000   -0.778
 910000.000    1.050
 910500.000   -1.481
 911000.000   -0.785
 911500.000   -1.126
 912000.000    0.711
 912500.000   -0.343
 913000.000   -1.653
 913500.000   -1.199
 914000.000   -0.446
 914500.000   -2.004
 915000.000    0.280
 915500.000   -2.182
 916000.000   -1.914
 916500.000   -2.874
 917000.000   -4.349
 917500.000   -1.311
 918000.000    1.220
 918500.000   -1.742
 919000.000    0.010
 919500.000   -2.707
 920000.000   -0.961
 920500.000   -1.474
 921000.000   -1.241
 921500.000    1.482
 922000.000   -0.519
 922500.000    0.104
 923000.000   -3.573
 923500.000   -2.001
 924000.000   -0.352
 924500.000   -2.427
 925000.000   -2.886
 925500.000   -1.657
 926000.000    0.436
 926500.000    1.557
 927000.000   -3.317
 927500.000   -2.089
 928000.000   -1.037
 928500.000   -0.888
 929000.000   -1.483
 929500.000   -2.451
 930000.000   -2.631
 930500.000   -3.405
 931000.000   -0.698
 931500.000   -1.669
 932000.000   -0.796
 932500.000   -1.147
 933000.000   -1.232
 933500.000   -0.352
 934000.000   -1.925
 934500.000   -0.269
 935000.000   -0.079
 935500.000   -1.990
 936000.000   -3.293
 936500.000   -0.602
 937000.000   -3.562
 937500.000   -2.155
 938000.000   -1.896
 938500.000   -1.639
 939000.000   -0.258
 939500.000   -1.561
 940000.000   -0.343
 940500.000    0.542
 941000.000   -3.896
 941500.000   -0.602
 942000.000   -0.931
 942500.000   -1.032
 943000.000   -2.774
 943500.000   -5.124
 944000.000   -3.126
 944500.000   -4.691
 945000.000   -2.162
 945500.000   -1.563
 946000.000   -3.115
 946500.000   -0.086
 947000.000   -0.338
 947500.000    1.942
 948000.000   -1.818
 948500.000    0.798
 949000.000   -0.507
 949500.000   -1.646
 950000.000    0.104
 950500.000    0.881
 951000.000   -0.940
 951500.000   -1.633
 952000.000   -0.595
 952500.000   -1.122
 953000.000   -0.162
 953500.000    0.012
 954000.000   -2.070
 954500.000    1.227
 955000.000   -0.686
 955500.000   -0.686
 956000.000   -0.244
 956500.000   -2.771
 957000.000   -0.414
 957500.000   -0.070
 958000.000    0.366
 958500.000   -1.122
 959000.000   -0.771
 959500.000   -3.472
 960000.000   -0.240
 960500.000   -0.336
 961000.000   -0.773
 961500.000    0.015
 962000.000    1.328
 962500.000   -0.074
 963000.000   -0.949
 963500.000   -1.559
 964000.000   -0.869
 964500.000   -1.195
 965000.000    0.533
 965500.000   -4.086
 966000.000   -1.469
 966500.000   -2.508
 967000.000    0.524
 967500.000   -1.628
 968000.000    0.343
 968500.000    0.432
 969000.000   -2.352
 969500.000   -1.923
 970000.000   -0.613
 970500.000   -1.923
 971000.000   -2.681
 971500.000   -2.420
 972000.000   -3.131
 972500.000   -2.698
 973000.000   -0.954
 973500.000    0.097
 974000.000   -0.787
 974500.000   -3.311
 975000.000   -2.510
 975500.000    1.568
 976000.000   -2.776
 976500.000    0.276
 977000.000   -2.437
 977500.000   -1.401
 978000.000   -2.801
 978500.000    0.613
 979000.000   -2.966
 979500.000   -4.164
 980000.000   -3.211
 980500.000    1.229
 981000.000   -3.733
 981500.000   -2.436
 982000.000   -3.637
 982500.000   -0.184
 983000.000   -1.399
 983500.000   -5.575
 984000.000   -3.925
 984500.000   -0.796
 985000.000    2.432
 985500.000   -3.220
 986000.000   -1.651
 986500.000   -2.872
 987000.000   -1.894
 987500.000   -1.050
 988000.000   -2.074
 988500.000   -0.688
 989000.000    1.488
 989500.000   -2.166
 990000.000   -0.335
 990500.000   -3.222
 991000.000    0.446
 991500.000   -1.293
 992000.000   -0.778
 992500.000   -0.344
 993000.000   -1.740
 993500.000   -0.865
 994000.000    2.279
 994500.000   -2.611
 995000.000   -1.987
 995500.000   -0.264
 996000.000   -1.485
 996500.000   -0.345
 997000.000   -2.003
 997500.000   -1.492
 998000.000   -3.648
 998500.000   -1.387
 999000.000    0.423
 999500.000   -2.269
1000000.000   -0.610
