BFII_lipid_1
""
WAVELENGTH	FLUORESCENCE
300.0	109.1859130859375
300.5	115.43492889404297
301.0	122.63506317138672
301.5	129.38427734375
302.0	139.2254638671875
302.5	150.36004638671875
303.0	161.1168212890625
303.5	173.32296752929688
304.0	185.17190551757812
304.5	198.59518432617188
305.0	214.03042602539062
305.5	225.82754516601562
306.0	242.39649963378906
306.5	255.19544982910156
307.0	272.9401550292969
307.5	286.3609619140625
308.0	305.1846923828125
308.5	323.2904052734375
309.0	340.1562194824219
309.5	359.4512023925781
310.0	377.0937805175781
310.5	395.38665771484375
311.0	415.6700134277344
311.5	434.89794921875
312.0	456.81732177734375
312.5	477.1789245605469
313.0	500.1162414550781
313.5	521.80712890625
314.0	545.6681518554688
314.5	572.3038940429688
315.0	592.9044799804688
315.5	620.7593994140625
316.0	641.9386596679688
316.5	670.3817749023438
317.0	697.0755004882812
317.5	720.9861450195312
318.0	745.629150390625
318.5	773.0302734375
319.0	798.48193359375
319.5	826.4426879882812
320.0	852.263427734375
320.5	881.0172729492188
321.0	912.2947998046875
321.5	936.8372192382812
322.0	969.6754760742188
322.5	994.45947265625
323.0	1026.634765625
323.5	1057.358642578125
324.0	1085.0418701171875
324.5	1113.308349609375
325.0	1143.7889404296875
325.5	1172.4365234375
326.0	1203.486328125
326.5	1231.0489501953125
327.0	1261.5921630859375
327.5	1295.072998046875
328.0	1320.31689453125
328.5	1354.1243896484375
329.0	1379.062744140625
329.5	1412.12890625
330.0	1439.5975341796875
330.5	1469.6571044921875
331.0	1495.9547119140625
331.5	1525.0621337890625
332.0	1550.912353515625
332.5	1579.26708984375
333.0	1608.7613525390625
333.5	1630.9615478515625
334.0	1659.31982421875
334.5	1683.345703125
335.0	1708.99169921875
335.5	1732.079833984375
336.0	1756.640380859375
336.5	1778.6800537109375
337.0	1802.1490478515625
337.5	1827.425537109375
338.0	1845.26220703125
338.5	1869.104248046875
339.0	1888.6629638671875
339.5	1908.5413818359375
340.0	1925.678466796875
340.5	1944.2266845703125
341.0	1961.389892578125
341.5	1979.07275390625
342.0	1997.09619140625
342.5	2009.840087890625
343.0	2027.21435546875
343.5	2040.119140625
344.0	2054.3125
344.5	2066.889892578125
345.0	2080.0302734375
345.5	2090.821044921875
346.0	2102.52783203125
346.5	2113.805908203125
347.0	2122.68212890625
347.5	2132.229736328125
348.0	2139.075439453125
348.5	2146.079345703125
349.0	2153.169921875
349.5	2159.48291015625
350.0	2165.880615234375
350.5	2170.253662109375
351.0	2174.581787109375
351.5	2177.88916015625
352.0	2181.454833984375
352.5	2183.52392578125
353.0	2185.734130859375
353.5	2186.7626953125
354.0	2187.259765625
354.5	2187.682861328125
355.0	2186.988037109375
355.5	2185.74853515625
356.0	2184.726318359375
356.5	2182.047607421875
357.0	2179.203125
357.5	2176.81103515625
358.0	2173.237060546875
358.5	2168.44775390625
359.0	2163.888671875
359.5	2158.727294921875
360.0	2154.344970703125
360.5	2147.619873046875
361.0	2141.698974609375
361.5	2134.41455078125
362.0	2126.86962890625
362.5	2119.498291015625
363.0	2111.064697265625
363.5	2102.798828125
364.0	2092.90283203125
364.5	2083.2470703125
365.0	2071.908447265625
365.5	2060.657958984375
366.0	2051.027587890625
366.5	2038.9176025390625
367.0	2027.5645751953125
367.5	2013.1624755859375
368.0	2000.0589599609375
368.5	1988.1053466796875
369.0	1974.2811279296875
369.5	1961.27392578125
370.0	1946.78466796875
370.5	1932.90771484375
371.0	1915.919921875
371.5	1899.6181640625
372.0	1884.589599609375
372.5	1867.6163330078125
373.0	1852.4486083984375
373.5	1832.9656982421875
374.0	1814.914794921875
374.5	1799.4298095703125
375.0	1781.0172119140625
375.5	1764.3878173828125
376.0	1744.135986328125
376.5	1725.5880126953125
377.0	1708.3277587890625
377.5	1688.68310546875
378.0	1671.249755859375
378.5	1649.707275390625
379.0	1629.4505615234375
379.5	1611.57958984375
380.0	1591.9588623046875
380.5	1573.794921875
381.0	1551.8367919921875
381.5	1531.6939697265625
382.0	1513.6671142578125
382.5	1493.6334228515625
383.0	1475.1824951171875
383.5	1452.9478759765625
384.0	1432.6221923828125
384.5	1414.1029052734375
385.0	1393.679931640625
385.5	1375.6881103515625
386.0	1353.504150390625
386.5	1333.4342041015625
387.0	1315.392333984375
387.5	1294.8726806640625
388.0	1276.9842529296875
388.5	1255.6131591796875
389.0	1236.2451171875
389.5	1218.8875732421875
390.0	1198.5020751953125
390.5	1182.7813720703125
391.0	1162.08349609375
391.5	1143.787841796875
392.0	1126.6409912109375
392.5	1106.4859619140625
393.0	1091.0999755859375
393.5	1070.9447021484375
394.0	1052.973388671875
394.5	1036.3499755859375
395.0	1017.4273071289062
395.5	999.8255615234375
396.0	984.3012084960938
396.5	965.4815063476562
397.0	951.896484375
397.5	932.8948364257812
398.0	916.4198608398438
398.5	901.5562133789062
399.0	883.9242553710938
399.5	867.9074096679688
400.0	853.50830078125
400.5	839.1565551757812
401.0	823.4278564453125
401.5	806.935302734375
402.0	791.9002075195312
402.5	778.2545166015625
403.0	762.6892700195312
403.5	747.992919921875
404.0	734.8637084960938
404.5	721.9581298828125
405.0	708.0604248046875
405.5	693.0180053710938
406.0	680.3795166015625
406.5	667.3158569335938
407.0	652.999755859375
407.5	639.8678588867188
408.0	628.3983764648438
408.5	614.9503784179688
409.0	604.953369140625
409.5	591.273681640625
410.0	580.7503051757812
410.5	569.0989990234375
411.0	556.3737182617188
411.5	546.0098876953125
412.0	535.1339721679688
412.5	522.9722290039062
413.0	512.0399169921875
413.5	502.2298583984375
414.0	490.8572082519531
414.5	482.4895935058594
415.0	471.5958251953125
415.5	462.6959228515625
416.0	452.8952941894531
416.5	442.631591796875
417.0	433.95269775390625
417.5	424.62225341796875
418.0	414.8042907714844
418.5	406.842529296875
419.0	398.2103271484375
419.5	388.986083984375
420.0	380.7922668457031
420.5	373.3428039550781
421.0	364.9564514160156
421.5	358.9003601074219
422.0	350.3255310058594
422.5	342.2970275878906
423.0	336.3342590332031
423.5	328.8531494140625
424.0	322.27716064453125
424.5	315.153076171875
425.0	307.7122497558594
425.5	301.5995178222656
426.0	295.0553894042969
426.5	287.9709167480469
427.0	282.4788513183594
427.5	276.1301574707031
428.0	269.69598388671875
428.5	264.4044189453125
429.0	258.8110046386719
429.5	252.52362060546875
430.0	247.5569305419922
430.5	242.1215362548828
431.0	236.5488739013672
431.5	231.97010803222656
432.0	226.79518127441406
432.5	221.48326110839844
433.0	216.90811157226562
433.5	211.9021759033203
434.0	206.476318359375
434.5	202.55157470703125
435.0	198.242431640625
435.5	193.44497680664062
436.0	189.6459197998047
436.5	185.37173461914062
437.0	180.89930725097656
437.5	177.4132843017578
438.0	173.45057678222656
438.5	169.22486877441406
439.0	165.65049743652344
439.5	162.1239013671875
440.0	158.0377197265625
440.5	154.7620391845703
441.0	151.12095642089844
441.5	147.59588623046875
442.0	144.69790649414062
442.5	141.50111389160156
443.0	138.0826416015625
443.5	135.29351806640625
444.0	132.14173889160156
444.5	129.00238037109375
445.0	125.8896484375
445.5	123.22511291503906
446.0	120.41631317138672
446.5	117.39656066894531
447.0	115.04312133789062
447.5	112.49393463134766
448.0	109.88882446289062
448.5	107.64288330078125
449.0	105.25884246826172
449.5	102.69774627685547
450.0	100.58773040771484
