 750000.000   -2.452
 750500.000    3.216
 751000.000   -1.144
 751500.000   -0.814
 752000.000   -0.365
 752500.000   -2.004
 753000.000   -0.540
 753500.000   -1.153
 754000.000   -3.429
 754500.000   -0.099
 755000.000   -2.354
 755500.000   -4.018
 756000.000   -1.149
 756500.000   -3.408
 757000.000   -3.247
 757500.000   -2.712
 758000.000   -0.883
 758500.000    1.578
 759000.000   -2.352
 759500.000   -2.522
 760000.000    3.211
 760500.000   -3.318
 761000.000   -0.186
 761500.000   -3.486
 762000.000   -1.838
 762500.000    0.437
 763000.000   -0.778
 763500.000   -0.006
 764000.000   -3.044
 764500.000   -4.957
 765000.000   -1.747
 765500.000   -2.681
 766000.000    2.860
 766500.000   -3.662
 767000.000   -2.192
 767500.000   -1.999
 768000.000   -3.403
 768500.000   -0.695
 769000.000   -1.149
 769500.000   -1.060
 770000.000   -0.100
 770500.000   -2.114
 771000.000   -3.043
 771500.000   -3.147
 772000.000    1.202
 772500.000   -2.350
 773000.000   -0.367
 773500.000   -3.756
 774000.000   -4.723
 774500.000   -2.544
 775000.000   -3.390
 775500.000   -2.633
 776000.000    1.381
 776500.000   -4.354
 777000.000    2.597
 777500.000   -2.633
 778000.000    1.474
 778500.000    2.879
 779000.000   -1.133
 779500.000    2.631
 780000.000   -3.499
 780500.000   -1.495
 781000.000   -2.101
 781500.000    2.001
 782000.000   -0.422
 782500.000    0.013
 783000.000   -0.180
 783500.000   -0.342
 784000.000   -2.879
 784500.000    0.522
 785000.000    1.553
 785500.000    0.971
 786000.000    1.743
 786500.000    0.432
 787000.000    0.611
 787500.000    0.945
 788000.000    3.568
 788500.000    0.932
 789000.000   -0.359
 789500.000   -0.108
 790000.000   -3.146
 790500.000    1.388
 791000.000    1.986
 791500.000    0.764
 792000.000   -0.423
 792500.000    3.560
 793000.000    2.068
 793500.000    0.439
 794000.000   -0.617
 794500.000    3.037
 795000.000    2.593
 795500.000    1.307
 796000.000    1.809
 796500.000    1.111
 797000.000    0.776
 797500.000    0.611
 798000.000    0.842
 798500.000    3.198
 799000.000    0.505
 799500.000   -0.709
 800000.000    0.757
 800500.000    1.821
 801000.000    1.883
 801500.000   -0.612
 802000.000   -2.084
 802500.000   -2.709
 803000.000   -0.865
 803500.000   -1.048
 804000.000    1.482
 804500.000    0.583
 805000.000    0.416
 805500.000   -1.855
 806000.000    1.376
 806500.000   -0.202
 807000.000    2.089
 807500.000    0.421
 808000.000    1.489
 808500.000    3.839
 809000.000    2.086
 809500.000    2.409
 810000.000    2.325
 810500.000    2.169
 811000.000   -2.780
 811500.000    1.023
 812000.000    0.774
 812500.000   -0.368
 813000.000   -1.495
 813500.000   -0.356
 814000.000   -0.342
 814500.000   -0.959
 815000.000    1.639
 815500.000    0.694
 816000.000    0.075
 816500.000    1.626
 817000.000    1.981
 817500.000   -2.375
 818000.000   -1.410
 818500.000   -2.086
 819000.000    1.653
 819500.000   -1.650
 820000.000    0.425
 820500.000    2.953
 821000.000    0.418
 821500.000    0.861
 822000.000    2.765
 822500.000   -2.061
 823000.000   -0.422
 823500.000   -1.036
 824000.000   -2.594
 824500.000   -4.885
 825000.000    0.771
 825500.000   -2.785
 826000.000   -1.653
 826500.000    2.347
 827000.000    2.258
 827500.000   -0.345
 828000.000   -4.524
 828500.000    1.055
 829000.000   -0.615
 829500.000   -0.954
 830000.000   -2.524
 830500.000   -0.606
 831000.000    0.428
 831500.000    1.468
 832000.000   -2.784
 832500.000   -1.210
 833000.000   -0.326
 833500.000    2.176
 834000.000   -0.975
 834500.000    0.178
 835000.000   -0.070
 835500.000   -4.510
 836000.000   -0.943
 836500.000   -4.867
 837000.000   -3.296
 837500.000   -1.229
 838000.000   -0.764
 838500.000   -1.989
 839000.000   -2.429
 839500.000   -1.817
 840000.000   -0.874
 840500.000   -2.342
 841000.000   -4.343
 841500.000   -4.508
 842000.000   -3.907
 842500.000   -2.255
 843000.000   -2.072
 843500.000   -1.396
 844000.000   -0.709
 844500.000   -3.046
 845000.000   -1.211
 845500.000   -4.682
 846000.000   -2.782
 846500.000   -2.865
 847000.000    2.088
 847500.000   -3.034
 848000.000   -3.635
 848500.000   -3.398
 849000.000   -5.300
 849500.000   -0.432
 850000.000   -2.097
 850500.000    1.745
 851000.000   -3.650
 851500.000    0.710
 852000.000   -1.115
 852500.000   -4.700
 853000.000   -2.791
 853500.000   -2.858
 854000.000   -1.210
 854500.000   -0.853
 855000.000   -1.045
 855500.000   -3.983
 856000.000   -0.684
 856500.000   -2.159
 857000.000   -0.070
 857500.000   -4.512
 858000.000   -1.376
 858500.000   -1.657
 859000.000   -1.128
 859500.000   -3.307
 860000.000   -3.293
 860500.000   -2.608
 861000.000   -1.298
 861500.000   -1.124
 862000.000   -2.595
 862500.000    0.421
 863000.000   -2.084
 863500.000   -2.258
 864000.000   -2.262
 864500.000   -4.711
 865000.000   -0.347
 865500.000   -2.517
 866000.000   -0.606
 866500.000   -0.530
 867000.000   -2.528
 867500.000   -5.747
 868000.000   -3.564
 868500.000   -1.829
 869000.000   -2.182
 869500.000   -1.831
 870000.000   -1.121
 870500.000   -0.436
 871000.000   -3.296
 871500.000    0.421
 872000.000    0.013
 872500.000   -1.305
 873000.000    0.002
 873500.000   -0.420
 874000.000   -2.443
 874500.000   -0.523
 875000.000    2.879
 875500.000    0.343
 876000.000   -1.923
 876500.000    0.086
 877000.000    0.783
 877500.000   -4.964
 878000.000    1.308
 878500.000    3.046
 879000.000    4.251
 879500.000   -2.879
 880000.000    1.296
 880500.000   -1.747
 881000.000   -2.347
 881500.000   -0.345
 882000.000    1.399
 882500.000   -0.448
 883000.000   -0.280
 883500.000   -0.633
 884000.000   -0.092
 884500.000    0.955
 885000.000   -1.816
 885500.000    0.879
 886000.000    1.475
 886500.000   -1.722
 887000.000    0.781
 887500.000    1.131
 888000.000   -1.131
 888500.000   -0.604
 889000.000   -2.947
 889500.000    0.875
 890000.000    0.602
 890500.000    0.875
 891000.000    0.274
 891500.000    0.684
 892000.000    2.001
 892500.000    0.178
 893000.000    0.865
 893500.000    0.521
 894000.000   -0.952
 894500.000   -2.182
 895000.000   -0.605
 895500.000   -0.259
 896000.000    0.705
 896500.000   -2.617
 897000.000    1.923
 897500.000   -1.105
 898000.000    3.147
 898500.000    1.301
 899000.000    0.785
 899500.000   -3.057
 900000.000    1.550
 900500.000    0.451
 901000.000    1.147
 901500.000   -1.229
 902000.000   -1.043
 902500.000   -3.211
 903000.000   -1.119
 903500.000   -0.164
 904000.000   -3.566
 904500.000   -0.604
 905000.000   -1.295
 905500.000   -3.999
 906000.000   -2.604
 906500.000   -4.265
 907000.000   -4.168
 907500.000   -0.315
 908000.000   -3.559
 908500.000   -4.432
 909000.000   -3.204
 909500.000   -5.836
 910000.000   -0.961
 910500.000   -1.809
 911000.000   -3.736
 911500.000   -4.627
 912000.000   -4.006
 912500.000   -4.524
 913000.000   -2.249
 913500.000    1.214
 914000.000   -1.637
 914500.000   -2.004
 915000.000   -2.878
 915500.000   -1.112
 916000.000   -2.102
 916500.000    3.214
 917000.000    0.350
 917500.000   -2.184
 918000.000    1.575
 918500.000   -0.351
 919000.000    1.836
 919500.000   -0.775
 920000.000    0.510
 920500.000    2.606
 921000.000    1.653
 921500.000    0.430
 922000.000    0.342
 922500.000   -0.509
 923000.000   -0.257
 923500.000   -2.088
 924000.000    2.253
 924500.000   -1.987
 925000.000    3.649
 925500.000    2.783
 926000.000   -1.481
 926500.000    3.046
 927000.000    0.077
 927500.000    3.028
 928000.000    0.166
 928500.000   -1.146
 929000.000    2.253
 929500.000    1.305
 930000.000   -2.027
 930500.000    0.702
 931000.000   -2.093
 931500.000   -0.681
 932000.000   -0.251
 932500.000   -0.800
 933000.000    1.550
 933500.000    2.602
 934000.000    1.742
 934500.000    1.562
 935000.000   -1.559
 935500.000   -0.085
 936000.000    2.009
 936500.000   -0.076
 937000.000   -1.836
 937500.000   -0.170
 938000.000    0.173
 938500.000    0.427
 939000.000    3.656
 939500.000    2.105
 940000.000    1.395
 940500.000   -2.265
 941000.000   -1.570
 941500.000    0.425
 942000.000    0.162
 942500.000   -0.691
 943000.000    0.861
 943500.000   -2.008
 944000.000    1.566
 944500.000    0.615
 945000.000   -0.260
 945500.000    0.604
 946000.000    1.658
 946500.000    1.307
 947000.000    1.397
 947500.000    0.269
 948000.000   -0.613
 948500.000    0.001
 949000.000   -3.122
 949500.000   -1.554
 950000.000    0.719
 950500.000    1.136
 951000.000    2.959
 951500.000    2.173
 952000.000   -1.032
 952500.000    2.687
 953000.000   -0.171
 953500.000    2.865
 954000.000   -0.264
 954500.000    1.152
 955000.000    1.236
 955500.000   -1.119
 956000.000    0.799
 956500.000   -1.204
 957000.000    2.175
 957500.000    1.571
 958000.000    2.001
 958500.000    1.832
 959000.000    0.354
 959500.000    1.839
 960000.000    2.368
 960500.000    1.568
 961000.000    1.484
 961500.000    5.143
 962000.000   -1.926
 962500.000    1.580
 963000.000   -2.606
 963500.000   -2.345
 964000.000   -1.119
 964500.000   -0.262
 965000.000   -0.695
 965500.000   -2.530
 966000.000   -2.519
 966500.000    0.359
 967000.000   -2.336
 967500.000   -1.829
 968000.000    1.122
 968500.000    0.524
 969000.000    0.267
 969500.000    2.089
 970000.000   -0.251
 970500.000   -2.003
 971000.000   -0.541
 971500.000    1.646
 972000.000    0.702
 972500.000    1.647
 973000.000   -4.011
 973500.000   -2.014
 974000.000    2.183
 974500.000   -0.084
 975000.000   -0.358
 975500.000   -1.472
 976000.000    0.888
 976500.000   -1.827
 977000.000   -5.051
 977500.000   -0.594
 978000.000   -1.309
 978500.000    0.285
 979000.000   -1.731
 979500.000   -0.097
 980000.000   -0.090
 980500.000    0.157
 981000.000    0.521
 981500.000    1.394
 982000.000   -0.949
 982500.000    3.394
 983000.000    0.180
 983500.000   -0.262
 984000.000    1.136
 984500.000   -1.651
 985000.000   -2.961
 985500.000   -0.942
 986000.000   -3.117
 986500.000   -3.555
 987000.000    0.279
 987500.000   -1.644
 988000.000    1.293
 988500.000    1.133
 989000.000    0.442
 989500.000    1.053
 990000.000    1.230
 990500.000   -1.037
 991000.000    0.861
 991500.000   -0.440
 992000.000   -2.260
 992500.000    2.079
 993000.000   -1.392
 993500.000    0.524
 994000.000   -0.438
 994500.000    4.348
 995000.000   -0.780
 995500.000   -0.966
 996000.000    2.368
 996500.000    0.528
 997000.000   -3.213
 997500.000   -1.481
 998000.000    0.342
 998500.000   -0.679
 999000.000    1.585
 999500.000    1.928
1000000.000   -1.304
