43.09 39.747 -104.8645
50.332 38.237 -95.446
52.064 39.764 -103.938
62.804 43.15 -118.389
42.479 36.74 -97.604
48.708 42.351 -112.7355
55.31 44.509 -119.6975
51.994 42.189 -117.8085
44.612 41.19 -100.132
45.718 37.912 -98.305
38.794 36.043 -87.872
45.21 38.685 -98.926
41.826 31.904 -79.0655
41.557 39.498 -90.8815
47.461 43.773 -106.6145
49.243 44.418 -116.6095
41.007 39.02 -83.59
40.616 38.138 -99.767
91.91 53.143 -122.7305
52.458 50.004 -124.735
66.226 55.697 -142.7785
53.776 51.396 -127.4155
57.23 48.5 -131.7965
46.841 41.699 -112.982
73.318 37.822 -104.633
33.744 29.867 -83.6455
74.114 37.638 -96.1425
43.601 44.506 -102.9965
44.337 43.506 -106.6935
53.357 40.813 -108.556
33.306 36.248 -87.9745
39.175 31.742 -81.9295
44.958 39.856 -103.873
43.3 37.314 -101.2605
40.258 36.357 -94.2365
37.396 37.996 -92.545
34.624 36.957 -90.205
38.102 38.345 -101.293
47.339 40.182 -99.299
39.483 39.118 -101.625
42.526 49.646 -112.239
45.613 45.842 -114.825
38.123 43.991 -112.131
41.877 43.478 -114.154
32.898 31.238 -80.034
50.108 42.38 -108.4105
51.714 44.795 -109.8565
65.126 43.433 -111.966
43.874 45.157 -111.5745
45.905 41.087 -106.255
50.695 41.834 -106.745
40.287 40.003 -102.022
50.173 39.202 -106.3165
52.19 44.15 -127.513
44.9 44.902 -113.5545
54.392 48.348 -114.5195
50.292 42.041 -104.8895
58.769 45.168 -120.8535
42.878 37.373 -79.9335
49.345 42.327 -94.842
47.821 43.766 -86.976
43.709 40.064 -93.9975
50.852 39.619 -95.0665
50.927 33.97 -82.1245
39.647 34.122 -92.5685
75.015 33.988 -83.7115
67.619 34.989 -93.616
48.675 39.017 -111.1965
76.633 42.487 -109.583
48.525 42.682 -112.9955
44.706 38.551 -111.462
41.052 41.623 -106.553
43.162 42.612 -116.037
64.95 34.51 -103.881
82.793 41.126 -107.283
64.501 31.946 -84.2185
75.355 33.771 -96.823
37.007 29.146 -76.8575
65.707 25.672 -73.639
41.699 41.539 -103.373
42.258 44.489 -106.659
47.44 44.662 -124.811
39.887 38.528 -99.25
54.618 50.125 -137.6305
40.95 40.49 -114.401
54.566 53.116 -129.845
53.516 52.688 -131.1105
48.687 49.328 -124.1305
44.341 41.554 -106.826
50.035 44.307 -113.274
41.29 44.514 -112.254
44.847 46.496 -116.7275
43.848 39.699 -115.332
40.031 38.205 -99.1735
41.087 40.074 -102.194
32.154 32.419 -89.2075
43.316 40.504 -103.167
46.023 46.193 -116.6855
49.632 48.8 -120.076
40.252 37.092 -100.337
44.555 37.949 -107.054
