15.829 17.696 -40.8235
22.142 25.508 -55.334
24.934 27.711 -60.4855
20.112 21.374 -49.802
23.37 23.662 -57.3005
23.242 19.401 -55.7695
21.417 22.318 -57.68
16.78 17.47 -42.1655
28.625 30.563 -73.785
24.256 23.449 -49.673
21.673 23.268 -52.208
21.095 18.84 -48.261
22.255 22.989 -61.1
21.993 20.691 -52.371
27.085 24.457 -64.199
23.807 25.563 -62.067
32.543 31.447 -82.889
30.227 30.045 -78.756
33.984 30.747 -71.5335
36.575 35.461 -96.4635
34.863 29.416 -82.472
32.534 28.211 -76.0325
31.86 27.212 -78.3295
26.584 23.481 -58.3985
28.266 26.522 -66.8485
24.714 22.41 -51.569
25.087 26.441 -57.497
22.361 26.002 -61.155
24.56 19.821 -55.261
19.365 19.894 -49.55
18.759 21.348 -45.1365
23.35 23.963 -58.7545
20.364 23.256 -52.701
25.4 22.987 -54.959
26.257 24.977 -58.82
30.422 25.128 -65.978
34.123 32.591 -76.7455
32.185 33.547 -80.0095
26.345 28.158 -71.132
35.583 36.105 -86.511
38.799 34.442 -87.327
29.852 27.394 -74.7955
28.124 28.169 -69.055
25.951 29.3 -71.853
33.831 35.992 -76.947
31.874 34.384 -88.896
33.371 32.162 -82.0525
34.085 32.024 -83.149
33.955 34.831 -86.0915
29.962 32.186 -68.3255
26.551 28.198 -55.501
24.791 24.885 -60.671
32.892 30.172 -82.119
30.924 33.182 -88.9645
24.276 28.929 -60.914
32.618 36.851 -80.563
30.657 31.283 -83.4885
28.4 32.743 -76.674
26.52 27.475 -69.881
28.289 26.486 -66.789
24.987 25.519 -68.067
32.015 39.993 -87.776
26.842 24.715 -63.7815
30.715 27.421 -72.297
31.606 30.486 -85.583
28.069 27.422 -74.8135
28.0 27.761 -81.189
24.047 25.735 -69.4115
30.644 25.853 -84.88
30.242 29.969 -78.295
26.88 26.493 -74.548
27.607 25.235 -69.457
22.657 21.59 -51.586
24.063 25.558 -61.087
25.392 28.181 -63.1
24.392 27.106 -65.8225
32.87 34.101 -85.8015
31.103 31.775 -73.6035
27.31 32.037 -62.025
29.759 31.143 -64.912
37.898 37.63 -91.0865
41.243 41.258 -84.102
35.824 35.471 -73.1555
36.19 37.447 -84.632
32.923 33.148 -79.2555
33.682 32.275 -79.566
27.57 30.195 -61.575
30.441 31.091 -72.7325
29.878 32.82 -66.895
26.55 30.943 -63.925
25.381 30.875 -59.5485
26.666 34.771 -69.9555
32.706 42.655 -82.666
40.239 49.981 -92.105
41.921 55.002 -101.6385
48.42 56.724 -115.7545
39.677 49.213 -91.5435
36.711 41.807 -87.791
32.841 33.019 -79.9055
37.075 35.809 -87.396
28.659 32.634 -71.754
