 750000.000   26.619
 750500.000   27.679
 751000.000   27.999
 751500.000   26.900
 752000.000   27.459
 752500.000   28.072
 753000.000   28.452
 753500.000   27.310
 754000.000   27.108
 754500.000   27.250
 755000.000   26.524
 755500.000   27.186
 756000.000   27.134
 756500.000   27.830
 757000.000   26.354
 757500.000   28.166
 758000.000   27.349
 758500.000   27.671
 759000.000   27.086
 759500.000   28.489
 760000.000   28.300
 760500.000   27.401
 761000.000   26.698
 761500.000   27.441
 762000.000   27.139
 762500.000   26.941
 763000.000   26.539
 763500.000   26.810
 764000.000   26.787
 764500.000   26.480
 765000.000   27.593
 765500.000   27.523
 766000.000   27.253
 766500.000   27.245
 767000.000   27.494
 767500.000   27.859
 768000.000   26.753
 768500.000   27.665
 769000.000   27.319
 769500.000   27.002
 770000.000   28.816
 770500.000   28.304
 771000.000   28.237
 771500.000   28.646
 772000.000   27.636
 772500.000   27.444
 773000.000   28.693
 773500.000   28.205
 774000.000   27.779
 774500.000   27.883
 775000.000   28.044
 775500.000   27.811
 776000.000   27.923
 776500.000   28.456
 777000.000   27.189
 777500.000   27.875
 778000.000   28.088
 778500.000   27.542
 779000.000   27.456
 779500.000   26.858
 780000.000   27.328
 780500.000   27.487
 781000.000   26.901
 781500.000   26.697
 782000.000   26.877
 782500.000   27.627
 783000.000   26.792
 783500.000   28.114
 784000.000   26.935
 784500.000   26.451
 785000.000   27.086
 785500.000   26.007
 786000.000   27.115
 786500.000   26.310
 787000.000   27.192
 787500.000   26.299
 788000.000   26.524
 788500.000   26.416
 789000.000   25.942
 789500.000   26.188
 790000.000   27.254
 790500.000   26.113
 791000.000   25.966
 791500.000   27.156
 792000.000   26.694
 792500.000   25.830
 793000.000   26.269
 793500.000   25.895
 794000.000   25.387
 794500.000   26.355
 795000.000   25.403
 795500.000   25.606
 796000.000   26.161
 796500.000   25.917
 797000.000   25.911
 797500.000   26.028
 798000.000   25.990
 798500.000   25.015
 799000.000   26.320
 799500.000   26.876
 800000.000   26.759
 800500.000   26.586
 801000.000   26.277
 801500.000   27.087
 802000.000   26.654
 802500.000   27.084
 803000.000   27.297
 803500.000   26.534
 804000.000   28.166
 804500.000   27.387
 805000.000   26.073
 805500.000   27.245
 806000.000   25.691
 806500.000   27.400
 807000.000   26.584
 807500.000   26.152
 808000.000   26.471
 808500.000   26.563
 809000.000   27.349
 809500.000   25.676
 810000.000   27.066
 810500.000   26.238
 811000.000   25.774
 811500.000   25.521
 812000.000   26.425
 812500.000   25.983
 813000.000   26.433
 813500.000   26.347
 814000.000   27.219
 814500.000   27.238
 815000.000   27.769
 815500.000   27.046
 816000.000   27.043
 816500.000   27.243
 817000.000   27.586
 817500.000   27.097
 818000.000   26.045
 818500.000   28.815
 819000.000   27.283
 819500.000   27.930
 820000.000   26.855
 820500.000   28.615
 821000.000   27.043
 821500.000   28.901
 822000.000   28.780
 822500.000   26.985
 823000.000   27.417
 823500.000   27.328
 824000.000   27.566
 824500.000   27.499
 825000.000   27.051
 825500.000   27.834
 826000.000   27.684
 826500.000   26.860
 827000.000   27.264
 827500.000   28.000
 828000.000   28.426
 828500.000   27.233
 829000.000   27.118
 829500.000   27.388
 830000.000   27.013
 830500.000   27.401
 831000.000   26.705
 831500.000   27.341
 832000.000   27.044
 832500.000   27.974
 833000.000   27.824
 833500.000   28.219
 834000.000   27.963
 834500.000   27.398
 835000.000   28.482
 835500.000   28.685
 836000.000   27.168
 836500.000   27.610
 837000.000   27.655
 837500.000   27.871
 838000.000   27.030
 838500.000   28.784
 839000.000   28.802
 839500.000   27.302
 840000.000   27.881
 840500.000   27.985
 841000.000   27.856
 841500.000   28.283
 842000.000   28.159
 842500.000   27.461
 843000.000   27.112
 843500.000   27.613
 844000.000   27.990
 844500.000   28.419
 845000.000   27.896
 845500.000   28.999
 846000.000   27.689
 846500.000   27.398
 847000.000   28.085
 847500.000   25.981
 848000.000   27.099
 848500.000   27.833
 849000.000   27.540
 849500.000   27.761
 850000.000   28.579
 850500.000   26.401
 851000.000   27.083
 851500.000   26.900
 852000.000   28.731
 852500.000   26.712
 853000.000   26.531
 853500.000   26.623
 854000.000   27.462
 854500.000   28.353
 855000.000   27.628
 855500.000   26.951
 856000.000   27.955
 856500.000   27.456
 857000.000   27.749
 857500.000   27.940
 858000.000   26.902
 858500.000   27.203
 859000.000   27.530
 859500.000   27.322
 860000.000   27.549
 860500.000   28.028
 861000.000   26.669
 861500.000   27.664
 862000.000   29.199
 862500.000   28.383
 863000.000   28.767
 863500.000   28.245
 864000.000   28.805
 864500.000   30.007
 865000.000   29.227
 865500.000   29.083
 866000.000   29.846
 866500.000   28.809
 867000.000   28.096
 867500.000   27.845
 868000.000   27.880
 868500.000   28.405
 869000.000   28.426
 869500.000   28.087
 870000.000   28.230
 870500.000   28.527
 871000.000   27.773
 871500.000   28.536
 872000.000   28.661
 872500.000   28.511
 873000.000   27.563
 873500.000   27.650
 874000.000   28.743
 874500.000   28.273
 875000.000   29.475
 875500.000   27.975
 876000.000   28.070
 876500.000   27.897
 877000.000   27.994
 877500.000   26.714
 878000.000   27.743
 878500.000   28.774
 879000.000   27.609
 879500.000   27.309
 880000.000   27.056
 880500.000   28.060
 881000.000   28.022
 881500.000   28.926
 882000.000   27.630
 882500.000   27.628
 883000.000   27.225
 883500.000   27.474
 884000.000   27.357
 884500.000   26.218
 885000.000   27.425
 885500.000   27.268
 886000.000   28.480
 886500.000   27.455
 887000.000   27.234
 887500.000   27.443
 888000.000   27.803
 888500.000   28.146
 889000.000   27.693
 889500.000   26.853
 890000.000   28.181
 890500.000   26.203
 891000.000   27.734
 891500.000   26.733
 892000.000   28.567
 892500.000   27.244
 893000.000   27.480
 893500.000   28.378
 894000.000   27.592
 894500.000   27.844
 895000.000   28.004
 895500.000   28.024
 896000.000   29.727
 896500.000   29.085
 897000.000   28.100
 897500.000   26.792
 898000.000   28.580
 898500.000   28.879
 899000.000   28.637
 899500.000   27.828
 900000.000   28.621
 900500.000   27.848
 901000.000   28.244
 901500.000   28.091
 902000.000   28.792
 902500.000   29.142
 903000.000   28.639
 903500.000   28.438
 904000.000   28.814
 904500.000   28.338
 905000.000   26.784
 905500.000   27.804
 906000.000   27.204
 906500.000   29.315
 907000.000   27.535
 907500.000   28.713
 908000.000   28.550
 908500.000   28.168
 909000.000   27.831
 909500.000   28.902
 910000.000   28.658
 910500.000   27.629
 911000.000   27.542
 911500.000   28.438
 912000.000   28.541
 912500.000   28.638
 913000.000   28.684
 913500.000   28.699
 914000.000   28.289
 914500.000   28.210
 915000.000   28.838
 915500.000   28.631
 916000.000   28.879
 916500.000   27.370
 917000.000   28.165
 917500.000   27.681
 918000.000   27.863
 918500.000   26.906
 919000.000   26.845
 919500.000   27.398
 920000.000   28.890
 920500.000   27.689
 921000.000   28.581
 921500.000   27.735
 922000.000   27.862
 922500.000   28.570
 923000.000   29.333
 923500.000   27.830
 924000.000   28.036
 924500.000   28.149
 925000.000   27.793
 925500.000   28.364
 926000.000   28.090
 926500.000   28.812
 927000.000   29.199
 927500.000   28.555
 928000.000   28.605
 928500.000   28.780
 929000.000   30.002
 929500.000   29.146
 930000.000   28.506
 930500.000   30.244
 931000.000   29.796
 931500.000   29.862
 932000.000   29.086
 932500.000   27.980
 933000.000   29.064
 933500.000   29.753
 934000.000   28.576
 934500.000   27.881
 935000.000   28.603
 935500.000   29.772
 936000.000   28.373
 936500.000   28.519
 937000.000   28.532
 937500.000   29.062
 938000.000   28.452
 938500.000   27.865
 939000.000   28.402
 939500.000   28.139
 940000.000   28.492
 940500.000   29.763
 941000.000   27.774
 941500.000   27.682
 942000.000   29.113
 942500.000   28.568
 943000.000   29.733
 943500.000   29.427
 944000.000   28.851
 944500.000   28.891
 945000.000   28.558
 945500.000   29.136
 946000.000   29.796
 946500.000   31.165
 947000.000   29.491
 947500.000   30.007
 948000.000   28.756
 948500.000   29.508
 949000.000   28.245
 949500.000   30.605
 950000.000   28.599
 950500.000   27.633
 951000.000   27.896
 951500.000   28.337
 952000.000   29.078
 952500.000   28.812
 953000.000   29.256
 953500.000   29.240
 954000.000   28.671
 954500.000   27.934
 955000.000   28.780
 955500.000   28.425
 956000.000   28.704
 956500.000   27.843
 957000.000   28.667
 957500.000   28.669
 958000.000   29.848
 958500.000   29.120
 959000.000   27.728
 959500.000   28.226
 960000.000   28.319
 960500.000   27.968
 961000.000   29.244
 961500.000   29.366
 962000.000   28.491
 962500.000   29.347
 963000.000   28.100
 963500.000   27.781
 964000.000   28.455
 964500.000   27.519
 965000.000   28.499
 965500.000   28.233
 966000.000   28.336
 966500.000   28.176
 967000.000   28.090
 967500.000   27.631
 968000.000   28.211
 968500.000   28.442
 969000.000   28.428
 969500.000   27.488
 970000.000   27.847
 970500.000   30.392
 971000.000   28.832
 971500.000   28.376
 972000.000   28.811
 972500.000   28.636
 973000.000   29.219
 973500.000   27.963
 974000.000   28.832
 974500.000   29.331
 975000.000   29.103
 975500.000   28.314
 976000.000   28.191
 976500.000   29.476
 977000.000   28.672
 977500.000   29.471
 978000.000   28.869
 978500.000   28.474
 979000.000   28.725
 979500.000   28.162
 980000.000   27.052
 980500.000   28.621
 981000.000   27.882
 981500.000   27.957
 982000.000   28.728
 982500.000   28.829
 983000.000   27.660
 983500.000   29.047
 984000.000   28.017
 984500.000   28.809
 985000.000   27.886
 985500.000   30.460
 986000.000   29.004
 986500.000   28.814
 987000.000   28.682
 987500.000   28.232
 988000.000   29.020
 988500.000   29.090
 989000.000   28.175
 989500.000   28.120
 990000.000   29.056
 990500.000   28.095
 991000.000   29.546
 991500.000   28.660
 992000.000   29.053
 992500.000   29.471
 993000.000   29.369
 993500.000   28.239
 994000.000   30.060
 994500.000   29.086
 995000.000   29.286
 995500.000   28.797
 996000.000   28.617
 996500.000   28.487
 997000.000   28.622
 997500.000   29.044
 998000.000   28.511
 998500.000   29.169
 999000.000   29.595
 999500.000   28.397
1000000.000   29.579
