 750000.000   -3.399
 750500.000    1.215
 751000.000    1.217
 751500.000   -0.008
 752000.000   -3.048
 752500.000   -0.088
 753000.000    0.262
 753500.000    0.510
 754000.000   -0.104
 754500.000   -3.575
 755000.000   -2.954
 755500.000   -2.363
 756000.000   -0.948
 756500.000   -3.827
 757000.000   -2.098
 757500.000   -2.457
 758000.000   -1.129
 758500.000   -3.498
 759000.000   -2.004
 759500.000   -0.895
 760000.000   -1.747
 760500.000    0.432
 761000.000   -1.319
 761500.000    1.566
 762000.000    0.253
 762500.000    2.267
 763000.000    2.005
 763500.000   -0.260
 764000.000    0.608
 764500.000   -0.709
 765000.000   -1.232
 765500.000   -0.281
 766000.000   -1.832
 766500.000   -2.341
 767000.000   -0.361
 767500.000   -0.609
 768000.000   -2.176
 768500.000   -0.627
 769000.000    0.356
 769500.000   -2.109
 770000.000    1.374
 770500.000    3.472
 771000.000   -0.721
 771500.000    1.550
 772000.000   -0.100
 772500.000    0.163
 773000.000    1.034
 773500.000   -1.232
 774000.000   -0.521
 774500.000    0.596
 775000.000   -0.538
 775500.000    0.695
 776000.000   -1.656
 776500.000   -0.189
 777000.000   -0.620
 777500.000   -1.154
 778000.000    0.068
 778500.000    0.853
 779000.000   -2.437
 779500.000    0.084
 780000.000    0.081
 780500.000   -2.968
 781000.000   -0.954
 781500.000    0.086
 782000.000    1.749
 782500.000   -1.575
 783000.000    0.954
 783500.000    1.286
 784000.000    1.383
 784500.000   -0.095
 785000.000    0.250
 785500.000    1.138
 786000.000   -0.191
 786500.000   -0.347
 787000.000    1.650
 787500.000   -0.613
 788000.000   -1.399
 788500.000   -0.782
 789000.000   -3.058
 789500.000   -2.954
 790000.000   -0.091
 790500.000   -1.990
 791000.000   -0.948
 791500.000   -2.783
 792000.000   -4.462
 792500.000   -3.484
 793000.000   -0.966
 793500.000   -2.281
 794000.000   -2.622
 794500.000   -1.647
 795000.000   -3.035
 795500.000   -2.423
 796000.000   -4.533
 796500.000   -3.921
 797000.000   -0.874
 797500.000   -2.872
 798000.000   -3.481
 798500.000   -3.136
 799000.000   -2.806
 799500.000   -1.055
 800000.000   -2.789
 800500.000   -1.058
 801000.000   -2.535
 801500.000   -2.290
 802000.000   -4.180
 802500.000   -2.797
 803000.000   -1.747
 803500.000   -5.067
 804000.000   -2.199
 804500.000   -3.163
 805000.000   -0.531
 805500.000   -3.498
 806000.000   -0.964
 806500.000   -2.970
 807000.000   -3.411
 807500.000   -3.914
 808000.000   -1.404
 808500.000   -0.270
 809000.000   -2.803
 809500.000   -3.216
 810000.000   -1.651
 810500.000   -2.796
 811000.000    0.081
 811500.000   -2.091
 812000.000   -2.448
 812500.000   -3.395
 813000.000   -2.003
 813500.000   -3.151
 814000.000   -2.187
 814500.000   -2.450
 815000.000   -0.806
 815500.000   -1.211
 816000.000   -5.583
 816500.000   -2.783
 817000.000   -4.267
 817500.000   -3.832
 818000.000   -4.350
 818500.000   -2.707
 819000.000   -2.877
 819500.000   -5.129
 820000.000   -0.090
 820500.000   -0.964
 821000.000   -2.877
 821500.000   -1.834
 822000.000   -4.192
 822500.000   -2.858
 823000.000   -5.138
 823500.000   -3.135
 824000.000   -1.830
 824500.000   -4.093
 825000.000   -5.743
 825500.000   -2.700
 826000.000   -3.834
 826500.000   -3.387
 827000.000   -5.912
 827500.000   -2.336
 828000.000    1.477
 828500.000   -4.432
 829000.000   -2.267
 829500.000   -3.122
 830000.000   -3.905
 830500.000   -3.041
 831000.000   -4.968
 831500.000   -1.995
 832000.000   -4.277
 832500.000   -1.994
 833000.000   -1.924
 833500.000   -0.200
 834000.000   -2.796
 834500.000   -3.234
 835000.000   -1.325
 835500.000   -2.368
 836000.000   -2.531
 836500.000   -1.483
 837000.000   -5.491
 837500.000   -4.183
 838000.000   -3.053
 838500.000   -2.718
 839000.000   -4.524
 839500.000   -2.352
 840000.000   -3.931
 840500.000   -2.794
 841000.000   -5.152
 841500.000   -1.403
 842000.000   -4.540
 842500.000   -1.914
 843000.000   -1.385
 843500.000   -3.410
 844000.000   -5.584
 844500.000   -4.118
 845000.000   -5.924
 845500.000   -1.408
 846000.000   -2.883
 846500.000   -2.606
 847000.000   -0.542
 847500.000   -3.919
 848000.000   -2.785
 848500.000   -1.319
 849000.000   -3.919
 849500.000    0.260
 850000.000   -0.189
 850500.000   -1.481
 851000.000   -2.620
 851500.000   -4.444
 852000.000   -3.926
 852500.000   -3.305
 853000.000   -2.789
 853500.000   -3.484
 854000.000   -2.263
 854500.000   -2.535
 855000.000   -3.672
 855500.000   -3.232
 856000.000   -1.316
 856500.000   -4.538
 857000.000   -2.606
 857500.000   -2.178
 858000.000   -1.222
 858500.000   -3.394
 859000.000   -1.740
 859500.000   -1.910
 860000.000   -1.832
 860500.000   -4.093
 861000.000    1.050
 861500.000   -4.104
 862000.000   -0.097
 862500.000    0.265
 863000.000    3.813
 863500.000    0.950
 864000.000    0.420
 864500.000    1.632
 865000.000   -0.098
 865500.000   -2.883
 866000.000    2.338
 866500.000   -1.050
 867000.000    0.249
 867500.000    2.617
 868000.000    0.791
 868500.000    0.524
 869000.000    3.479
 869500.000    3.380
 870000.000    3.568
 870500.000    1.396
 871000.000    1.211
 871500.000    1.548
 872000.000   -0.100
 872500.000   -0.100
 873000.000    0.950
 873500.000    2.425
 874000.000    4.081
 874500.000    3.390
 875000.000    1.816
 875500.000   -0.089
 876000.000    0.081
 876500.000   -1.126
 877000.000   -0.086
 877500.000   -0.535
 878000.000    3.300
 878500.000    1.296
 879000.000    0.778
 879500.000    1.822
 880000.000    0.178
 880500.000    0.938
 881000.000    2.782
 881500.000    2.425
 882000.000   -2.444
 882500.000    1.657
 883000.000    1.314
 883500.000    3.232
 884000.000    0.952
 884500.000    1.571
 885000.000   -1.232
 885500.000    0.432
 886000.000   -0.798
 886500.000    0.782
 887000.000    0.700
 887500.000    1.655
 888000.000   -0.091
 888500.000   -0.954
 889000.000    0.606
 889500.000   -1.740
 890000.000   -0.530
 890500.000   -0.512
 891000.000   -1.580
 891500.000    0.090
 892000.000   -1.568
 892500.000   -1.740
 893000.000   -1.035
 893500.000   -0.785
 894000.000   -2.613
 894500.000    0.434
 895000.000    1.209
 895500.000   -2.095
 896000.000   -2.027
 896500.000    0.157
 897000.000   -0.189
 897500.000    2.093
 898000.000   -1.043
 898500.000    1.133
 899000.000    1.213
 899500.000   -0.776
 900000.000    0.083
 900500.000   -1.651
 901000.000   -1.374
 901500.000    0.249
 902000.000    2.792
 902500.000   -0.620
 903000.000   -1.919
 903500.000    1.656
 904000.000    3.129
 904500.000    2.952
 905000.000    0.100
 905500.000    0.345
 906000.000    0.964
 906500.000    0.435
 907000.000    0.436
 907500.000    0.608
 908000.000    0.620
 908500.000    1.561
 909000.000    0.611
 909500.000   -0.264
 910000.000    1.380
 910500.000   -1.298
 911000.000   -1.481
 911500.000   -1.050
 912000.000    0.528
 912500.000   -1.137
 913000.000   -0.535
 913500.000   -0.854
 914000.000   -1.130
 914500.000   -2.083
 915000.000   -2.187
 915500.000   -1.309
 916000.000   -1.848
 916500.000    0.693
 917000.000   -1.396
 917500.000    0.352
 918000.000   -1.142
 918500.000    0.688
 919000.000    1.570
 919500.000   -2.787
 920000.000   -1.234
 920500.000    0.704
 921000.000   -0.961
 921500.000   -2.778
 922000.000   -0.700
 922500.000   -0.524
 923000.000   -1.667
 923500.000    1.665
 924000.000   -3.396
 924500.000   -0.255
 925000.000   -0.948
 925500.000   -2.707
 926000.000   -1.303
 926500.000    0.597
 927000.000   -2.262
 927500.000   -0.004
 928000.000   -0.789
 928500.000    0.004
 929000.000   -2.093
 929500.000   -1.845
 930000.000   -1.573
 930500.000   -2.796
 931000.000    0.771
 931500.000   -1.302
 932000.000   -2.361
 932500.000    1.037
 933000.000   -0.872
 933500.000    0.696
 934000.000   -4.883
 934500.000   -2.439
 935000.000   -2.093
 935500.000   -3.066
 936000.000   -0.528
 936500.000   -2.091
 937000.000   -1.476
 937500.000   -0.540
 938000.000   -3.055
 938500.000    0.526
 939000.000   -5.138
 939500.000   -0.175
 940000.000   -1.305
 940500.000   -1.923
 941000.000    1.566
 941500.000   -1.387
 942000.000   -0.164
 942500.000   -0.086
 943000.000   -0.517
 943500.000   -2.872
 944000.000   -0.778
 944500.000   -3.836
 945000.000    0.865
 945500.000   -2.430
 946000.000   -2.457
 946500.000   -1.156
 947000.000   -2.963
 947500.000    0.517
 948000.000   -1.495
 948500.000    0.329
 949000.000    0.429
 949500.000   -1.832
 950000.000   -2.001
 950500.000   -2.861
 951000.000   -0.086
 951500.000   -0.615
 952000.000    1.836
 952500.000   -1.220
 953000.000   -1.491
 953500.000   -0.610
 954000.000   -0.867
 954500.000   -1.050
 955000.000    2.100
 955500.000   -2.696
 956000.000   -0.264
 956500.000   -1.374
 957000.000   -2.267
 957500.000   -0.095
 958000.000   -0.366
 958500.000   -2.089
 959000.000    0.618
 959500.000   -0.255
 960000.000    0.437
 960500.000   -0.599
 961000.000   -0.524
 961500.000    1.126
 962000.000   -1.303
 962500.000   -4.879
 963000.000   -0.957
 963500.000   -1.206
 964000.000   -0.798
 964500.000    1.396
 965000.000   -2.077
 965500.000    0.874
 966000.000   -2.091
 966500.000   -0.349
 967000.000   -1.825
 967500.000   -2.530
 968000.000   -1.316
 968500.000    1.225
 969000.000   -1.655
 969500.000   -2.609
 970000.000    0.420
 970500.000    0.929
 971000.000   -0.508
 971500.000   -3.317
 972000.000   -0.526
 972500.000   -2.617
 973000.000   -1.399
 973500.000   -2.519
 974000.000   -1.145
 974500.000   -2.290
 975000.000   -3.142
 975500.000   -4.792
 976000.000   -1.649
 976500.000    0.869
 977000.000   -4.261
 977500.000   -1.477
 978000.000   -1.571
 978500.000    0.175
 979000.000   -1.046
 979500.000   -2.176
 980000.000   -0.679
 980500.000    2.084
 981000.000   -3.832
 981500.000   -0.515
 982000.000   -0.004
 982500.000   -1.823
 983000.000   -1.305
 983500.000   -2.006
 984000.000    0.535
 984500.000   -2.869
 985000.000    3.055
 985500.000    0.595
 986000.000   -0.185
 986500.000    1.032
 987000.000   -0.869
 987500.000    0.877
 988000.000    1.484
 988500.000   -1.215
 989000.000   -0.704
 989500.000   -0.523
 990000.000   -4.716
 990500.000   -2.089
 991000.000    1.298
 991500.000   -2.349
 992000.000    0.943
 992500.000   -0.521
 993000.000   -0.109
 993500.000   -0.783
 994000.000   -2.102
 994500.000   -0.959
 995000.000   -2.354
 995500.000   -2.248
 996000.000   -1.550
 996500.000   -3.041
 997000.000   -3.745
 997500.000   -4.553
 998000.000   -1.296
 998500.000   -3.483
 999000.000   -1.488
 999500.000   -0.790
1000000.000    1.397
