 750000.000    5.759  715.417
 750500.000    5.705  722.159
 751000.000    5.990  687.775
 751500.000    5.826  707.106
 752000.000    5.945  692.962
 752500.000    5.723  719.811
 753000.000    5.877  701.050
 753500.000    5.674  726.032
 754000.000    5.915  696.488
 754500.000    5.765  714.660
 755000.000    5.861  702.936
 755500.000    5.930  694.764
 756000.000    5.875  701.271
 756500.000    5.697  723.174
 757000.000    5.681  725.250
 757500.000    5.860  703.075
 758000.000    5.581  738.209
 758500.000    5.965  690.656
 759000.000    5.874  701.409
 759500.000    5.588  737.268
 760000.000    5.727  719.365
 760500.000    5.834  706.161
 761000.000    5.611  734.225
 761500.000    5.621  732.942
 762000.000    5.807  709.447
 762500.000    5.740  717.731
 763000.000    5.840  705.398
 763500.000    5.753  716.114
 764000.000    5.884  700.139
 764500.000    5.953  692.072
 765000.000    5.933  694.369
 765500.000    5.990  687.822
 766000.000    5.830  706.686
 766500.000    5.933  694.352
 767000.000    5.874  701.360
 767500.000    5.842  705.211
 768000.000    5.820  707.870
 768500.000    5.949  692.541
 769000.000    5.859  703.174
 769500.000    5.805  709.723
 770000.000    5.699  722.844
 770500.000    5.733  718.620
 771000.000    5.827  706.966
 771500.000    5.880  700.703
 772000.000    5.881  700.586
 772500.000    5.977  689.325
 773000.000    5.998  686.854
 773500.000    5.663  727.552
 774000.000    5.839  705.568
 774500.000    5.877  700.990
 775000.000    5.999  686.699
 775500.000    5.883  700.288
 776000.000    5.734  718.521
 776500.000    5.932  694.447
 777000.000    5.975  689.524
 777500.000    5.808  709.318
 778000.000    5.868  702.133
 778500.000    5.990  687.780
 779000.000    5.861  702.917
 779500.000    5.798  710.537
 780000.000    5.963  690.910
 780500.000    5.917  696.279
 781000.000    5.887  699.839
 781500.000    6.059  679.967
 782000.000    5.944  693.083
 782500.000    6.060  679.784
 783000.000    5.981  688.800
 783500.000    5.970  690.087
 784000.000    6.045  681.478
 784500.000    5.975  689.468
 785000.000    5.902  698.067
 785500.000    5.911  696.919
 786000.000    5.859  703.117
 786500.000    5.751  716.371
 787000.000    6.006  685.965
 787500.000    5.855  703.593
 788000.000    6.087  676.822
 788500.000    6.065  679.235
 789000.000    5.931  694.597
 789500.000    6.018  684.572
 790000.000    5.817  708.202
 790500.000    6.061  679.745
 791000.000    5.966  690.563
 791500.000    5.958  691.529
 792000.000    5.944  693.125
 792500.000    5.947  692.750
 793000.000    5.935  694.175
 793500.000    6.075  678.128
 794000.000    5.858  703.313
 794500.000    6.006  685.948
 795000.000    5.994  687.284
 795500.000    5.910  697.069
 796000.000    5.869  701.952
 796500.000    5.841  705.301
 797000.000    5.876  701.175
 797500.000    5.711  721.326
 798000.000    5.910  697.133
 798500.000    5.860  703.016
 799000.000    5.706  721.980
 799500.000    5.702  722.557
 800000.000    5.810  709.031
 800500.000    5.738  718.022
 801000.000    5.766  714.483
 801500.000    5.847  704.602
 802000.000    5.543  743.251
 802500.000    5.772  713.789
 803000.000    5.893  699.158
 803500.000    5.765  714.616
 804000.000    5.830  706.694
 804500.000    5.870  701.863
 805000.000    5.894  699.018
 805500.000    5.969  690.188
 806000.000    5.787  711.914
 806500.000    5.751  716.377
 807000.000    5.890  699.447
 807500.000    5.707  721.928
 808000.000    6.138  671.175
 808500.000    5.969  690.155
 809000.000    5.839  705.563
 809500.000    6.019  684.467
 810000.000    5.865  702.448
 810500.000    5.705  722.134
 811000.000    5.750  716.456
 811500.000    6.002  686.367
 812000.000    5.895  698.867
 812500.000    6.034  682.736
 813000.000    5.960  691.288
 813500.000    6.071  678.651
 814000.000    6.022  684.163
 814500.000    6.018  684.563
 815000.000    6.084  677.125
 815500.000    6.165  668.302
 816000.000    5.687  724.480
 816500.000    5.716  720.729
 817000.000    5.874  701.351
 817500.000    5.934  694.212
 818000.000    5.965  690.674
 818500.000    5.810  709.086
 819000.000    5.636  730.980
 819500.000    5.835  706.035
 820000.000    5.846  704.752
 820500.000    6.041  681.969
 821000.000    5.824  707.417
 821500.000    5.956  691.650
 822000.000    5.738  717.934
 822500.000    5.986  688.216
 823000.000    5.956  691.725
 823500.000    5.940  693.617
 824000.000    5.917  696.313
 824500.000    5.918  696.118
 825000.000    6.031  683.123
 825500.000    5.972  689.847
 826000.000    5.903  697.875
 826500.000    5.912  696.808
 827000.000    5.949  692.475
 827500.000    5.793  711.206
 828000.000    5.773  713.572
 828500.000    5.976  689.390
 829000.000    5.810  709.146
 829500.000    5.766  714.510
 830000.000    5.799  710.440
 830500.000    6.010  685.447
 831000.000    6.059  679.928
 831500.000    6.007  685.802
 832000.000    5.809  709.210
 832500.000    6.073  678.419
 833000.000    6.177  666.926
 833500.000    5.974  689.635
 834000.000    5.926  695.259
 834500.000    6.030  683.188
 835000.000    6.092  676.260
 835500.000    5.973  689.756
 836000.000    6.200  664.497
 836500.000    6.227  661.642
 837000.000    5.899  698.394
 837500.000    6.227  661.568
 838000.000    6.147  670.160
 838500.000    6.144  670.533
 839000.000    5.799  710.485
 839500.000    6.128  672.267
 840000.000    6.022  684.144
 840500.000    6.122  672.917
 841000.000    6.098  675.585
 841500.000    6.032  682.976
 842000.000    6.102  675.187
 842500.000    6.025  683.804
 843000.000    5.925  695.355
 843500.000    5.982  688.733
 844000.000    5.863  702.645
 844500.000    6.030  683.218
 845000.000    6.061  679.777
 845500.000    6.017  684.713
 846000.000    5.835  706.104
 846500.000    5.857  703.399
 847000.000    5.957  691.556
 847500.000    5.900  698.281
 848000.000    5.797  710.635
 848500.000    5.985  688.362
 849000.000    5.828  706.906
 849500.000    6.017  684.689
 850000.000    6.084  677.102
 850500.000    6.036  682.524
 851000.000    5.958  691.493
 851500.000    5.654  728.676
 852000.000    5.952  692.217
 852500.000    5.757  715.641
 853000.000    5.813  708.740
 853500.000    5.932  694.487
 854000.000    6.114  673.875
 854500.000    5.932  694.479
 855000.000    6.140  671.008
 855500.000    5.971  689.974
 856000.000    5.976  689.432
 856500.000    5.984  688.439
 857000.000    5.983  688.623
 857500.000    6.016  684.775
 858000.000    6.055  680.394
 858500.000    5.987  688.180
 859000.000    5.905  697.681
 859500.000    6.103  675.026
 860000.000    5.949  692.528
 860500.000    6.002  686.424
 861000.000    5.921  695.803
 861500.000    5.868  702.037
 862000.000    5.929  694.886
 862500.000    5.614  733.813
 863000.000    6.076  678.021
 863500.000    5.969  690.181
 864000.000    6.112  674.026
 864500.000    5.753  716.097
 865000.000    5.916  696.436
 865500.000    5.809  709.260
 866000.000    5.865  702.393
 866500.000    5.905  697.702
 867000.000    6.057  680.208
 867500.000    6.030  683.268
 868000.000    5.962  691.055
 868500.000    6.057  680.153
 869000.000    5.947  692.797
 869500.000    5.833  706.322
 870000.000    6.111  674.157
 870500.000    6.035  682.657
 871000.000    6.141  670.891
 871500.000    6.075  678.173
 872000.000    5.973  689.778
 872500.000    5.894  698.930
 873000.000    6.043  681.797
 873500.000    5.794  711.022
 874000.000    5.868  702.047
 874500.000    5.896  698.732
 875000.000    5.964  690.760
 875500.000    5.754  716.027
 876000.000    5.929  694.914
 876500.000    5.680  725.370
 877000.000    6.125  672.628
 877500.000    5.877  700.972
 878000.000    5.985  688.371
 878500.000    5.895  698.873
 879000.000    6.088  676.755
 879500.000    5.792  711.236
 880000.000    5.911  696.915
 880500.000    6.166  668.104
 881000.000    6.050  680.954
 881500.000    6.005  686.095
 882000.000    6.107  674.613
 882500.000    5.915  696.461
 883000.000    5.920  695.899
 883500.000    5.820  707.864
 884000.000    5.913  696.788
 884500.000    5.979  689.031
 885000.000    6.128  672.298
 885500.000    5.873  701.434
 886000.000    5.925  695.318
 886500.000    5.810  709.148
 887000.000    5.666  727.152
 887500.000    5.858  703.279
 888000.000    5.874  701.414
 888500.000    6.118  673.400
 889000.000    6.050  680.947
 889500.000    5.878  700.882
 890000.000    5.990  687.745
 890500.000    5.966  690.602
 891000.000    5.880  700.639
 891500.000    5.947  692.795
 892000.000    6.041  681.991
 892500.000    5.883  700.312
 893000.000    5.902  697.979
 893500.000    5.923  695.516
 894000.000    6.122  672.897
 894500.000    5.953  692.099
 895000.000    5.955  691.867
 895500.000    5.870  701.839
 896000.000    5.985  688.373
 896500.000    5.896  698.719
 897000.000    6.046  681.424
 897500.000    5.935  694.135
 898000.000    6.125  672.657
 898500.000    5.976  689.385
 899000.000    6.020  684.309
 899500.000    6.194  665.108
 900000.000    6.096  675.845
 900500.000    5.987  688.069
 901000.000    6.076  677.989
 901500.000    5.834  706.129
 902000.000    5.850  704.259
 902500.000    5.839  705.558
 903000.000    6.173  667.348
 903500.000    6.111  674.133
 904000.000    5.897  698.631
 904500.000    6.000  686.619
 905000.000    6.132  671.884
 905500.000    6.115  673.735
 906000.000    6.075  678.157
 906500.000    5.799  710.474
 907000.000    6.225  661.843
 907500.000    6.176  667.060
 908000.000    6.146  670.336
 908500.000    6.016  684.789
 909000.000    6.171  667.609
 909500.000    5.979  689.056
 910000.000    6.074  678.214
 910500.000    6.200  664.508
 911000.000    5.971  689.945
 911500.000    6.208  663.577
 912000.000    5.987  688.181
 912500.000    6.173  667.355
 913000.000    6.300  653.973
 913500.000    6.243  659.903
 914000.000    6.138  671.244
 914500.000    6.086  676.972
 915000.000    5.802  710.055
 915500.000    6.164  668.418
 916000.000    5.908  697.355
 916500.000    6.030  683.173
 917000.000    6.090  676.498
 917500.000    6.111  674.148
 918000.000    6.256  658.522
 918500.000    6.026  683.687
 919000.000    6.014  685.051
 919500.000    6.090  676.473
 920000.000    6.172  667.508
 920500.000    6.040  682.083
 921000.000    6.052  680.711
 921500.000    5.980  688.954
 922000.000    5.990  687.805
 922500.000    6.043  681.795
 923000.000    5.931  694.573
 923500.000    6.066  679.118
 924000.000    6.022  684.146
 924500.000    6.025  683.811
 925000.000    5.984  688.517
 925500.000    6.044  681.640
 926000.000    5.992  687.578
 926500.000    5.815  708.536
 927000.000    6.189  665.645
 927500.000    6.013  685.162
 928000.000    6.356  648.181
 928500.000    6.173  667.403
 929000.000    6.018  684.587
 929500.000    6.019  684.482
 930000.000    5.998  686.837
 930500.000    5.944  693.101
 931000.000    5.860  703.051
 931500.000    6.002  686.407
 932000.000    6.171  667.594
 932500.000    6.177  666.933
 933000.000    6.122  672.909
 933500.000    6.076  678.054
 934000.000    6.196  664.890
 934500.000    6.026  683.652
 935000.000    6.004  686.159
 935500.000    6.161  668.737
 936000.000    5.989  687.881
 936500.000    6.063  679.496
 937000.000    6.174  667.280
 937500.000    6.169  667.820
 938000.000    6.166  668.147
 938500.000    6.040  682.042
 939000.000    6.049  681.117
 939500.000    5.890  699.498
 940000.000    6.114  673.795
 940500.000    5.941  693.455
 941000.000    6.192  665.311
 941500.000    6.087  676.781
 942000.000    6.035  682.634
 942500.000    5.907  697.433
 943000.000    6.301  653.838
 943500.000    6.083  677.304
 944000.000    5.975  689.527
 944500.000    6.083  677.263
 945000.000    6.205  663.962
 945500.000    6.121  673.057
 946000.000    6.060  679.864
 946500.000    5.810  709.079
 947000.000    6.099  675.462
 947500.000    6.039  682.149
 948000.000    6.187  665.854
 948500.000    6.131  671.974
 949000.000    6.129  672.165
 949500.000    6.048  681.192
 950000.000    6.031  683.142
 950500.000    6.095  675.881
 951000.000    6.090  676.455
 951500.000    6.021  684.227
 952000.000    6.133  671.718
 952500.000    6.147  670.170
 953000.000    6.022  684.117
 953500.000    6.274  656.597
 954000.000    6.266  657.527
 954500.000    6.018  684.590
 955000.000    6.150  669.888
 955500.000    6.070  678.740
 956000.000    5.897  698.659
 956500.000    6.203  664.190
 957000.000    5.918  696.184
 957500.000    6.164  668.332
 958000.000    6.145  670.461
 958500.000    6.162  668.542
 959000.000    5.945  692.998
 959500.000    6.220  662.329
 960000.000    6.400  643.765
 960500.000    6.180  666.586
 961000.000    6.084  677.178
 961500.000    5.916  696.341
 962000.000    6.210  663.412
 962500.000    5.935  694.148
 963000.000    5.892  699.199
 963500.000    5.855  703.667
 964000.000    6.096  675.872
 964500.000    6.130  672.111
 965000.000    5.816  708.414
 965500.000    6.209  663.515
 966000.000    6.132  671.833
 966500.000    6.017  684.672
 967000.000    6.189  665.612
 967500.000    5.833  706.299
 968000.000    6.037  682.438
 968500.000    6.194  665.169
 969000.000    6.186  665.970
 969500.000    6.266  657.490
 970000.000    6.041  682.014
 970500.000    6.269  657.148
 971000.000    6.092  676.271
 971500.000    6.419  641.797
 972000.000    6.230  661.337
 972500.000    6.128  672.239
 973000.000    6.126  672.494
 973500.000    6.146  670.315
 974000.000    6.019  684.442
 974500.000    6.188  665.749
 975000.000    6.113  673.902
 975500.000    5.893  699.097
 976000.000    6.070  678.741
 976500.000    6.108  674.459
 977000.000    6.028  683.432
 977500.000    6.077  677.936
 978000.000    6.086  676.943
 978500.000    6.048  681.137
 979000.000    6.294  654.563
 979500.000    6.059  679.896
 980000.000    5.984  688.437
 980500.000    6.187  665.837
 981000.000    6.241  660.136
 981500.000    6.105  674.807
 982000.000    5.889  699.610
 982500.000    5.962  690.993
 983000.000    5.979  689.063
 983500.000    6.091  676.368
 984000.000    5.922  695.655
 984500.000    6.151  669.786
 985000.000    6.134  671.666
 985500.000    5.897  698.612
 986000.000    6.015  684.961
 986500.000    6.021  684.256
 987000.000    5.873  701.464
 987500.000    6.227  661.628
 988000.000    6.150  669.881
 988500.000    6.155  669.292
 989000.000    6.042  681.820
 989500.000    6.136  671.362
 990000.000    5.889  699.595
 990500.000    6.120  673.162
 991000.000    6.213  663.143
 991500.000    6.083  677.219
 992000.000    6.066  679.149
 992500.000    6.238  660.431
 993000.000    6.139  671.057
 993500.000    6.092  676.316
 994000.000    6.140  671.003
 994500.000    6.025  683.813
 995000.000    5.894  699.028
 995500.000    6.246  659.552
 996000.000    6.165  668.297
 996500.000    5.921  695.824
 997000.000    6.011  685.380
 997500.000    5.897  698.595
 998000.000    6.148  670.094
 998500.000    6.259  658.171
 999000.000    6.260  658.086
 999500.000    6.030  683.208
1000000.000    5.961  691.071
