      43    3.080    0.190
      44    1.143    0.224
      45    1.192    0.160
      46    1.220    0.093
      47    1.821    0.131
      48    0.920    0.117
      49    0.463    0.108
      50    1.241    0.193
      51    1.197    0.219
      52    2.219    0.324
      53    1.002    0.164
      54    1.002    0.162
      55    0.249    0.119
      56    1.887    0.369
      57    1.211    0.243
      58    1.937    0.166
      59    1.669    0.252
      60    1.507    0.219
      61    1.162    0.416
      62    2.167    0.282
      63    2.510    0.255
