      64    1.905    0.165
      65    2.016    0.143
      66    1.152    0.100
      67    0.978    0.151
      68    2.176    0.136
      69    0.755    0.105
      70    0.500    0.166
      71    1.835    0.176
      72    1.488    0.198
      73    2.651    0.169
      74    0.648    0.107
      75    1.326    0.120
      76    0.609    0.092
      77    1.539    0.133
      78    0.518    0.159
      79    1.725    0.150
      80    1.811    0.147
      81    1.005    0.110
      82    1.840    0.159
      83    2.002    0.151
      84    2.775    0.185
