40.806 36.498 -108.733
42.618 36.296 -107.152
33.925 34.941 -95.2195
50.302 49.807 -125.9795
55.068 48.913 -132.675
60.258 54.798 -144.9695
49.873 40.081 -117.817
44.032 41.147 -103.5055
53.621 51.764 -124.5165
35.284 36.97 -88.2825
39.894 38.331 -106.441
40.908 43.119 -105.556
41.215 36.908 -109.953
47.303 43.066 -117.2075
50.462 49.817 -129.4835
49.025 46.128 -128.629
38.51 38.942 -108.484
33.5 32.228 -85.397
37.65 34.765 -91.126
37.513 34.283 -91.875
38.072 35.489 -90.269
46.839 48.574 -114.485
58.246 52.468 -130.4105
56.823 59.431 -141.101
49.76 50.332 -125.845
60.733 56.584 -146.1535
54.521 56.59 -132.8445
47.85 48.274 -115.7065
45.593 46.537 -102.961
40.571 40.39 -99.4
51.711 53.131 -126.9745
52.128 55.794 -134.5025
40.876 51.236 -112.7345
47.882 52.134 -115.9865
56.261 51.91 -130.906
53.026 58.217 -135.3365
61.934 64.602 -151.14
62.208 71.044 -151.0855
65.343 70.62 -163.8125
61.545 70.53 -157.408
58.397 64.569 -154.2835
56.897 61.841 -140.438
57.896 61.457 -141.488
62.971 69.294 -166.2395
63.228 66.392 -155.7875
61.135 59.154 -145.9415
45.669 51.81 -125.3455
51.583 56.792 -125.446
44.157 47.969 -114.7605
51.282 53.43 -129.5445
49.281 55.751 -129.0385
52.428 58.224 -137.098
60.439 59.514 -146.0015
60.284 57.179 -143.1055
65.627 64.563 -157.8
55.768 60.109 -140.8245
59.267 52.804 -129.991
52.331 55.514 -118.0165
43.872 45.778 -95.226
52.699 59.063 -132.594
57.063 57.379 -133.108
51.74 53.988 -130.192
57.59 57.934 -130.4165
53.08 56.694 -137.4285
60.046 60.41 -147.048
61.673 66.071 -144.9195
54.613 55.349 -130.7105
61.01 66.249 -153.341
63.11 68.483 -152.484
55.83 64.446 -131.73
51.419 58.464 -128.303
50.546 57.097 -125.8945
47.619 54.068 -112.951
44.97 50.206 -114.7225
43.045 49.811 -103.491
48.696 50.633 -121.9355
48.204 56.139 -120.6015
51.698 54.423 -126.4045
49.136 56.689 -129.672
48.516 53.406 -127.0875
46.177 59.414 -125.8855
47.134 52.405 -114.2585
46.962 51.847 -115.4375
41.803 47.02 -107.103
45.34 49.516 -113.795
42.873 46.819 -110.108
39.197 45.126 -103.705
41.633 49.828 -103.421
38.372 42.652 -90.372
49.712 56.874 -129.532
50.747 52.084 -115.561
44.157 50.038 -108.867
46.602 50.119 -112.991
41.443 51.316 -104.679
45.994 50.975 -118.079
44.931 54.566 -107.817
47.227 53.371 -117.188
48.271 51.82 -116.506
47.698 50.92 -115.1505
38.216 42.521 -96.4235
36.007 35.072 -82.6595
