 750000.000 1.179883 1.126509 0.508691 1.120919
 750500.000 1.162421 1.100661 0.537020 1.096633
 751000.000 1.172592 1.118238 0.514653 1.111134
 751500.000 1.216107 1.160661 0.522124 1.156757
 752000.000 1.159565 1.099326 0.561235 1.079667
 752500.000 1.182489 1.125055 0.567858 1.099249
 753000.000 1.147751 1.086588 0.569337 1.062943
 753500.000 1.185953 1.142892 0.532102 1.106180
 754000.000 1.155312 1.102200 0.569653 1.063080
 754500.000 1.141310 1.088164 0.589302 1.036244
 755000.000 1.165776 1.109444 0.569524 1.078352
 755500.000 1.100019 1.046642 0.528670 1.022316
 756000.000 1.145511 1.091516 0.566134 1.054740
 756500.000 1.163368 1.094433 0.582374 1.081624
 757000.000 1.136792 1.079365 0.537403 1.063372
 757500.000 1.145985 1.089674 0.550497 1.065891
 758000.000 1.132886 1.073073 0.560505 1.049385
 758500.000 1.164435 1.105063 0.541226 1.094407
 759000.000 1.149986 1.088107 0.581509 1.059627
 759500.000 1.131705 1.076831 0.589238 1.027008
 760000.000 1.110657 1.052115 0.530209 1.038774
 760500.000 1.190606 1.143683 0.594238 1.083492
 761000.000 1.206962 1.166982 0.540781 1.122150
 761500.000 1.159170 1.116434 0.533929 1.075103
 762000.000 1.172024 1.124963 0.499133 1.110228
 762500.000 1.222439 1.181963 0.543635 1.138479
 763000.000 1.199842 1.160976 0.486036 1.138045
 763500.000 1.132325 1.081681 0.573661 1.032086
 764000.000 1.088702 1.021589 0.606142 0.979536
 764500.000 1.078231 1.008301 0.600951 0.973318
 765000.000 1.084101 1.007025 0.629814 0.969425
 765500.000 1.049354 0.964251 0.634203 0.932896
 766000.000 1.123893 1.064286 0.626621 1.000456
 766500.000 1.052760 0.971265 0.567959 0.975025
 767000.000 1.030403 0.955486 0.639792 0.895083
 767500.000 1.035999 0.960187 0.625747 0.912727
 768000.000 1.061207 0.977534 0.655213 0.931367
 768500.000 1.051538 0.962508 0.654471 0.925587
 769000.000 1.055047 0.980047 0.631869 0.930860
 769500.000 1.094066 1.024848 0.582368 1.002245
 770000.000 1.099466 1.025837 0.590908 1.008037
 770500.000 1.104167 1.026157 0.565133 1.032470
 771000.000 1.091547 0.996689 0.629780 0.996464
 771500.000 1.086559 1.016248 0.549646 1.013090
 772000.000 1.107796 1.041846 0.526439 1.044914
 772500.000 1.038211 0.962533 0.594197 0.936069
 773000.000 1.035558 0.956758 0.598011 0.933681
 773500.000 1.025436 0.939127 0.630524 0.907478
 774000.000 1.014266 0.932232 0.567222 0.930953
 774500.000 1.009662 0.920232 0.658925 0.870532
 775000.000 1.023149 0.945571 0.629624 0.896179
 775500.000 1.053797 0.967237 0.661257 0.920959
 776000.000 1.059077 0.984957 0.573898 0.971489
 776500.000 1.040947 0.949640 0.587821 0.959058
 777000.000 1.063790 0.990778 0.603586 0.957779
 777500.000 1.041659 0.955567 0.618812 0.934917
 778000.000 1.103161 1.016949 0.586594 1.027449
 778500.000 1.105772 1.032643 0.552727 1.036150
 779000.000 1.113113 1.036297 0.558392 1.045144
 779500.000 1.129243 1.044493 0.581573 1.058862
 780000.000 1.114676 1.012822 0.583316 1.057800
 780500.000 1.132129 1.043425 0.567954 1.073372
 781000.000 1.183944 1.081268 0.611774 1.122515
 781500.000 1.147425 1.029030 0.628633 1.085858
 782000.000 1.160455 1.056220 0.619036 1.092934
 782500.000 1.159763 1.039496 0.645845 1.091985
 783000.000 1.128101 1.013269 0.636247 1.055320
 783500.000 1.150199 1.032475 0.658560 1.070610
 784000.000 1.107871 0.997270 0.653994 1.016119
 784500.000 1.135924 1.015481 0.657799 1.056761
 785000.000 1.098675 0.954732 0.704785 1.002964
 785500.000 1.109947 0.971344 0.650934 1.047255
 786000.000 1.121125 0.995897 0.642569 1.053157
 786500.000 1.102594 0.989406 0.621867 1.032370
 787000.000 1.067042 0.903068 0.667212 1.008194
 787500.000 1.063301 0.912479 0.637382 1.011110
 788000.000 1.070908 0.906928 0.656996 1.019573
 788500.000 1.054718 0.894984 0.666555 0.989732
 789000.000 1.021220 0.850904 0.653877 0.966533
 789500.000 1.017454 0.833928 0.674914 0.958894
 790000.000 1.041043 0.853343 0.675110 0.991753
 790500.000 1.045526 0.826508 0.715353 0.995693
 791000.000 1.050622 0.841188 0.707192 0.999947
 791500.000 1.035309 0.818131 0.720189 0.977609
 792000.000 1.079735 0.843684 0.751476 1.027198
 792500.000 1.078675 0.880381 0.710847 1.023086
 793000.000 1.069623 0.835197 0.757186 1.008615
 793500.000 1.041211 0.802675 0.741246 0.987172
 794000.000 1.105563 0.832873 0.804150 1.050812
 794500.000 1.084048 0.845699 0.755621 1.031577
 795000.000 1.075268 0.857430 0.738480 1.015807
 795500.000 1.123973 0.844423 0.822563 1.066288
 796000.000 1.085006 0.869187 0.754473 1.014770
 796500.000 1.109907 0.846498 0.809104 1.045265
 797000.000 1.033487 0.840997 0.703813 0.966210
 797500.000 1.057585 0.856561 0.718132 0.993760
 798000.000 1.079980 0.889926 0.705284 1.021429
 798500.000 1.056997 0.875814 0.691671 0.994498
 799000.000 1.067198 0.844125 0.751288 1.000420
 799500.000 1.094960 0.882658 0.750798 1.027177
 800000.000 1.079074 0.845177 0.774064 1.007623
 800500.000 1.113127 0.898325 0.749382 1.053347
 801000.000 1.095023 0.928223 0.692219 1.028292
 801500.000 1.131676 0.918225 0.740874 1.081365
 802000.000 1.113575 0.901849 0.742510 1.056146
 802500.000 1.072847 0.866797 0.724441 1.012842
 803000.000 1.052445 0.846285 0.726212 0.985748
 803500.000 1.079866 0.884795 0.725223 1.011638
 804000.000 1.078240 0.890180 0.713101 1.012061
 804500.000 1.120764 0.889419 0.772686 1.060242
 805000.000 1.055911 0.826180 0.747503 0.994265
 805500.000 1.100754 0.864258 0.774202 1.037780
 806000.000 1.118101 0.879602 0.782274 1.055767
 806500.000 1.078605 0.849133 0.770199 1.006253
 807000.000 1.077852 0.840813 0.768714 1.012741
 807500.000 1.072404 0.828614 0.764729 1.014243
 808000.000 1.075719 0.856807 0.762733 0.999232
 808500.000 1.060023 0.846551 0.747603 0.985769
 809000.000 1.073007 0.869792 0.704550 1.024577
 809500.000 1.074600 0.840140 0.743777 1.024933
 810000.000 1.066538 0.837715 0.736299 1.015433
 810500.000 1.069945 0.850051 0.733456 1.014406
 811000.000 1.103970 0.865910 0.760049 1.053577
 811500.000 1.067197 0.865308 0.704821 1.016017
 812000.000 1.080940 0.862541 0.745183 1.018622
 812500.000 1.053675 0.859628 0.697472 0.997514
 813000.000 1.035046 0.853278 0.706583 0.956712
 813500.000 1.028879 0.868649 0.673668 0.953313
 814000.000 1.035450 0.865791 0.679877 0.965655
 814500.000 1.025505 0.850465 0.701746 0.942116
 815000.000 1.013807 0.859918 0.667604 0.932983
 815500.000 1.060339 0.922162 0.653960 0.985185
 816000.000 1.051609 0.883843 0.705750 0.965661
 816500.000 1.054179 0.868767 0.709681 0.981928
 817000.000 1.089389 0.922952 0.691303 1.021663
 817500.000 1.126377 0.909717 0.751774 1.069908
 818000.000 1.171731 0.960489 0.733948 1.133440
 818500.000 1.182987 0.946579 0.782384 1.136125
 819000.000 1.114163 0.906459 0.753420 1.045663
 819500.000 1.138650 0.914803 0.761922 1.084278
 820000.000 1.090985 0.870769 0.730766 1.043187
 820500.000 1.155531 0.932338 0.759918 1.106245
 821000.000 1.138529 0.917690 0.758880 1.083718
 821500.000 1.153769 0.908634 0.790059 1.101163
 822000.000 1.083597 0.832125 0.778001 1.025010
 822500.000 1.098556 0.853387 0.769324 1.045717
 823000.000 1.062842 0.851636 0.721832 1.006449
 823500.000 1.098134 0.861730 0.764871 1.041244
 824000.000 1.083666 0.863593 0.739910 1.027330
 824500.000 1.091984 0.842859 0.785964 1.027963
 825000.000 1.027326 0.793517 0.732847 0.971629
 825500.000 1.103744 0.909704 0.702434 1.056186
 826000.000 1.106737 0.909845 0.725014 1.047028
 826500.000 1.107054 0.916286 0.714259 1.049471
 827000.000 1.131487 0.932893 0.727934 1.077195
 827500.000 1.138269 0.902105 0.777650 1.082950
 828000.000 1.096851 0.883848 0.725366 1.048247
 828500.000 1.125072 0.915123 0.718188 1.085510
 829000.000 1.062804 0.866763 0.691143 1.014962
 829500.000 1.030169 0.808563 0.712092 0.980635
 830000.000 1.068855 0.857614 0.715754 1.018379
 830500.000 1.087065 0.849426 0.754832 1.035436
 831000.000 1.074819 0.835472 0.748184 1.026000
 831500.000 1.088912 0.781595 0.824993 1.039210
 832000.000 1.070860 0.868691 0.702290 1.022568
 832500.000 1.058843 0.824133 0.741862 1.006352
 833000.000 1.072026 0.831931 0.749527 1.022046
 833500.000 1.038278 0.819377 0.717380 0.984900
 834000.000 1.045480 0.805894 0.748635 0.987996
 834500.000 1.037719 0.797023 0.743795 0.982469
 835000.000 1.039839 0.736765 0.809341 0.982179
 835500.000 1.044360 0.732150 0.806678 0.997297
 836000.000 1.026724 0.752440 0.778217 0.967747
 836500.000 1.057790 0.787668 0.793062 0.994218
 837000.000 1.032179 0.839657 0.709594 0.960333
 837500.000 1.037662 0.793483 0.751843 0.979082
 838000.000 1.047218 0.801440 0.761484 0.985478
 838500.000 1.027469 0.811292 0.740786 0.951013
 839000.000 1.018463 0.818592 0.727738 0.935326
 839500.000 1.048817 0.856198 0.728353 0.967710
 840000.000 1.023692 0.794600 0.751852 0.948273
 840500.000 1.037574 0.805456 0.759097 0.963397
 841000.000 1.038591 0.793613 0.765623 0.970227
 841500.000 1.034688 0.787979 0.758117 0.972372
 842000.000 1.027030 0.734744 0.793909 0.969248
 842500.000 1.036486 0.776712 0.785305 0.963650
 843000.000 1.036945 0.754024 0.800984 0.969733
 843500.000 1.038500 0.746948 0.812167 0.969237
 844000.000 0.991848 0.716586 0.779649 0.919879
 844500.000 1.023197 0.737125 0.793310 0.959775
 845000.000 1.058513 0.806965 0.774260 0.995103
 845500.000 1.043216 0.806675 0.762348 0.971956
 846000.000 1.025522 0.794536 0.768003 0.939295
 846500.000 1.020387 0.752896 0.781875 0.950894
 847000.000 1.028407 0.807300 0.737579 0.958897
 847500.000 1.052635 0.821874 0.742390 0.994717
 848000.000 1.037511 0.812624 0.743388 0.969472
 848500.000 1.046025 0.790739 0.765996 0.988089
 849000.000 1.048394 0.819213 0.757136 0.976676
 849500.000 1.051045 0.803216 0.775071 0.981580
 850000.000 1.060315 0.840117 0.744810 0.993979
 850500.000 1.041268 0.810876 0.753799 0.970951
 851000.000 1.021886 0.804760 0.736972 0.947491
 851500.000 1.026022 0.797594 0.757103 0.946614
 852000.000 1.024494 0.822782 0.708826 0.959048
 852500.000 1.055227 0.856219 0.707098 0.996951
 853000.000 1.038310 0.845560 0.708329 0.969264
 853500.000 1.016600 0.852362 0.662315 0.949614
 854000.000 1.010817 0.832018 0.698788 0.928946
 854500.000 1.033100 0.848172 0.704802 0.958358
 855000.000 1.042626 0.849949 0.735345 0.954458
 855500.000 1.024843 0.846742 0.685697 0.955747
 856000.000 1.014501 0.836212 0.695825 0.935415
 856500.000 1.016231 0.810596 0.725540 0.939136
 857000.000 1.016616 0.790946 0.735389 0.949013
 857500.000 1.002939 0.785501 0.736650 0.923095
 858000.000 1.018112 0.815995 0.725081 0.938888
 858500.000 1.026371 0.832202 0.737529 0.932934
 859000.000 1.035963 0.774116 0.785841 0.964178
 859500.000 1.036016 0.828887 0.744886 0.951185
 860000.000 1.021371 0.803073 0.748887 0.938423
 860500.000 1.041168 0.791417 0.779820 0.966231
 861000.000 1.038073 0.778436 0.776742 0.972574
 861500.000 1.042640 0.764137 0.796890 0.977373
 862000.000 1.045780 0.784024 0.780154 0.981824
 862500.000 1.073917 0.819485 0.791892 1.003967
 863000.000 1.048758 0.810595 0.767385 0.976649
 863500.000 1.088194 0.794612 0.840811 1.014871
 864000.000 1.036086 0.796012 0.751181 0.974187
 864500.000 1.046785 0.787915 0.779669 0.981237
 865000.000 1.040849 0.788504 0.775543 0.971354
 865500.000 1.046323 0.803440 0.764294 0.979757
 866000.000 1.061834 0.830409 0.746774 1.003859
 866500.000 1.046561 0.789553 0.772181 0.985356
 867000.000 1.059842 0.784167 0.790063 1.003700
 867500.000 1.077386 0.789925 0.805132 1.024355
 868000.000 1.048684 0.789109 0.773902 0.988868
 868500.000 1.033695 0.742719 0.794818 0.976568
 869000.000 1.044862 0.748801 0.803208 0.988750
 869500.000 1.037921 0.765844 0.779063 0.980359
 870000.000 1.024591 0.778841 0.745021 0.968464
 870500.000 1.021990 0.753207 0.775976 0.958889
 871000.000 1.025500 0.769824 0.756433 0.968753
 871500.000 1.041530 0.803886 0.752340 0.978427
 872000.000 1.027904 0.741440 0.787844 0.970949
 872500.000 1.064143 0.786772 0.788476 1.011975
 873000.000 1.050510 0.758527 0.794885 0.999968
 873500.000 1.046219 0.749337 0.801850 0.992310
 874000.000 1.058944 0.782387 0.779378 1.011518
 874500.000 1.062252 0.800556 0.769281 1.011965
 875000.000 1.034699 0.774882 0.762908 0.979150
 875500.000 1.004742 0.769739 0.735462 0.941070
 876000.000 1.026687 0.771668 0.755502 0.970526
 876500.000 0.995231 0.742338 0.744788 0.935517
 877000.000 0.987264 0.771583 0.715162 0.917925
 877500.000 1.006301 0.793345 0.739135 0.921718
 878000.000 0.983870 0.742077 0.743163 0.912706
 878500.000 0.976378 0.743533 0.724808 0.910188
 879000.000 0.992125 0.782550 0.739636 0.899544
 879500.000 0.985784 0.776410 0.727397 0.900899
 880000.000 1.023052 0.796430 0.771221 0.929617
 880500.000 0.984418 0.763716 0.730614 0.906146
 881000.000 0.989223 0.778115 0.731700 0.903482
 881500.000 1.015981 0.784494 0.763664 0.930495
 882000.000 1.027944 0.806608 0.775374 0.928178
 882500.000 1.015311 0.789751 0.743162 0.941127
 883000.000 0.967509 0.797253 0.657212 0.896998
 883500.000 0.977664 0.793660 0.697344 0.891890
 884000.000 0.984872 0.795178 0.696097 0.907241
 884500.000 1.046303 0.843260 0.731047 0.971588
 885000.000 1.055605 0.839080 0.753199 0.978387
 885500.000 1.055905 0.833992 0.754544 0.982339
 886000.000 1.064113 0.856247 0.731802 0.997987
 886500.000 1.042304 0.838409 0.721240 0.974516
 887000.000 0.996297 0.770806 0.730994 0.925592
 887500.000 0.990239 0.766126 0.728865 0.918126
 888000.000 0.994107 0.755697 0.763821 0.906640
 888500.000 0.994651 0.759097 0.745091 0.920474
 889000.000 1.032322 0.764900 0.793287 0.957602
 889500.000 1.011858 0.791279 0.732375 0.940859
 890000.000 0.995132 0.762196 0.742497 0.921048
 890500.000 0.987894 0.774213 0.727834 0.907040
 891000.000 1.026659 0.767188 0.785029 0.950374
 891500.000 1.006303 0.780286 0.731617 0.938711
 892000.000 0.976404 0.777255 0.699441 0.901878
 892500.000 1.017055 0.787731 0.744894 0.945207
 893000.000 0.993434 0.748355 0.754405 0.919053
 893500.000 0.976117 0.735141 0.740682 0.903642
 894000.000 1.015788 0.747493 0.773871 0.951856
 894500.000 0.998453 0.727499 0.775568 0.929006
 895000.000 1.020604 0.780338 0.756598 0.949683
 895500.000 1.013048 0.788382 0.729665 0.947932
 896000.000 0.990219 0.759259 0.723733 0.927795
 896500.000 1.005362 0.783566 0.713289 0.948024
 897000.000 1.015499 0.807535 0.703664 0.956670
 897500.000 0.999623 0.776052 0.721635 0.935669
 898000.000 1.028219 0.802005 0.728380 0.969906
 898500.000 1.004355 0.797569 0.693994 0.948532
 899000.000 1.011551 0.806158 0.699875 0.952236
 899500.000 1.023219 0.817310 0.704626 0.964086
 900000.000 1.031580 0.764261 0.767927 0.976988
 900500.000 1.029701 0.773456 0.756486 0.974712
 901000.000 1.044155 0.783140 0.769347 0.987580
 901500.000 1.062343 0.806640 0.763497 1.011706
 902000.000 1.071767 0.785879 0.798602 1.020784
 902500.000 1.060162 0.777280 0.786273 1.012669
 903000.000 1.086885 0.796058 0.811462 1.034631
 903500.000 1.091153 0.783349 0.822423 1.044612
 904000.000 1.085950 0.776534 0.825842 1.036126
 904500.000 1.064096 0.760631 0.810584 1.014393
 905000.000 1.103478 0.749522 0.878629 1.049549
 905500.000 1.107961 0.762936 0.888849 1.040688
 906000.000 1.087864 0.736502 0.873782 1.030032
 906500.000 1.074875 0.778015 0.834370 1.004605
 907000.000 1.055180 0.735560 0.827757 1.000289
 907500.000 1.066746 0.783141 0.830145 0.986632
 908000.000 1.048485 0.721999 0.863430 0.965323
 908500.000 1.052475 0.712210 0.859766 0.984362
 909000.000 1.045871 0.746093 0.846726 0.956082
 909500.000 1.059830 0.775849 0.836346 0.972142
 910000.000 1.089285 0.754461 0.907215 0.990371
 910500.000 1.053058 0.737167 0.863357 0.963878
 911000.000 1.054451 0.672488 0.920097 0.961725
 911500.000 1.033928 0.655554 0.920687 0.927684
 912000.000 1.024779 0.680676 0.882981 0.925942
 912500.000 1.039562 0.689307 0.881076 0.953907
 913000.000 1.004299 0.682218 0.852842 0.908003
 913500.000 1.050030 0.733817 0.875806 0.948475
 914000.000 1.062357 0.726163 0.894627 0.964125
 914500.000 1.055027 0.708056 0.898396 0.957970
 915000.000 1.045732 0.734827 0.849940 0.961636
 915500.000 1.033669 0.693585 0.897146 0.922503
 916000.000 1.037964 0.700521 0.888786 0.934916
 916500.000 1.034509 0.733138 0.867578 0.922081
 917000.000 1.014750 0.722559 0.846290 0.906165
 917500.000 1.034047 0.722432 0.880794 0.916953
 918000.000 1.057398 0.792212 0.850188 0.941150
 918500.000 1.031315 0.705819 0.882019 0.922542
 919000.000 1.071224 0.780587 0.855561 0.976597
 919500.000 1.050872 0.733134 0.875858 0.950817
 920000.000 1.051466 0.747601 0.869649 0.946554
 920500.000 1.041652 0.770380 0.830046 0.942132
 921000.000 1.058172 0.764445 0.859892 0.956906
 921500.000 1.043898 0.724218 0.857530 0.958957
 922000.000 1.070382 0.736407 0.886758 0.981224
 922500.000 1.021565 0.742588 0.833426 0.917146
 923000.000 1.069707 0.754303 0.901275 0.952511
 923500.000 1.053426 0.747362 0.876915 0.944395
 924000.000 1.045489 0.750803 0.862397 0.937368
 924500.000 1.023799 0.752065 0.820168 0.926310
 925000.000 1.060179 0.764831 0.858493 0.962279
 925500.000 1.085179 0.801350 0.861279 0.985529
 926000.000 1.075889 0.828306 0.828675 0.970713
 926500.000 1.059983 0.818609 0.822336 0.949091
 927000.000 1.078629 0.822353 0.846611 0.966367
 927500.000 1.033716 0.809140 0.781657 0.933510
 928000.000 1.028556 0.814792 0.758275 0.936478
 928500.000 1.050057 0.852624 0.750255 0.956760
 929000.000 1.072885 0.823777 0.821562 0.973957
 929500.000 1.093789 0.860537 0.823584 0.986879
 930000.000 1.073012 0.828264 0.818646 0.972887
 930500.000 1.096179 0.861471 0.833372 0.983145
 931000.000 1.085932 0.873704 0.786639 0.988097
 931500.000 1.068042 0.845338 0.792708 0.968734
 932000.000 1.076207 0.855114 0.788586 0.981507
 932500.000 1.094941 0.850562 0.820461 1.000591
 933000.000 1.061516 0.801396 0.821851 0.967449
 933500.000 1.056460 0.835337 0.808215 0.938732
 934000.000 1.076740 0.842616 0.820635 0.967106
 934500.000 1.076411 0.858605 0.820191 0.952579
 935000.000 1.057735 0.831976 0.812656 0.940752
 935500.000 1.064945 0.813400 0.801795 0.981692
 936000.000 1.090547 0.835281 0.833027 0.993457
 936500.000 1.080593 0.842493 0.844768 0.954953
 937000.000 1.063249 0.822800 0.840775 0.936533
 937500.000 1.059998 0.848733 0.795514 0.945518
 938000.000 1.077842 0.860766 0.820392 0.953691
 938500.000 1.062403 0.861464 0.790469 0.943631
 939000.000 1.093323 0.879343 0.848133 0.947699
 939500.000 1.082559 0.862911 0.852435 0.934135
 940000.000 1.086198 0.835239 0.886274 0.936240
 940500.000 1.053328 0.811677 0.843866 0.920908
 941000.000 1.094536 0.856473 0.879393 0.942943
 941500.000 1.097447 0.848029 0.883906 0.953067
 942000.000 1.101032 0.840523 0.863393 0.986213
 942500.000 1.097483 0.843606 0.854977 0.982994
 943000.000 1.096553 0.854791 0.834754 0.988624
 943500.000 1.091178 0.825303 0.870987 0.970357
 944000.000 1.097185 0.819806 0.876445 0.983562
 944500.000 1.093341 0.834383 0.843810 0.991253
 945000.000 1.109544 0.844333 0.853736 1.010154
 945500.000 1.091422 0.830522 0.869075 0.968167
 946000.000 1.072450 0.821982 0.828373 0.968732
 946500.000 1.044690 0.807637 0.810406 0.934729
 947000.000 1.080479 0.827205 0.819258 0.989655
 947500.000 1.086023 0.902262 0.760992 0.982703
 948000.000 1.102333 0.892135 0.793094 1.002682
 948500.000 1.053511 0.805406 0.787395 0.975244
 949000.000 1.080789 0.790737 0.837195 1.005011
 949500.000 1.105558 0.840233 0.815142 1.036373
 950000.000 1.097375 0.841640 0.803182 1.027135
 950500.000 1.051197 0.789375 0.806930 0.967358
 951000.000 1.070109 0.808842 0.822712 0.979383
 951500.000 1.077978 0.820966 0.824244 0.985246
 952000.000 1.066572 0.823452 0.786475 0.989210
 952500.000 1.056687 0.834159 0.783563 0.960927
 953000.000 1.075313 0.815910 0.822017 0.985482
 953500.000 1.056472 0.822590 0.823842 0.936427
 954000.000 1.094836 0.823979 0.873386 0.977542
 954500.000 1.079306 0.825763 0.839780 0.970921
 955000.000 1.087723 0.853277 0.825048 0.978518
 955500.000 1.074152 0.832247 0.812105 0.977474
 956000.000 1.080050 0.864830 0.812058 0.962105
 956500.000 1.095957 0.882962 0.782007 1.005527
 957000.000 1.114359 0.842995 0.836515 1.035951
 957500.000 1.165495 0.905297 0.883974 1.056307
 958000.000 1.104200 0.870509 0.793662 1.025100
 958500.000 1.054030 0.858808 0.740903 0.967198
 959000.000 1.131052 0.897904 0.824597 1.035551
 959500.000 1.023921 0.860469 0.729534 0.907855
 960000.000 1.036920 0.823365 0.774425 0.934206
 960500.000 1.055673 0.888307 0.725819 0.955506
 961000.000 1.092884 0.933582 0.749619 0.977388
 961500.000 1.040779 0.868059 0.729515 0.938469
 962000.000 1.064528 0.877525 0.756460 0.961331
 962500.000 1.079609 0.915183 0.755132 0.960899
 963000.000 1.064605 0.874567 0.747819 0.970910
 963500.000 1.079181 0.912361 0.686180 1.012925
 964000.000 1.081136 0.899117 0.721830 1.004122
 964500.000 1.063187 0.908988 0.663723 0.996969
 965000.000 1.058961 0.889228 0.679135 0.995412
 965500.000 1.070370 0.868533 0.715264 1.012636
 966000.000 0.991486 0.841000 0.636362 0.924042
 966500.000 1.062258 0.892431 0.699671 0.985296
 967000.000 1.051563 0.884157 0.685703 0.979616
 967500.000 1.050715 0.891726 0.669070 0.982433
 968000.000 1.069090 0.928784 0.669248 0.987611
 968500.000 1.057261 0.923976 0.645737 0.982290
 969000.000 1.043697 0.927302 0.659835 0.939860
 969500.000 1.048239 0.912772 0.690122 0.942439
 970000.000 1.037619 0.859532 0.701301 0.960567
 970500.000 1.062380 0.898218 0.680556 0.993656
 971000.000 1.037741 0.880209 0.661375 0.970374
 971500.000 1.051815 0.902505 0.661577 0.980017
 972000.000 1.045205 0.894564 0.663992 0.971482
 972500.000 1.027417 0.897415 0.641910 0.945393
 973000.000 1.024116 0.867156 0.655739 0.956909
 973500.000 1.070113 0.896527 0.698380 0.999393
 974000.000 1.055956 0.896546 0.657623 0.996907
 974500.000 1.052029 0.889734 0.662651 0.991361
 975000.000 1.025362 0.877661 0.619589 0.973938
 975500.000 1.019247 0.873922 0.619005 0.964790
 976000.000 1.028504 0.865071 0.652461 0.970355
 976500.000 1.030730 0.848163 0.661366 0.983882
 977000.000 1.010109 0.875521 0.599161 0.956613
 977500.000 1.016794 0.872358 0.615067 0.963547
 978000.000 1.016247 0.891875 0.579139 0.966784
 978500.000 1.011747 0.861440 0.615739 0.962316
 979000.000 1.049677 0.895110 0.634495 0.999917
 979500.000 1.026137 0.883463 0.614104 0.973799
 980000.000 1.024752 0.889535 0.602643 0.972513
 980500.000 1.029763 0.864853 0.656557 0.970456
 981000.000 1.033005 0.871332 0.645581 0.978878
 981500.000 1.045450 0.894758 0.631004 0.993566
 982000.000 1.047529 0.901486 0.633361 0.990359
 982500.000 1.030984 0.880669 0.630457 0.976116
 983000.000 1.035821 0.907063 0.596116 0.983734
 983500.000 1.028452 0.885005 0.613008 0.977965
 984000.000 1.025309 0.872364 0.632598 0.970216
 984500.000 1.028026 0.852787 0.664072 0.972337
 985000.000 1.024717 0.843755 0.670499 0.968814
 985500.000 1.029587 0.858857 0.659431 0.973455
 986000.000 1.017723 0.833639 0.673351 0.960814
 986500.000 1.073683 0.933329 0.624499 1.022002
 987000.000 1.030688 0.817109 0.714185 0.973093
 987500.000 1.031873 0.801634 0.722414 0.982358
 988000.000 1.019554 0.811863 0.700843 0.963680
 988500.000 0.999099 0.808645 0.672319 0.943652
 989000.000 1.027485 0.846151 0.671072 0.972185
 989500.000 1.014236 0.867240 0.627448 0.954752
 990000.000 1.025703 0.837948 0.682885 0.967287
 990500.000 1.043452 0.847123 0.705779 0.980736
 991000.000 1.029561 0.830105 0.707973 0.964205
 991500.000 1.037019 0.813908 0.723624 0.982212
 992000.000 1.024498 0.818147 0.705074 0.965763
 992500.000 1.039773 0.860935 0.664407 0.989753
 993000.000 1.041599 0.876869 0.651806 0.987981
 993500.000 1.040950 0.826790 0.724304 0.979264
 994000.000 1.026157 0.836638 0.701017 0.956351
 994500.000 1.021650 0.853654 0.710322 0.924258
 995000.000 1.037043 0.831062 0.749702 0.947734
 995500.000 1.001768 0.830641 0.696997 0.911761
 996000.000 1.037256 0.812232 0.769268 0.948843
 996500.000 1.046695 0.775958 0.812746 0.963573
 997000.000 1.029510 0.818537 0.744087 0.946634
 997500.000 1.025679 0.813912 0.723637 0.958089
 998000.000 1.063198 0.885750 0.682904 1.004922
 998500.000 1.032694 0.842685 0.720987 0.950249
 999000.000 1.031405 0.856015 0.699628 0.951501
 999500.000 1.048121 0.868077 0.685753 0.986561
1000000.000 1.021723 0.836414 0.707150 0.942436
