 750000.000    6.516  647.024
 750500.000    6.637  635.233
 751000.000    6.643  634.673
 751500.000    6.658  633.265
 752000.000    6.605  638.350
 752500.000    6.183  681.872
 753000.000    6.393  659.485
 753500.000    6.490  649.635
 754000.000    6.372  661.659
 754500.000    6.439  654.794
 755000.000    6.408  657.928
 755500.000    6.307  668.484
 756000.000    6.632  635.756
 756500.000    6.497  648.989
 757000.000    6.539  644.749
 757500.000    6.652  633.782
 758000.000    6.575  641.236
 758500.000    6.576  641.181
 759000.000    6.596  639.233
 759500.000    6.441  654.559
 760000.000    6.494  649.266
 760500.000    6.388  660.057
 761000.000    6.517  646.914
 761500.000    6.430  655.737
 762000.000    6.482  650.454
 762500.000    6.644  634.569
 763000.000    6.579  640.865
 763500.000    6.583  640.465
 764000.000    6.454  653.263
 764500.000    6.316  667.506
 765000.000    6.684  630.816
 765500.000    6.595  639.318
 766000.000    6.527  646.005
 766500.000    6.390  659.781
 767000.000    6.379  660.962
 767500.000    6.292  670.052
 768000.000    6.368  662.081
 768500.000    6.472  651.447
 769000.000    6.328  666.322
 769500.000    6.560  642.697
 770000.000    6.626  636.269
 770500.000    6.282  671.203
 771000.000    6.504  648.240
 771500.000    6.285  670.815
 772000.000    6.489  649.781
 772500.000    6.340  665.016
 773000.000    6.296  669.638
 773500.000    6.333  665.705
 774000.000    6.232  676.549
 774500.000    6.259  673.598
 775000.000    6.230  676.768
 775500.000    6.311  668.048
 776000.000    6.163  684.137
 776500.000    6.336  665.445
 777000.000    6.143  686.289
 777500.000    6.234  676.282
 778000.000    6.357  663.244
 778500.000    6.316  667.567
 779000.000    6.426  656.153
 779500.000    6.476  651.045
 780000.000    6.204  679.589
 780500.000    6.456  653.081
 781000.000    6.569  641.792
 781500.000    6.563  642.373
 782000.000    6.852  615.351
 782500.000    6.783  621.549
 783000.000    6.473  651.382
 783500.000    6.574  641.374
 784000.000    6.422  656.494
 784500.000    6.278  671.578
 785000.000    6.500  648.611
 785500.000    6.362  662.682
 786000.000    6.330  666.120
 786500.000    6.601  638.732
 787000.000    6.375  661.340
 787500.000    6.536  645.036
 788000.000    6.498  648.867
 788500.000    6.577  641.074
 789000.000    6.457  652.948
 789500.000    6.228  676.951
 790000.000    6.241  675.529
 790500.000    6.403  658.519
 791000.000    6.599  638.931
 791500.000    6.364  662.507
 792000.000    6.496  649.087
 792500.000    6.419  656.791
 793000.000    6.592  639.579
 793500.000    6.753  624.310
 794000.000    6.573  641.404
 794500.000    6.361  662.776
 795000.000    6.450  653.687
 795500.000    6.505  648.143
 796000.000    6.648  634.247
 796500.000    6.426  656.131
 797000.000    6.610  637.891
 797500.000    6.460  652.615
 798000.000    6.504  648.252
 798500.000    6.645  634.484
 799000.000    6.486  650.059
 799500.000    6.411  657.678
 800000.000    6.293  669.969
 800500.000    6.307  668.454
 801000.000    6.453  653.364
 801500.000    6.371  661.790
 802000.000    6.498  648.867
 802500.000    6.501  648.578
 803000.000    6.385  660.336
 803500.000    6.406  658.170
 804000.000    6.319  667.244
 804500.000    6.446  654.114
 805000.000    6.454  653.250
 805500.000    6.224  677.385
 806000.000    6.461  652.588
 806500.000    6.317  667.487
 807000.000    6.305  668.692
 807500.000    6.408  657.971
 808000.000    6.482  650.461
 808500.000    6.281  671.298
 809000.000    6.490  649.638
 809500.000    6.362  662.761
 810000.000    6.489  649.763
 810500.000    6.496  649.089
 811000.000    6.629  636.070
 811500.000    6.444  654.296
 812000.000    6.445  654.206
 812500.000    6.355  663.470
 813000.000    6.146  685.961
 813500.000    6.437  655.002
 814000.000    6.521  646.525
 814500.000    6.549  643.794
 815000.000    6.414  657.305
 815500.000    6.309  668.267
 816000.000    6.380  660.822
 816500.000    6.457  653.012
 817000.000    6.244  675.228
 817500.000    6.134  687.390
 818000.000    6.309  668.302
 818500.000    6.431  655.613
 819000.000    6.494  649.245
 819500.000    6.541  644.619
 820000.000    6.601  638.686
 820500.000    6.634  635.583
 821000.000    6.590  639.836
 821500.000    6.629  636.029
 822000.000    6.645  634.466
 822500.000    6.341  664.872
 823000.000    6.548  643.889
 823500.000    6.418  656.921
 824000.000    6.423  656.426
 824500.000    6.556  643.114
 825000.000    6.192  680.912
 825500.000    6.258  673.778
 826000.000    6.669  632.174
 826500.000    6.367  662.164
 827000.000    6.478  650.863
 827500.000    6.208  679.174
 828000.000    6.420  656.754
 828500.000    6.303  668.930
 829000.000    6.388  660.053
 829500.000    6.390  659.841
 830000.000    6.506  648.020
 830500.000    6.471  651.530
 831000.000    6.487  649.938
 831500.000    6.643  634.654
 832000.000    6.381  660.726
 832500.000    6.239  675.814
 833000.000    6.545  644.159
 833500.000    6.240  675.708
 834000.000    6.286  670.735
 834500.000    6.133  687.470
 835000.000    6.338  665.186
 835500.000    6.149  685.660
 836000.000    6.244  675.244
 836500.000    6.229  676.872
 837000.000    6.482  650.449
 837500.000    6.143  686.372
 838000.000    6.210  678.901
 838500.000    6.296  669.653
 839000.000    6.320  667.077
 839500.000    6.115  689.541
 840000.000    6.335  665.572
 840500.000    6.346  664.422
 841000.000    6.307  668.549
 841500.000    6.310  668.151
 842000.000    6.202  679.770
 842500.000    6.207  679.216
 843000.000    6.383  660.525
 843500.000    6.356  663.320
 844000.000    6.209  679.012
 844500.000    6.328  666.288
 845000.000    6.483  650.352
 845500.000    6.493  649.338
 846000.000    6.247  674.865
 846500.000    6.302  669.049
 847000.000    6.324  666.711
 847500.000    6.436  655.057
 848000.000    6.454  653.283
 848500.000    6.245  675.087
 849000.000    6.380  660.802
 849500.000    5.962  707.125
 850000.000    6.357  663.272
 850500.000    6.209  679.049
 851000.000    6.335  665.540
 851500.000    6.246  675.053
 852000.000    6.166  683.794
 852500.000    6.363  662.641
 853000.000    6.194  680.652
 853500.000    6.268  672.615
 854000.000    5.984  704.566
 854500.000    6.193  680.813
 855000.000    6.376  661.247
 855500.000    6.193  680.857
 856000.000    6.086  692.829
 856500.000    6.097  691.520
 857000.000    6.168  683.571
 857500.000    6.269  672.554
 858000.000    6.060  695.794
 858500.000    6.164  683.957
 859000.000    6.305  668.690
 859500.000    6.177  682.551
 860000.000    6.096  691.595
 860500.000    6.215  678.443
 861000.000    6.427  656.024
 861500.000    6.334  665.621
 862000.000    6.244  675.239
 862500.000    6.311  668.056
 863000.000    6.428  655.871
 863500.000    6.483  650.307
 864000.000    6.274  672.023
 864500.000    6.504  648.267
 865000.000    6.379  660.945
 865500.000    6.633  635.665
 866000.000    6.218  678.076
 866500.000    6.457  652.973
 867000.000    6.317  667.448
 867500.000    6.550  643.692
 868000.000    6.197  680.335
 868500.000    6.137  687.063
 869000.000    6.286  670.747
 869500.000    6.399  658.916
 870000.000    6.430  655.738
 870500.000    6.366  662.340
 871000.000    6.369  661.949
 871500.000    6.348  664.190
 872000.000    6.542  644.523
 872500.000    6.386  660.254
 873000.000    6.163  684.081
 873500.000    6.337  665.383
 874000.000    6.330  666.048
 874500.000    6.467  651.943
 875000.000    6.331  665.937
 875500.000    6.427  655.989
 876000.000    6.490  649.662
 876500.000    6.175  682.779
 877000.000    6.325  666.624
 877500.000    6.122  688.751
 878000.000    6.288  670.564
 878500.000    6.181  682.081
 879000.000    6.333  665.802
 879500.000    6.312  668.020
 880000.000    6.312  667.959
 880500.000    6.271  672.295
 881000.000    6.452  653.447
 881500.000    6.335  665.579
 882000.000    6.462  652.452
 882500.000    6.293  669.947
 883000.000    6.155  684.980
 883500.000    6.258  673.760
 884000.000    6.315  667.691
 884500.000    6.282  671.129
 885000.000    6.370  661.903
 885500.000    6.642  634.807
 886000.000    6.430  655.674
 886500.000    6.584  640.349
 887000.000    6.445  654.208
 887500.000    6.313  667.858
 888000.000    6.345  664.502
 888500.000    6.466  652.089
 889000.000    6.290  670.253
 889500.000    6.192  680.860
 890000.000    6.361  662.857
 890500.000    6.342  664.818
 891000.000    6.562  642.486
 891500.000    6.103  690.868
 892000.000    6.331  665.991
 892500.000    6.378  661.088
 893000.000    6.317  667.400
 893500.000    6.256  673.980
 894000.000    6.342  664.805
 894500.000    6.621  636.796
 895000.000    6.405  658.238
 895500.000    6.287  670.672
 896000.000    6.225  677.313
 896500.000    6.240  675.725
 897000.000    6.160  684.488
 897500.000    6.266  672.888
 898000.000    6.238  675.890
 898500.000    6.301  669.114
 899000.000    6.309  668.240
 899500.000    6.220  677.819
 900000.000    6.359  663.010
 900500.000    6.302  669.022
 901000.000    6.268  672.696
 901500.000    6.443  654.391
 902000.000    6.204  679.564
 902500.000    6.471  651.574
 903000.000    6.564  642.341
 903500.000    6.431  655.629
 904000.000    6.516  647.051
 904500.000    6.297  669.517
 905000.000    6.457  652.960
 905500.000    6.425  656.240
 906000.000    6.539  644.798
 906500.000    6.526  646.079
 907000.000    6.316  667.583
 907500.000    6.305  668.677
 908000.000    6.345  664.526
 908500.000    6.246  675.043
 909000.000    6.476  651.092
 909500.000    6.343  664.708
 910000.000    6.369  662.025
 910500.000    6.575  641.224
 911000.000    6.253  674.265
 911500.000    6.181  682.116
 912000.000    6.255  674.090
 912500.000    6.426  656.154
 913000.000    6.507  647.902
 913500.000    6.282  671.191
 914000.000    6.477  650.956
 914500.000    6.334  665.656
 915000.000    6.402  658.564
 915500.000    6.323  666.771
 916000.000    6.444  654.245
 916500.000    6.340  665.023
 917000.000    6.189  681.223
 917500.000    6.287  670.626
 918000.000    6.359  663.057
 918500.000    6.303  668.934
 919000.000    6.316  667.553
 919500.000    6.596  639.218
 920000.000    6.302  669.071
 920500.000    6.229  676.827
 921000.000    6.340  665.058
 921500.000    6.548  643.914
 922000.000    6.497  648.901
 922500.000    6.517  646.953
 923000.000    6.420  656.735
 923500.000    6.658  633.299
 924000.000    6.269  672.576
 924500.000    6.284  670.989
 925000.000    6.447  653.986
 925500.000    6.527  645.972
 926000.000    6.381  660.748
 926500.000    6.551  643.560
 927000.000    6.511  647.554
 927500.000    6.477  650.952
 928000.000    6.439  654.821
 928500.000    6.339  665.141
 929000.000    6.475  651.175
 929500.000    6.394  659.391
 930000.000    6.286  670.698
 930500.000    6.293  669.971
 931000.000    6.275  671.919
 931500.000    6.180  682.218
 932000.000    6.578  641.003
 932500.000    6.472  651.473
 933000.000    6.379  660.905
 933500.000    6.145  686.153
 934000.000    6.198  680.207
 934500.000    6.387  660.138
 935000.000    6.320  667.084
 935500.000    6.271  672.351
 936000.000    6.502  648.402
 936500.000    6.387  660.124
 937000.000    6.203  679.710
 937500.000    6.180  682.265
 938000.000    6.344  664.547
 938500.000    6.770  622.799
 939000.000    6.591  639.698
 939500.000    6.174  682.849
 940000.000    6.262  673.275
 940500.000    6.320  667.173
 941000.000    6.528  645.852
 941500.000    6.348  664.205
 942000.000    6.461  652.565
 942500.000    6.171  683.246
 943000.000    6.433  655.392
 943500.000    6.438  654.852
 944000.000    6.555  643.196
 944500.000    6.522  646.497
 945000.000    6.439  654.809
 945500.000    6.303  668.917
 946000.000    6.234  676.339
 946500.000    6.424  656.302
 947000.000    6.441  654.617
 947500.000    6.348  664.130
 948000.000    6.354  663.601
 948500.000    6.278  671.573
 949000.000    6.271  672.324
 949500.000    6.205  679.468
 950000.000    6.215  678.406
 950500.000    6.167  683.697
 951000.000    6.411  657.637
 951500.000    6.561  642.570
 952000.000    6.168  683.513
 952500.000    6.517  646.996
 953000.000    6.306  668.576
 953500.000    6.497  648.969
 954000.000    6.244  675.199
 954500.000    6.518  646.833
 955000.000    6.534  645.271
 955500.000    6.503  648.356
 956000.000    6.353  663.697
 956500.000    6.502  648.483
 957000.000    6.231  676.606
 957500.000    6.741  625.442
 958000.000    6.440  654.692
 958500.000    6.287  670.623
 959000.000    6.158  684.720
 959500.000    6.132  687.626
 960000.000    6.470  651.634
 960500.000    6.447  653.957
 961000.000    6.357  663.226
 961500.000    6.042  697.800
 962000.000    6.334  665.698
 962500.000    6.430  655.710
 963000.000    6.309  668.339
 963500.000    6.428  655.874
 964000.000    6.364  662.515
 964500.000    6.341  664.957
 965000.000    6.404  658.337
 965500.000    6.279  671.515
 966000.000    6.072  694.393
 966500.000    6.442  654.537
 967000.000    6.569  641.814
 967500.000    6.335  665.575
 968000.000    6.343  664.660
 968500.000    6.364  662.533
 969000.000    6.168  683.559
 969500.000    6.183  681.940
 970000.000    6.192  680.964
 970500.000    6.273  672.129
 971000.000    6.300  669.262
 971500.000    6.168  683.557
 972000.000    6.329  666.187
 972500.000    6.514  647.241
 973000.000    6.470  651.625
 973500.000    6.393  659.540
 974000.000    6.459  652.786
 974500.000    6.445  654.224
 975000.000    6.351  663.890
 975500.000    6.328  666.309
 976000.000    6.352  663.785
 976500.000    6.254  674.131
 977000.000    6.227  677.042
 977500.000    6.120  688.949
 978000.000    6.238  675.937
 978500.000    6.271  672.369
 979000.000    6.333  665.716
 979500.000    6.261  673.392
 980000.000    6.343  664.729
 980500.000    6.298  669.493
 981000.000    6.536  645.027
 981500.000    6.345  664.472
 982000.000    6.472  651.465
 982500.000    6.273  672.117
 983000.000    6.531  645.611
 983500.000    6.346  664.364
 984000.000    6.336  665.452
 984500.000    6.343  664.681
 985000.000    6.408  657.959
 985500.000    6.473  651.340
 986000.000    6.254  674.146
 986500.000    6.534  645.312
 987000.000    6.327  666.353
 987500.000    6.226  677.149
 988000.000    6.337  665.332
 988500.000    6.404  658.377
 989000.000    6.367  662.236
 989500.000    6.246  675.002
 990000.000    6.482  650.477
 990500.000    6.210  678.971
 991000.000    6.310  668.152
 991500.000    6.444  654.304
 992000.000    6.282  671.124
 992500.000    6.324  666.737
 993000.000    6.500  648.624
 993500.000    6.524  646.293
 994000.000    6.390  659.822
 994500.000    6.400  658.761
 995000.000    6.389  659.946
 995500.000    6.009  701.691
 996000.000    6.256  673.941
 996500.000    6.341  664.901
 997000.000    6.255  674.102
 997500.000    6.163  684.130
 998000.000    6.339  665.136
 998500.000    6.304  668.866
 999000.000    6.279  671.446
 999500.000    6.431  655.609
1000000.000    6.284  670.969
