 750000.000   25.166
 750500.000   24.630
 751000.000   25.253
 751500.000   25.248
 752000.000   24.661
 752500.000   24.954
 753000.000   25.015
 753500.000   24.285
 754000.000   25.823
 754500.000   25.455
 755000.000   25.959
 755500.000   24.668
 756000.000   25.497
 756500.000   26.066
 757000.000   25.293
 757500.000   24.909
 758000.000   24.735
 758500.000   24.684
 759000.000   24.827
 759500.000   24.832
 760000.000   24.576
 760500.000   25.136
 761000.000   25.369
 761500.000   25.643
 762000.000   25.656
 762500.000   26.027
 763000.000   24.769
 763500.000   26.642
 764000.000   26.007
 764500.000   24.387
 765000.000   24.865
 765500.000   24.895
 766000.000   25.003
 766500.000   23.850
 767000.000   24.863
 767500.000   24.790
 768000.000   25.439
 768500.000   25.253
 769000.000   25.329
 769500.000   25.500
 770000.000   24.535
 770500.000   24.815
 771000.000   25.213
 771500.000   24.780
 772000.000   24.559
 772500.000   24.696
 773000.000   24.504
 773500.000   25.190
 774000.000   24.178
 774500.000   25.130
 775000.000   24.460
 775500.000   24.990
 776000.000   25.797
 776500.000   25.196
 777000.000   24.878
 777500.000   24.895
 778000.000   24.880
 778500.000   23.940
 779000.000   23.268
 779500.000   25.055
 780000.000   24.599
 780500.000   24.663
 781000.000   24.593
 781500.000   24.346
 782000.000   25.616
 782500.000   24.818
 783000.000   24.423
 783500.000   25.834
 784000.000   25.297
 784500.000   25.348
 785000.000   24.822
 785500.000   25.284
 786000.000   24.607
 786500.000   23.971
 787000.000   24.172
 787500.000   25.146
 788000.000   24.525
 788500.000   24.958
 789000.000   25.194
 789500.000   25.281
 790000.000   24.836
 790500.000   24.672
 791000.000   24.867
 791500.000   25.322
 792000.000   25.376
 792500.000   24.640
 793000.000   25.935
 793500.000   25.358
 794000.000   24.339
 794500.000   25.557
 795000.000   25.090
 795500.000   24.836
 796000.000   25.435
 796500.000   25.296
 797000.000   24.412
 797500.000   25.007
 798000.000   25.028
 798500.000   25.201
 799000.000   25.939
 799500.000   24.826
 800000.000   24.945
 800500.000   25.771
 801000.000   26.056
 801500.000   24.195
 802000.000   25.089
 802500.000   25.702
 803000.000   24.555
 803500.000   25.391
 804000.000   24.801
 804500.000   25.755
 805000.000   24.886
 805500.000   24.726
 806000.000   24.159
 806500.000   24.414
 807000.000   23.822
 807500.000   24.996
 808000.000   24.485
 808500.000   25.115
 809000.000   24.243
 809500.000   24.722
 810000.000   24.623
 810500.000   24.701
 811000.000   25.116
 811500.000   25.632
 812000.000   25.563
 812500.000   25.940
 813000.000   24.810
 813500.000   24.180
 814000.000   24.748
 814500.000   23.838
 815000.000   24.543
 815500.000   24.105
 816000.000   25.704
 816500.000   25.439
 817000.000   24.616
 817500.000   25.468
 818000.000   25.137
 818500.000   24.517
 819000.000   25.288
 819500.000   24.570
 820000.000   24.456
 820500.000   25.616
 821000.000   25.043
 821500.000   25.150
 822000.000   25.828
 822500.000   24.289
 823000.000   25.009
 823500.000   25.360
 824000.000   26.216
 824500.000   24.527
 825000.000   25.845
 825500.000   26.607
 826000.000   25.449
 826500.000   25.638
 827000.000   26.385
 827500.000   25.337
 828000.000   24.941
 828500.000   25.479
 829000.000   25.663
 829500.000   25.782
 830000.000   24.959
 830500.000   24.117
 831000.000   24.388
 831500.000   25.183
 832000.000   25.877
 832500.000   26.170
 833000.000   25.772
 833500.000   26.152
 834000.000   25.815
 834500.000   24.873
 835000.000   25.225
 835500.000   25.457
 836000.000   26.165
 836500.000   27.575
 837000.000   25.459
 837500.000   24.951
 838000.000   24.747
 838500.000   25.381
 839000.000   25.013
 839500.000   25.399
 840000.000   25.285
 840500.000   26.030
 841000.000   25.852
 841500.000   25.389
 842000.000   25.058
 842500.000   26.338
 843000.000   25.735
 843500.000   25.461
 844000.000   25.382
 844500.000   24.969
 845000.000   25.254
 845500.000   25.028
 846000.000   25.276
 846500.000   25.595
 847000.000   24.930
 847500.000   24.593
 848000.000   24.433
 848500.000   24.710
 849000.000   24.489
 849500.000   25.002
 850000.000   25.069
 850500.000   25.551
 851000.000   25.089
 851500.000   25.076
 852000.000   24.553
 852500.000   25.028
 853000.000   24.444
 853500.000   24.674
 854000.000   24.709
 854500.000   25.099
 855000.000   25.046
 855500.000   24.065
 856000.000   24.487
 856500.000   25.647
 857000.000   25.283
 857500.000   24.778
 858000.000   25.405
 858500.000   24.607
 859000.000   24.310
 859500.000   25.692
 860000.000   27.065
 860500.000   25.888
 861000.000   25.285
 861500.000   24.607
 862000.000   26.683
 862500.000   25.986
 863000.000   25.066
 863500.000   24.416
 864000.000   25.442
 864500.000   24.390
 865000.000   25.009
 865500.000   24.964
 866000.000   24.662
 866500.000   25.018
 867000.000   24.359
 867500.000   23.959
 868000.000   25.359
 868500.000   25.439
 869000.000   24.963
 869500.000   24.979
 870000.000   24.960
 870500.000   24.861
 871000.000   26.204
 871500.000   24.270
 872000.000   25.084
 872500.000   24.508
 873000.000   25.838
 873500.000   25.382
 874000.000   24.835
 874500.000   24.798
 875000.000   24.111
 875500.000   24.993
 876000.000   25.311
 876500.000   24.685
 877000.000   24.695
 877500.000   24.167
 878000.000   25.542
 878500.000   25.681
 879000.000   25.285
 879500.000   25.531
 880000.000   24.270
 880500.000   24.928
 881000.000   25.917
 881500.000   25.284
 882000.000   24.462
 882500.000   25.601
 883000.000   24.208
 883500.000   24.630
 884000.000   24.339
 884500.000   24.861
 885000.000   24.892
 885500.000   24.870
 886000.000   25.118
 886500.000   25.231
 887000.000   25.372
 887500.000   25.399
 888000.000   25.262
 888500.000   25.594
 889000.000   25.758
 889500.000   24.988
 890000.000   25.237
 890500.000   24.984
 891000.000   25.042
 891500.000   24.963
 892000.000   25.378
 892500.000   25.376
 893000.000   25.214
 893500.000   24.134
 894000.000   24.722
 894500.000   24.674
 895000.000   25.753
 895500.000   24.358
 896000.000   25.053
 896500.000   26.027
 897000.000   25.132
 897500.000   25.685
 898000.000   25.176
 898500.000   25.323
 899000.000   25.043
 899500.000   25.654
 900000.000   25.251
 900500.000   24.825
 901000.000   24.627
 901500.000   24.134
 902000.000   24.249
 902500.000   24.862
 903000.000   24.646
 903500.000   24.313
 904000.000   24.875
 904500.000   23.660
 905000.000   24.830
 905500.000   25.871
 906000.000   25.241
 906500.000   24.947
 907000.000   24.219
 907500.000   25.401
 908000.000   23.961
 908500.000   24.903
 909000.000   25.188
 909500.000   24.279
 910000.000   25.026
 910500.000   25.427
 911000.000   25.117
 911500.000   25.405
 912000.000   24.713
 912500.000   24.737
 913000.000   24.395
 913500.000   24.014
 914000.000   24.800
 914500.000   24.219
 915000.000   23.161
 915500.000   25.066
 916000.000   24.646
 916500.000   24.564
 917000.000   24.126
 917500.000   24.237
 918000.000   24.143
 918500.000   23.963
 919000.000   25.085
 919500.000   24.099
 920000.000   24.849
 920500.000   24.912
 921000.000   23.512
 921500.000   24.865
 922000.000   23.989
 922500.000   25.213
 923000.000   25.079
 923500.000   25.644
 924000.000   26.420
 924500.000   24.951
 925000.000   25.610
 925500.000   25.303
 926000.000   25.155
 926500.000   24.898
 927000.000   25.156
 927500.000   25.667
 928000.000   26.038
 928500.000   25.501
 929000.000   23.886
 929500.000   24.843
 930000.000   26.003
 930500.000   23.783
 931000.000   24.522
 931500.000   24.029
 932000.000   24.557
 932500.000   25.038
 933000.000   25.342
 933500.000   24.984
 934000.000   24.816
 934500.000   24.573
 935000.000   25.001
 935500.000   24.697
 936000.000   24.085
 936500.000   24.504
 937000.000   23.848
 937500.000   24.290
 938000.000   24.237
 938500.000   23.991
 939000.000   24.145
 939500.000   24.671
 940000.000   24.570
 940500.000   25.540
 941000.000   25.451
 941500.000   24.381
 942000.000   24.611
 942500.000   24.344
 943000.000   25.568
 943500.000   24.600
 944000.000   25.143
 944500.000   24.462
 945000.000   23.052
 945500.000   24.633
 946000.000   23.677
 946500.000   23.954
 947000.000   24.037
 947500.000   24.296
 948000.000   24.358
 948500.000   24.420
 949000.000   25.013
 949500.000   24.041
 950000.000   24.322
 950500.000   24.786
 951000.000   23.478
 951500.000   24.521
 952000.000   23.225
 952500.000   23.859
 953000.000   23.967
 953500.000   23.651
 954000.000   24.302
 954500.000   24.444
 955000.000   23.629
 955500.000   23.885
 956000.000   24.738
 956500.000   23.271
 957000.000   24.051
 957500.000   24.295
 958000.000   24.790
 958500.000   23.935
 959000.000   24.049
 959500.000   24.320
 960000.000   23.800
 960500.000   23.167
 961000.000   24.142
 961500.000   24.465
 962000.000   24.172
 962500.000   24.969
 963000.000   24.155
 963500.000   24.738
 964000.000   23.873
 964500.000   24.792
 965000.000   24.521
 965500.000   24.628
 966000.000   23.944
 966500.000   23.856
 967000.000   24.195
 967500.000   25.721
 968000.000   23.952
 968500.000   24.819
 969000.000   24.142
 969500.000   23.898
 970000.000   24.020
 970500.000   23.726
 971000.000   24.107
 971500.000   23.576
 972000.000   23.898
 972500.000   24.795
 973000.000   24.889
 973500.000   24.816
 974000.000   23.977
 974500.000   23.558
 975000.000   24.283
 975500.000   24.020
 976000.000   23.859
 976500.000   24.189
 977000.000   24.774
 977500.000   24.707
 978000.000   24.564
 978500.000   25.373
 979000.000   24.447
 979500.000   24.735
 980000.000   24.136
 980500.000   24.635
 981000.000   25.392
 981500.000   24.480
 982000.000   25.915
 982500.000   24.833
 983000.000   25.470
 983500.000   25.106
 984000.000   25.083
 984500.000   25.551
 985000.000   25.503
 985500.000   25.250
 986000.000   25.184
 986500.000   25.613
 987000.000   24.592
 987500.000   25.412
 988000.000   25.151
 988500.000   24.364
 989000.000   24.314
 989500.000   25.419
 990000.000   24.771
 990500.000   25.171
 991000.000   25.630
 991500.000   25.104
 992000.000   23.951
 992500.000   24.583
 993000.000   24.341
 993500.000   24.737
 994000.000   24.471
 994500.000   25.058
 995000.000   25.781
 995500.000   25.953
 996000.000   23.912
 996500.000   25.608
 997000.000   24.574
 997500.000   25.079
 998000.000   24.866
 998500.000   24.989
 999000.000   24.809
 999500.000   25.093
1000000.000   24.986
