 750000.000 1.012911 0.938212 0.518313 0.950310
 750500.000 0.995393 0.908815 0.522093 0.939727
 751000.000 1.000272 0.926220 0.504823 0.942528
 751500.000 0.993121 0.935987 0.462480 0.939478
 752000.000 0.989166 0.938157 0.465718 0.927289
 752500.000 0.979329 0.919297 0.474968 0.920581
 753000.000 0.991424 0.932445 0.478163 0.931532
 753500.000 0.987825 0.910067 0.503194 0.932829
 754000.000 0.983688 0.918049 0.498177 0.918851
 754500.000 0.999291 0.922069 0.522613 0.934787
 755000.000 0.994203 0.926398 0.509862 0.926664
 755500.000 1.001117 0.936708 0.488609 0.942502
 756000.000 1.013624 0.956071 0.483950 0.952149
 756500.000 1.004935 0.951156 0.480090 0.940535
 757000.000 1.001116 0.939290 0.482984 0.942830
 757500.000 0.991724 0.930181 0.477085 0.934978
 758000.000 0.991563 0.937875 0.457680 0.936650
 758500.000 1.002471 0.936617 0.491947 0.943733
 759000.000 0.984843 0.913100 0.496700 0.927021
 759500.000 0.978180 0.916355 0.478334 0.919326
 760000.000 0.979267 0.903672 0.509153 0.917643
 760500.000 0.998919 0.929327 0.497132 0.940684
 761000.000 1.009286 0.940651 0.496234 0.951969
 761500.000 0.989185 0.928291 0.486489 0.926594
 762000.000 1.012876 0.934893 0.524475 0.950123
 762500.000 1.008914 0.931712 0.509785 0.952810
 763000.000 1.012073 0.933995 0.514213 0.954893
 763500.000 1.040335 0.964675 0.525947 0.978455
 764000.000 1.007108 0.946761 0.501565 0.938409
 764500.000 0.995702 0.934807 0.482900 0.935836
 765000.000 1.010672 0.949980 0.499385 0.943965
 765500.000 1.011678 0.951447 0.486615 0.951283
 766000.000 1.001681 0.928093 0.516517 0.937328
 766500.000 1.007112 0.927670 0.523097 0.945700
 767000.000 0.998925 0.930444 0.507657 0.933950
 767500.000 0.991549 0.924137 0.502417 0.927301
 768000.000 0.993402 0.940398 0.498043 0.917224
 768500.000 1.007203 0.935868 0.500930 0.949808
 769000.000 1.003906 0.934664 0.506265 0.941147
 769500.000 1.010467 0.943417 0.491111 0.954390
 770000.000 0.987759 0.923761 0.481585 0.930633
 770500.000 0.994802 0.924789 0.498026 0.935948
 771000.000 0.989860 0.915807 0.514774 0.925176
 771500.000 0.991766 0.928313 0.484163 0.933286
 772000.000 0.974919 0.899273 0.507576 0.913570
 772500.000 0.988542 0.925003 0.492194 0.925498
 773000.000 0.997213 0.922793 0.497262 0.943425
 773500.000 0.998532 0.924012 0.506692 0.940000
 774000.000 0.991292 0.930408 0.471367 0.936736
 774500.000 1.012137 0.931650 0.506630 0.961351
 775000.000 0.990733 0.900580 0.520953 0.938438
 775500.000 0.987651 0.919853 0.475223 0.937518
 776000.000 1.027468 0.959959 0.498282 0.970349
 776500.000 1.008705 0.949241 0.460093 0.960327
 777000.000 1.017008 0.953201 0.468606 0.969757
 777500.000 1.029383 0.953244 0.500271 0.979956
 778000.000 1.010107 0.933363 0.508996 0.954142
 778500.000 1.010031 0.950312 0.458459 0.962833
 779000.000 0.988553 0.917977 0.487257 0.935079
 779500.000 1.013216 0.949509 0.472158 0.963698
 780000.000 1.028285 0.952455 0.480190 0.988427
 780500.000 1.029606 0.945954 0.504834 0.985134
 781000.000 1.013942 0.924913 0.519543 0.964762
 781500.000 1.022773 0.943009 0.497888 0.977226
 782000.000 1.022032 0.931223 0.521994 0.974393
 782500.000 0.998076 0.912145 0.522508 0.941959
 783000.000 0.981418 0.911264 0.494385 0.922791
 783500.000 1.007846 0.940279 0.500846 0.946856
 784000.000 1.003801 0.933304 0.495646 0.947899
 784500.000 1.013396 0.947589 0.494318 0.954813
 785000.000 1.003357 0.952798 0.454008 0.948420
 785500.000 1.001799 0.953403 0.445509 0.948550
 786000.000 1.002191 0.949438 0.447278 0.952515
 786500.000 1.008458 0.953985 0.449039 0.960339
 787000.000 1.011044 0.960711 0.461812 0.952988
 787500.000 1.004187 0.947273 0.471616 0.947119
 788000.000 0.985861 0.921110 0.481895 0.929072
 788500.000 1.016050 0.968557 0.453038 0.959879
 789000.000 1.011846 0.955769 0.458760 0.961099
 789500.000 1.005909 0.943124 0.482919 0.949216
 790000.000 0.997715 0.939637 0.480179 0.936685
 790500.000 1.020840 0.959794 0.477434 0.966996
 791000.000 0.985640 0.920148 0.480783 0.930133
 791500.000 1.006525 0.938071 0.490864 0.951453
 792000.000 1.009890 0.944424 0.486853 0.954355
 792500.000 0.995143 0.928034 0.490545 0.937411
 793000.000 0.990951 0.928157 0.494095 0.926479
 793500.000 0.986574 0.920404 0.480326 0.932095
 794000.000 1.017231 0.947576 0.497142 0.961493
 794500.000 1.011916 0.941748 0.503871 0.952456
 795000.000 0.984052 0.904190 0.521786 0.920269
 795500.000 1.011038 0.941677 0.506108 0.949470
 796000.000 1.015211 0.950230 0.485582 0.960510
 796500.000 0.992907 0.935942 0.473374 0.933626
 797000.000 0.986560 0.929246 0.462229 0.932442
 797500.000 1.010693 0.949963 0.486333 0.950816
 798000.000 1.003649 0.938319 0.492562 0.944226
 798500.000 1.004576 0.941019 0.496987 0.941188
 799000.000 1.004212 0.943664 0.489814 0.941523
 799500.000 0.980499 0.910562 0.492384 0.922599
 800000.000 0.990544 0.928532 0.467761 0.938819
 800500.000 1.008461 0.951217 0.479572 0.948253
 801000.000 1.000810 0.952022 0.472399 0.934739
 801500.000 1.010637 0.957464 0.461533 0.955524
 802000.000 0.995999 0.939884 0.478777 0.933499
 802500.000 0.976608 0.922807 0.470306 0.913654
 803000.000 0.991295 0.931843 0.478230 0.931823
 803500.000 0.981337 0.916101 0.487751 0.921358
 804000.000 0.987826 0.918682 0.491806 0.930458
 804500.000 0.999903 0.926891 0.502790 0.942174
 805000.000 0.991332 0.915436 0.491848 0.941032
 805500.000 0.994111 0.922363 0.501421 0.935061
 806000.000 0.984365 0.885105 0.530454 0.934428
 806500.000 0.986834 0.895388 0.527626 0.931436
 807000.000 0.996355 0.897496 0.540194 0.942410
 807500.000 0.976561 0.881312 0.538768 0.916711
 808000.000 1.001186 0.906348 0.544132 0.941912
 808500.000 1.009555 0.918292 0.532724 0.954645
 809000.000 0.990963 0.907053 0.501977 0.943021
 809500.000 1.002046 0.917286 0.513124 0.950517
 810000.000 1.010332 0.939849 0.486095 0.960175
 810500.000 1.005743 0.927678 0.511222 0.949265
 811000.000 0.994832 0.907138 0.532661 0.934214
 811500.000 1.006765 0.934945 0.488696 0.956141
 812000.000 1.004658 0.926502 0.532716 0.936208
 812500.000 0.997676 0.925819 0.518806 0.929739
 813000.000 0.992122 0.913134 0.515333 0.932327
 813500.000 0.987615 0.898124 0.532431 0.927715
 814000.000 0.970020 0.893739 0.508457 0.908064
 814500.000 0.974073 0.891261 0.522448 0.911229
 815000.000 0.993072 0.919963 0.502581 0.934593
 815500.000 0.988302 0.916636 0.502773 0.927621
 816000.000 0.995009 0.928673 0.484615 0.939575
 816500.000 1.005916 0.929127 0.523186 0.941664
 817000.000 0.989710 0.904576 0.513612 0.936481
 817500.000 1.016341 0.929381 0.545406 0.951148
 818000.000 1.019486 0.945344 0.520061 0.956328
 818500.000 0.995045 0.926170 0.497177 0.935550
 819000.000 0.992675 0.927043 0.497589 0.929411
 819500.000 1.000170 0.926719 0.511680 0.938112
 820000.000 0.967639 0.899366 0.498848 0.902742
 820500.000 1.007157 0.936703 0.516679 0.940404
 821000.000 0.996354 0.926144 0.501174 0.936229
 821500.000 0.994876 0.935911 0.492850 0.927752
 822000.000 0.995138 0.927878 0.501599 0.931686
 822500.000 0.983447 0.920804 0.485456 0.922381
 823000.000 1.000780 0.932519 0.504589 0.937507
 823500.000 1.026796 0.964981 0.499836 0.963117
 824000.000 1.024575 0.964319 0.475422 0.971376
 824500.000 0.997339 0.922700 0.506926 0.938627
 825000.000 1.006003 0.940435 0.492905 0.946948
 825500.000 1.029807 0.971328 0.481768 0.972331
 826000.000 1.000766 0.942389 0.476419 0.942334
 826500.000 1.000585 0.947438 0.485436 0.932231
 827000.000 1.002177 0.943576 0.484135 0.940211
 827500.000 0.992122 0.923929 0.504719 0.927483
 828000.000 1.032902 0.984281 0.466138 0.973488
 828500.000 1.061103 1.004147 0.488763 1.002337
 829000.000 1.041006 0.978045 0.502883 0.978736
 829500.000 1.082732 1.026158 0.521516 1.009772
 830000.000 1.022218 0.972993 0.476527 0.957113
 830500.000 1.013448 0.954639 0.490316 0.949951
 831000.000 0.998134 0.940341 0.493762 0.929784
 831500.000 1.017282 0.972193 0.466861 0.952159
 832000.000 1.036972 0.970646 0.504270 0.976821
 832500.000 1.037346 0.960922 0.514041 0.982123
 833000.000 1.040727 0.972882 0.509673 0.979775
 833500.000 1.013286 0.959854 0.498856 0.939850
 834000.000 1.012748 0.947964 0.512266 0.943539
 834500.000 1.022323 0.974281 0.456874 0.965573
 835000.000 1.039056 0.990644 0.473816 0.976421
 835500.000 1.008171 0.945208 0.495441 0.945483
 836000.000 1.016714 0.961204 0.500862 0.944794
 836500.000 1.072889 1.004189 0.535122 1.003708
 837000.000 1.022278 0.955191 0.511873 0.956923
 837500.000 1.010221 0.940896 0.512548 0.945040
 838000.000 1.039924 0.973626 0.506837 0.978802
 838500.000 1.015148 0.962373 0.490786 0.945526
 839000.000 0.996292 0.936371 0.481654 0.936170
 839500.000 1.041335 0.996909 0.474840 0.974401
 840000.000 1.047229 0.988900 0.500855 0.982139
 840500.000 1.048114 0.982627 0.513204 0.983947
 841000.000 1.038204 0.965406 0.516043 0.978481
 841500.000 1.033674 0.970088 0.512830 0.965868
 842000.000 1.010841 0.941932 0.519962 0.941277
 842500.000 1.028654 0.947910 0.540009 0.962349
 843000.000 1.039104 0.972393 0.520594 0.971034
 843500.000 1.030126 0.964616 0.516976 0.961546
 844000.000 1.023659 0.963592 0.503712 0.955782
 844500.000 1.017981 0.957170 0.493383 0.955495
 845000.000 1.025492 0.969495 0.497837 0.956820
 845500.000 1.018383 0.954676 0.505820 0.952339
 846000.000 1.036783 0.967837 0.515862 0.973148
 846500.000 1.029998 0.964900 0.500422 0.969711
 847000.000 1.039882 0.965564 0.515155 0.982349
 847500.000 1.024884 0.958207 0.494378 0.968610
 848000.000 1.011360 0.937960 0.509437 0.952053
 848500.000 1.010035 0.936409 0.509335 0.950819
 849000.000 1.017882 0.946204 0.514433 0.955105
 849500.000 1.027880 0.960414 0.503598 0.968024
 850000.000 1.008245 0.947590 0.502566 0.939477
 850500.000 1.029546 0.978441 0.482969 0.964014
 851000.000 1.017591 0.961019 0.502732 0.945878
 851500.000 1.036417 0.977275 0.496124 0.973199
 852000.000 0.999570 0.942988 0.471904 0.941467
 852500.000 1.025202 0.966502 0.490543 0.962975
 853000.000 1.009012 0.951638 0.471095 0.953238
 853500.000 1.014391 0.963160 0.453594 0.961538
 854000.000 0.997239 0.930842 0.489051 0.939857
 854500.000 1.037178 0.983036 0.476252 0.978927
 855000.000 1.004913 0.943713 0.479934 0.948034
 855500.000 0.997167 0.938540 0.471214 0.941162
 856000.000 1.008797 0.950002 0.484501 0.947679
 856500.000 1.009464 0.931957 0.510592 0.953302
 857000.000 1.002614 0.933640 0.496055 0.944837
 857500.000 1.008335 0.925337 0.521789 0.951298
 858000.000 0.999855 0.932688 0.490645 0.942751
 858500.000 1.009516 0.952480 0.494000 0.941802
 859000.000 1.032260 0.977427 0.474278 0.975099
 859500.000 1.019470 0.958102 0.495534 0.956621
 860000.000 1.035255 0.966420 0.536120 0.960267
 860500.000 1.007228 0.929319 0.512607 0.950062
 861000.000 0.998693 0.913484 0.539790 0.932174
 861500.000 0.991284 0.907194 0.515601 0.936185
 862000.000 1.025901 0.933342 0.541637 0.969766
 862500.000 1.031067 0.958318 0.521965 0.967149
 863000.000 0.997742 0.900690 0.544436 0.939854
 863500.000 1.011004 0.933153 0.519237 0.950726
 864000.000 1.011508 0.934808 0.503508 0.958598
 864500.000 1.001178 0.942958 0.466867 0.947406
 865000.000 1.035524 0.970748 0.488332 0.981734
 865500.000 1.006586 0.956541 0.454722 0.951151
 866000.000 0.998048 0.939971 0.468588 0.942911
 866500.000 0.998888 0.936951 0.479237 0.942342
 867000.000 1.005260 0.946281 0.473663 0.949364
 867500.000 1.012328 0.959543 0.473018 0.951392
 868000.000 1.018738 0.968843 0.466792 0.958699
 868500.000 1.057175 1.005544 0.488922 0.992510
 869000.000 1.009212 0.949649 0.486097 0.948100
 869500.000 1.000672 0.945209 0.472171 0.941447
 870000.000 1.015429 0.935548 0.514694 0.960224
 870500.000 1.016126 0.946439 0.513255 0.951759
 871000.000 1.011717 0.945527 0.508311 0.945907
 871500.000 0.985419 0.910788 0.501530 0.927919
 872000.000 1.003638 0.947540 0.480041 0.941438
 872500.000 0.996343 0.933109 0.488102 0.936196
 873000.000 1.007626 0.944229 0.511176 0.936885
 873500.000 1.010003 0.944345 0.505787 0.944777
 874000.000 1.002161 0.945318 0.480944 0.940065
 874500.000 1.009171 0.942771 0.500449 0.947410
 875000.000 1.000448 0.927335 0.493167 0.947960
 875500.000 1.016956 0.964874 0.469136 0.957773
 876000.000 1.005786 0.943217 0.482077 0.949290
 876500.000 1.003370 0.908015 0.538666 0.948077
 877000.000 1.005984 0.920430 0.524605 0.949529
 877500.000 1.024583 0.943724 0.505886 0.976220
 878000.000 1.007697 0.916887 0.531983 0.952482
 878500.000 1.021236 0.937693 0.540656 0.956173
 879000.000 1.008875 0.931309 0.521621 0.946696
 879500.000 1.015373 0.944664 0.511950 0.952618
 880000.000 1.010220 0.943008 0.492826 0.953388
 880500.000 1.004432 0.937285 0.501417 0.942255
 881000.000 1.028775 0.960372 0.508918 0.967184
 881500.000 1.015037 0.954411 0.472795 0.962374
 882000.000 1.013772 0.949078 0.474035 0.964370
 882500.000 1.017234 0.945817 0.487160 0.968317
 883000.000 1.007967 0.932544 0.488392 0.961160
 883500.000 1.006044 0.929695 0.504589 0.951476
 884000.000 1.003466 0.937048 0.509032 0.936331
 884500.000 1.016734 0.941723 0.514474 0.957064
 885000.000 1.025369 0.954207 0.501800 0.969767
 885500.000 1.015684 0.936106 0.511255 0.962056
 886000.000 1.022050 0.964449 0.488049 0.959593
 886500.000 1.033368 0.961089 0.514317 0.973387
 887000.000 1.019691 0.944928 0.514186 0.960346
 887500.000 1.011462 0.935951 0.515968 0.950728
 888000.000 1.031449 0.964514 0.494336 0.976279
 888500.000 1.013209 0.953131 0.491765 0.950207
 889000.000 1.019404 0.950165 0.505889 0.958975
 889500.000 1.021083 0.963553 0.488998 0.957951
 890000.000 0.999918 0.942099 0.481449 0.938258
 890500.000 0.982678 0.911967 0.494299 0.924822
 891000.000 0.984141 0.917664 0.496085 0.921336
 891500.000 1.003538 0.932328 0.505035 0.943335
 892000.000 1.000160 0.940200 0.475510 0.943691
 892500.000 1.009956 0.947586 0.494649 0.947325
 893000.000 1.013413 0.947350 0.490775 0.956912
 893500.000 0.992554 0.922684 0.490205 0.937380
 894000.000 1.024374 0.957539 0.496562 0.967072
 894500.000 1.021411 0.958215 0.462231 0.977102
 895000.000 1.020059 0.961579 0.466184 0.969061
 895500.000 1.017824 0.968307 0.449298 0.965631
 896000.000 1.025031 0.970704 0.466671 0.970220
 896500.000 1.033015 0.985960 0.463215 0.973425
 897000.000 1.014448 0.962597 0.449208 0.964278
 897500.000 1.042854 0.987881 0.474588 0.986888
 898000.000 1.039577 0.991897 0.461606 0.982090
 898500.000 1.020372 0.953145 0.494983 0.963755
 899000.000 1.006547 0.942639 0.485274 0.949848
 899500.000 1.004963 0.945804 0.473912 0.949087
 900000.000 1.017569 0.956721 0.493201 0.955159
 900500.000 1.030296 0.972845 0.463407 0.980738
 901000.000 1.003189 0.954308 0.451417 0.947785
 901500.000 1.004051 0.953309 0.452446 0.950122
 902000.000 1.034237 0.981023 0.481810 0.971981
 902500.000 1.020167 0.962804 0.474973 0.963791
 903000.000 1.018423 0.951917 0.492990 0.961866
 903500.000 1.009278 0.948332 0.464553 0.960282
 904000.000 1.039273 0.983129 0.474070 0.984324
 904500.000 0.999395 0.932165 0.489695 0.942788
 905000.000 0.993445 0.925766 0.495819 0.933268
 905500.000 1.015648 0.946863 0.522253 0.945401
 906000.000 0.995165 0.935722 0.500995 0.924195
 906500.000 0.996756 0.925518 0.510880 0.932450
 907000.000 0.977936 0.890501 0.525530 0.918447
 907500.000 0.998604 0.919080 0.517093 0.939323
 908000.000 0.978464 0.900092 0.506124 0.921118
 908500.000 0.984773 0.906248 0.538427 0.910147
 909000.000 1.014159 0.942389 0.504799 0.956095
 909500.000 1.009193 0.914439 0.531815 0.958079
 910000.000 0.995369 0.895014 0.545764 0.939474
 910500.000 0.996515 0.897464 0.547884 0.938331
 911000.000 0.978725 0.885497 0.525465 0.924979
 911500.000 0.986566 0.871620 0.555055 0.937453
 912000.000 0.994911 0.888263 0.547872 0.943674
 912500.000 0.978142 0.860909 0.563596 0.924511
 913000.000 0.989465 0.890033 0.537971 0.936221
 913500.000 0.981971 0.874966 0.553975 0.925245
 914000.000 0.981027 0.883263 0.544315 0.921084
 914500.000 0.979025 0.873838 0.552394 0.921004
 915000.000 0.966319 0.861998 0.544544 0.909931
 915500.000 1.007910 0.894766 0.557786 0.959185
 916000.000 0.991576 0.883944 0.551887 0.938354
 916500.000 0.980802 0.860760 0.563238 0.930485
 917000.000 1.007422 0.890143 0.582436 0.947741
 917500.000 0.992189 0.885968 0.555334 0.935704
 918000.000 0.982857 0.881135 0.552946 0.921883
 918500.000 1.005986 0.892096 0.568508 0.951305
 919000.000 0.987754 0.886002 0.566421 0.919501
 919500.000 0.994063 0.906890 0.539962 0.928609
 920000.000 0.992325 0.902897 0.543988 0.926431
 920500.000 1.016147 0.946155 0.535964 0.939491
 921000.000 1.004093 0.932978 0.518202 0.936708
 921500.000 0.996347 0.919533 0.511369 0.937217
 922000.000 1.012852 0.915469 0.538868 0.960873
 922500.000 1.011378 0.922458 0.563900 0.936406
 923000.000 1.002677 0.899840 0.558644 0.942828
 923500.000 1.008240 0.897765 0.567775 0.951180
 924000.000 1.006628 0.906498 0.547523 0.951357
 924500.000 1.045735 0.934898 0.571791 0.993046
 925000.000 1.069614 0.972228 0.549692 1.020175
 925500.000 1.012694 0.923150 0.525356 0.960674
 926000.000 1.004057 0.901566 0.568559 0.938179
 926500.000 0.999520 0.894307 0.572676 0.932919
 927000.000 1.004284 0.896111 0.568112 0.944144
 927500.000 0.997603 0.894449 0.561672 0.935365
 928000.000 1.012673 0.909900 0.561452 0.952820
 928500.000 1.016960 0.921109 0.544200 0.961155
 929000.000 1.007338 0.913413 0.529271 0.956560
 929500.000 1.032603 0.951367 0.516583 0.980090
 930000.000 1.027081 0.935329 0.540142 0.971183
 930500.000 1.000741 0.887097 0.560498 0.949666
 931000.000 1.022864 0.913673 0.560325 0.971462
 931500.000 1.012913 0.911428 0.547755 0.959818
 932000.000 1.009390 0.904988 0.562615 0.949841
 932500.000 1.009372 0.906868 0.553034 0.953628
 933000.000 1.013147 0.919671 0.541753 0.955847
 933500.000 1.015867 0.911394 0.562239 0.957716
 934000.000 1.015756 0.917751 0.541353 0.963426
 934500.000 1.017980 0.923142 0.541975 0.962622
 935000.000 1.017755 0.921370 0.537756 0.966202
 935500.000 1.022609 0.930499 0.533490 0.970061
 936000.000 0.988173 0.906718 0.507749 0.934359
 936500.000 1.014488 0.924407 0.529553 0.960946
 937000.000 1.000048 0.896730 0.542747 0.949470
 937500.000 1.027035 0.922700 0.548974 0.978190
 938000.000 1.038083 0.935665 0.548638 0.989324
 938500.000 1.012121 0.915064 0.528669 0.965373
 939000.000 1.023909 0.923120 0.558504 0.965766
 939500.000 1.013385 0.913004 0.555080 0.955097
 940000.000 1.026325 0.904596 0.582724 0.974077
 940500.000 1.023420 0.919642 0.550854 0.972419
 941000.000 1.012715 0.917004 0.542699 0.956956
 941500.000 1.034027 0.928079 0.562931 0.979898
 942000.000 1.012665 0.918046 0.544599 0.954770
 942500.000 1.010732 0.916643 0.535237 0.957312
 943000.000 1.029950 0.940097 0.532114 0.977071
 943500.000 1.010710 0.941998 0.498188 0.952638
 944000.000 1.018716 0.940584 0.510573 0.964458
 944500.000 1.027301 0.945518 0.511081 0.977491
 945000.000 1.020144 0.948519 0.497426 0.966574
 945500.000 1.039939 0.951850 0.524080 0.991096
 946000.000 1.009420 0.929674 0.509338 0.956106
 946500.000 1.033702 0.950744 0.513413 0.984669
 947000.000 1.017670 0.948273 0.493311 0.963706
 947500.000 1.010390 0.910362 0.551266 0.953479
 948000.000 1.010311 0.924070 0.523088 0.955997
 948500.000 1.023669 0.916629 0.559206 0.971019
 949000.000 1.064084 0.971567 0.527413 1.021001
 949500.000 1.029075 0.943867 0.511179 0.982753
 950000.000 1.034893 0.953203 0.515333 0.983790
 950500.000 1.026408 0.948437 0.503078 0.976938
 951000.000 1.034911 0.936365 0.534341 0.989840
 951500.000 1.011737 0.918789 0.527723 0.961538
 952000.000 1.032950 0.938168 0.533514 0.984466
 952500.000 1.044042 0.944821 0.535045 1.000543
 953000.000 1.033040 0.940490 0.528289 0.985258
 953500.000 1.017587 0.931504 0.518019 0.966915
 954000.000 1.029428 0.935312 0.535682 0.978611
 954500.000 1.025831 0.922116 0.554772 0.972928
 955000.000 0.993717 0.895755 0.532662 0.942783
 955500.000 1.004114 0.905558 0.539830 0.951335
 956000.000 1.018076 0.924947 0.534456 0.965291
 956500.000 0.983779 0.898078 0.511008 0.931649
 957000.000 0.989151 0.879047 0.553171 0.937079
 957500.000 1.041960 0.928765 0.560824 0.997111
 958000.000 1.042083 0.930801 0.563936 0.993710
 958500.000 0.991189 0.904399 0.517849 0.937447
 959000.000 1.024400 0.912943 0.563865 0.973336
 959500.000 1.034748 0.940040 0.532161 0.987186
 960000.000 1.004491 0.933159 0.500635 0.946880
 960500.000 1.003531 0.926973 0.505796 0.948176
 961000.000 1.010526 0.925455 0.515672 0.959137
 961500.000 1.006031 0.908309 0.545025 0.949800
 962000.000 1.017401 0.906241 0.558157 0.968193
 962500.000 1.019027 0.916183 0.563224 0.959282
 963000.000 1.043052 0.951551 0.555203 0.980926
 963500.000 1.017253 0.908375 0.565619 0.961529
 964000.000 0.991386 0.889266 0.551593 0.933083
 964500.000 1.024354 0.923554 0.555448 0.968052
 965000.000 1.003267 0.908791 0.527983 0.953112
 965500.000 1.034601 0.930867 0.549571 0.986032
 966000.000 1.027030 0.914152 0.553321 0.983739
 966500.000 1.021000 0.930029 0.518088 0.975455
 967000.000 1.040866 0.946123 0.524327 0.998366
 967500.000 1.033002 0.932012 0.539308 0.987263
 968000.000 1.050539 0.941541 0.558581 1.004367
 968500.000 1.043947 0.942738 0.534619 1.002535
 969000.000 1.041131 0.911822 0.587090 0.995898
 969500.000 1.029844 0.882744 0.609396 0.985169
 970000.000 1.034668 0.908419 0.576449 0.991745
 970500.000 1.014734 0.894382 0.577636 0.962180
 971000.000 1.014272 0.877383 0.595804 0.965771
 971500.000 1.024579 0.891216 0.590300 0.978163
 972000.000 1.015307 0.903923 0.554434 0.968104
 972500.000 1.038293 0.908028 0.594127 0.989243
 973000.000 1.021304 0.923589 0.530829 0.975361
 973500.000 1.014575 0.918235 0.524858 0.969585
 974000.000 1.016939 0.896471 0.563942 0.972954
 974500.000 1.012749 0.891938 0.555639 0.973156
 975000.000 1.004540 0.903209 0.529092 0.960456
 975500.000 1.006961 0.901624 0.529051 0.967017
 976000.000 1.016402 0.921928 0.513119 0.976167
 976500.000 1.001453 0.899751 0.521531 0.961389
 977000.000 1.000064 0.915099 0.495797 0.957621
 977500.000 0.982009 0.897282 0.487937 0.941001
 978000.000 1.034239 0.947011 0.499764 0.996346
 978500.000 1.027286 0.928674 0.517696 0.990045
 979000.000 1.015164 0.929041 0.493590 0.976916
 979500.000 1.024988 0.941548 0.494159 0.985137
 980000.000 0.999547 0.921856 0.510926 0.941980
 980500.000 1.003305 0.917449 0.492891 0.963632
 981000.000 1.006644 0.924920 0.506616 0.956309
 981500.000 1.011336 0.924765 0.508868 0.965123
 982000.000 1.018338 0.939500 0.514015 0.962888
 982500.000 0.999640 0.925059 0.494948 0.947552
 983000.000 1.031180 0.937997 0.536631 0.979210
 983500.000 1.019816 0.927046 0.524278 0.972505
 984000.000 1.021435 0.937082 0.529440 0.963447
 984500.000 0.989511 0.908175 0.502210 0.938758
 985000.000 1.006338 0.906574 0.537637 0.956297
 985500.000 1.004447 0.918174 0.517527 0.952339
 986000.000 0.993782 0.912323 0.497606 0.946182
 986500.000 1.043181 0.969406 0.498463 0.994101
 987000.000 1.011773 0.946616 0.469127 0.964991
 987500.000 1.024921 0.951031 0.474752 0.985433
 988000.000 1.020334 0.949912 0.484885 0.971965
 988500.000 1.015786 0.946799 0.488315 0.963723
 989000.000 1.026229 0.965186 0.462511 0.980199
 989500.000 1.029181 0.957490 0.482609 0.984241
 990000.000 0.993064 0.926298 0.472652 0.943887
 990500.000 1.000083 0.928244 0.477169 0.954465
 991000.000 1.002860 0.947515 0.456513 0.951455
 991500.000 1.002381 0.933154 0.476519 0.954824
 992000.000 1.031904 0.957292 0.484674 0.989108
 992500.000 0.991546 0.918207 0.475280 0.947276
 993000.000 1.015317 0.939531 0.478828 0.974548
 993500.000 1.044401 0.972110 0.475719 1.005108
 994000.000 1.022128 0.953646 0.473773 0.977543
 994500.000 1.020837 0.939782 0.505831 0.972193
 995000.000 1.040204 0.939672 0.542982 0.993094
 995500.000 1.017607 0.915608 0.532607 0.974186
 996000.000 0.995601 0.912720 0.494236 0.951375
 996500.000 0.997158 0.917719 0.504643 0.944339
 997000.000 0.988771 0.901688 0.521839 0.932727
 997500.000 1.006867 0.931910 0.498629 0.954188
 998000.000 0.992749 0.922371 0.504674 0.930395
 998500.000 0.995587 0.922852 0.484145 0.946750
 999000.000 1.013769 0.937710 0.509333 0.957462
 999500.000 1.019146 0.939958 0.508661 0.966986
1000000.000 1.002344 0.913883 0.518228 0.951654
