BFII_lipid_1
""
WAVELENGTH	FLUORESCENCE
300.0	75.00981140136719
300.5	80.97496032714844
301.0	87.80038452148438
301.5	94.33224487304688
302.0	103.44427490234375
302.5	113.93717956542969
303.0	124.20088958740234
303.5	135.9941864013672
304.0	147.014404296875
304.5	159.57369995117188
305.0	174.40081787109375
305.5	186.17913818359375
306.0	202.59213256835938
306.5	215.32388305664062
307.0	233.3766326904297
307.5	247.44309997558594
308.0	267.220947265625
308.5	286.1011962890625
309.0	303.5391540527344
309.5	324.003662109375
310.0	343.1065368652344
310.5	363.43505859375
311.0	386.47161865234375
311.5	408.2160949707031
312.0	432.55010986328125
312.5	455.6607666015625
313.0	481.8987731933594
313.5	506.5509033203125
314.0	534.125244140625
314.5	564.6565551757812
315.0	588.3794555664062
315.5	620.2991943359375
316.0	644.8380737304688
316.5	678.937255859375
317.0	710.032470703125
317.5	738.49951171875
318.0	767.939208984375
318.5	800.3571166992188
319.0	830.7296142578125
319.5	864.8548583984375
320.0	896.4192504882812
320.5	931.3707885742188
321.0	969.9700927734375
321.5	999.8433227539062
322.0	1039.24609375
322.5	1069.7034912109375
323.0	1110.9498291015625
323.5	1148.4896240234375
324.0	1182.884765625
324.5	1217.0673828125
325.0	1254.7777099609375
325.5	1289.75244140625
326.0	1328.277099609375
326.5	1362.8724365234375
327.0	1401.815673828125
327.5	1444.1785888671875
328.0	1476.271240234375
328.5	1518.4124755859375
329.0	1549.471923828125
329.5	1591.3179931640625
330.0	1625.6839599609375
330.5	1663.3175048828125
331.0	1696.8502197265625
331.5	1733.43994140625
332.0	1766.316162109375
332.5	1802.2078857421875
333.0	1841.1363525390625
333.5	1869.7899169921875
334.0	1907.6143798828125
334.5	1938.1141357421875
335.0	1971.3043212890625
335.5	2001.10009765625
336.0	2033.6673583984375
336.5	2063.108642578125
337.0	2094.71142578125
337.5	2126.910888671875
338.0	2151.448486328125
338.5	2182.13671875
339.0	2207.4365234375
339.5	2233.667724609375
340.0	2258.142578125
340.5	2283.7255859375
341.0	2305.703369140625
341.5	2329.6435546875
342.0	2354.22998046875
342.5	2372.761962890625
343.0	2396.77392578125
343.5	2414.956787109375
344.0	2435.2177734375
344.5	2452.135498046875
345.0	2469.8740234375
345.5	2484.8779296875
346.0	2500.58642578125
346.5	2516.504638671875
347.0	2529.33251953125
347.5	2543.197265625
348.0	2555.087890625
348.5	2567.279541015625
349.0	2577.0751953125
349.5	2587.35986328125
350.0	2597.759033203125
350.5	2604.890380859375
351.0	2612.410400390625
351.5	2617.87109375
352.0	2623.925537109375
352.5	2628.23095703125
353.0	2632.88916015625
353.5	2636.451171875
354.0	2639.408935546875
354.5	2641.27880859375
355.0	2642.259765625
355.5	2643.382568359375
356.0	2642.901123046875
356.5	2641.994384765625
357.0	2640.552978515625
357.5	2639.3955078125
358.0	2635.843505859375
358.5	2632.2373046875
359.0	2628.560791015625
359.5	2624.065673828125
360.0	2619.335693359375
360.5	2612.794921875
361.0	2607.14892578125
361.5	2599.193603515625
362.0	2590.93115234375
362.5	2583.087158203125
363.0	2574.03125
363.5	2565.668701171875
364.0	2555.72802734375
364.5	2546.220703125
365.0	2533.492919921875
365.5	2520.52783203125
366.0	2508.332275390625
366.5	2494.3505859375
367.0	2481.451904296875
367.5	2465.34423828125
368.0	2449.936279296875
368.5	2436.181884765625
369.0	2420.516845703125
369.5	2406.50830078125
370.0	2389.302734375
370.5	2373.82666015625
371.0	2353.729736328125
371.5	2335.461669921875
372.0	2318.373046875
372.5	2298.99658203125
373.0	2280.99560546875
373.5	2258.519287109375
374.0	2237.1884765625
374.5	2218.457275390625
375.0	2196.216796875
375.5	2175.652099609375
376.0	2151.8515625
376.5	2129.700927734375
377.0	2108.544677734375
377.5	2085.326904296875
378.0	2063.952880859375
378.5	2038.2310791015625
379.0	2014.191162109375
379.5	1992.934326171875
380.0	1968.75439453125
380.5	1947.9918212890625
381.0	1920.8121337890625
381.5	1896.846435546875
382.0	1874.7210693359375
382.5	1850.3267822265625
383.0	1827.9068603515625
383.5	1800.6441650390625
384.0	1776.476318359375
384.5	1754.72314453125
385.0	1730.6248779296875
385.5	1708.7861328125
386.0	1682.203857421875
386.5	1657.3468017578125
387.0	1635.09130859375
387.5	1610.2750244140625
388.0	1588.4368896484375
388.5	1561.833251953125
389.0	1537.8543701171875
389.5	1515.91748046875
390.0	1489.3768310546875
390.5	1469.7620849609375
391.0	1444.12744140625
391.5	1421.1533203125
392.0	1400.3321533203125
392.5	1375.251953125
393.0	1357.3759765625
393.5	1332.1700439453125
394.0	1309.92333984375
394.5	1289.71728515625
395.0	1265.6903076171875
395.5	1244.370849609375
396.0	1225.021728515625
396.5	1202.3057861328125
397.0	1185.2550048828125
397.5	1162.1126708984375
398.0	1140.9403076171875
398.5	1122.2242431640625
399.0	1100.2701416015625
399.5	1079.783447265625
400.0	1061.851318359375
400.5	1044.2874755859375
401.0	1024.8956298828125
401.5	1004.6948852539062
402.0	985.6966552734375
402.5	968.6260986328125
403.0	948.6785888671875
403.5	930.9008178710938
404.0	914.6671752929688
404.5	898.6743774414062
405.0	881.3925170898438
405.5	862.5215454101562
406.0	847.1124877929688
406.5	830.556396484375
407.0	812.6070556640625
407.5	796.6126098632812
408.0	782.3648681640625
408.5	765.4415893554688
409.0	752.8804931640625
409.5	736.3666381835938
410.0	722.8319091796875
410.5	708.2694091796875
411.0	693.1873168945312
411.5	680.29833984375
412.0	666.2581787109375
412.5	651.3400268554688
413.0	637.865478515625
413.5	625.66064453125
414.0	611.4219970703125
414.5	601.0811767578125
415.0	586.8876953125
415.5	575.5906372070312
416.0	563.4739990234375
416.5	550.5608520507812
417.0	539.9910888671875
417.5	528.7394409179688
418.0	516.3338623046875
418.5	506.2414245605469
419.0	495.0758361816406
419.5	483.5559997558594
420.0	473.033447265625
420.5	463.4895935058594
421.0	451.84478759765625
421.5	444.0025329589844
422.0	433.5160217285156
422.5	423.1775817871094
423.0	415.57061767578125
423.5	405.8655700683594
424.0	397.5049133300781
424.5	388.8309020996094
425.0	379.510986328125
425.5	371.8027648925781
426.0	363.65533447265625
426.5	354.8975524902344
427.0	347.6947021484375
427.5	339.8633728027344
428.0	331.8150329589844
428.5	324.6092529296875
429.0	317.3813171386719
429.5	309.68963623046875
430.0	303.3951721191406
430.5	296.80059814453125
431.0	289.5237121582031
431.5	283.7845153808594
432.0	277.3052978515625
432.5	270.72412109375
433.0	265.26531982421875
433.5	259.189208984375
434.0	252.7950439453125
434.5	247.57518005371094
435.0	241.94090270996094
435.5	235.6988983154297
436.0	230.9756317138672
436.5	225.83917236328125
437.0	220.35093688964844
437.5	215.9150390625
438.0	211.0384979248047
438.5	206.09027099609375
439.0	201.70599365234375
439.5	197.09144592285156
440.0	192.26565551757812
440.5	188.26583862304688
441.0	184.04238891601562
441.5	179.77711486816406
442.0	175.9707794189453
442.5	171.9258575439453
443.0	167.67674255371094
443.5	164.12586975097656
444.0	160.04823303222656
444.5	156.2293701171875
445.0	152.19398498535156
445.5	149.0440673828125
446.0	145.83216857910156
446.5	142.04002380371094
447.0	138.9617919921875
447.5	135.6199951171875
448.0	131.9986572265625
448.5	129.41726684570312
449.0	126.10332489013672
449.5	122.6319808959961
450.0	120.0582275390625
