33.252 27.97 -68.6835
43.902 33.933 -86.6705
42.599 36.259 -91.8165
46.55 40.772 -108.265
34.573 33.3 -81.2875
38.635 34.639 -85.5765
41.487 32.303 -83.03
50.546 38.649 -99.3255
46.588 32.028 -97.9325
36.407 29.552 -77.821
32.268 29.995 -73.8755
39.683 30.517 -85.1215
42.735 39.896 -100.835
46.663 40.838 -103.8095
45.708 42.009 -103.953
54.206 49.276 -119.1735
54.564 47.724 -124.037
61.368 54.976 -138.7155
45.486 37.517 -99.413
39.289 33.427 -88.968
36.199 35.442 -84.6755
56.907 49.632 -130.4975
57.039 50.597 -125.437
59.087 52.244 -132.994
64.211 52.685 -131.2855
48.173 43.028 -108.8565
52.648 44.467 -105.4095
51.612 44.865 -112.7775
53.713 50.588 -122.6155
51.199 50.992 -126.881
55.838 55.267 -130.8185
43.79 43.403 -96.72
52.266 48.219 -118.7065
51.742 46.218 -108.495
53.237 53.343 -123.6955
52.388 47.849 -119.312
56.996 49.795 -130.7505
52.153 47.719 -114.8355
56.87 54.845 -124.697
48.048 44.61 -116.281
42.983 40.836 -101.2135
49.857 47.179 -119.057
53.445 50.135 -129.1925
51.299 50.591 -121.518
47.201 49.357 -109.379
55.699 52.987 -126.4685
50.354 54.376 -120.1215
51.192 53.753 -117.5015
52.973 54.616 -122.7365
49.953 52.124 -113.5355
53.211 49.938 -125.6735
57.809 51.252 -121.3275
56.232 47.92 -123.749
47.062 44.059 -103.9985
51.594 50.322 -127.5645
46.287 48.012 -108.9
46.637 46.646 -113.029
47.833 53.788 -117.9955
47.163 51.628 -109.8225
47.955 47.619 -117.9415
48.718 48.504 -117.5315
42.181 44.057 -109.0035
42.385 43.634 -92.307
44.993 51.683 -103.916
42.41 45.912 -102.7685
48.567 42.917 -101.809
55.425 52.174 -114.2665
45.044 42.052 -101.757
34.674 30.84 -76.062
41.278 35.994 -97.816
39.751 38.244 -94.7395
39.616 36.848 -94.116
40.96 34.612 -85.9375
41.393 36.52 -88.192
42.703 36.408 -91.598
39.567 32.627 -89.103
40.639 37.976 -90.0165
49.238 41.803 -101.2555
50.87 44.506 -109.898
36.871 35.475 -90.972
41.088 36.822 -91.8335
35.236 31.984 -79.504
40.595 29.802 -82.11
33.584 29.925 -75.6625
49.073 43.263 -105.5745
51.205 47.739 -114.904
51.482 43.775 -107.3855
38.546 35.89 -93.342
40.988 39.42 -92.25
40.666 37.102 -98.7655
33.302 30.947 -77.663
32.875 31.446 -78.0825
37.763 33.978 -87.161
35.934 31.712 -80.7475
43.982 34.355 -95.316
39.924 37.917 -93.8435
35.397 30.62 -84.227
43.015 36.954 -95.6
32.221 25.714 -72.3345
30.186 26.425 -76.358
26.41 26.173 -72.5295
