       1    1.678    0.192
       2    1.919    0.145
       3    0.936    0.098
       4    0.777    0.125
       5    1.396    0.171
       6    0.621    0.070
       7    0.498    0.071
       8    1.250    0.157
       9    1.515    0.122
      10    1.393    0.116
      11    0.768    0.088
      12    1.042    0.104
      13    0.026    0.027
      14    1.523    0.133
      15    0.433    0.074
      16    1.067    0.141
      17    1.148    0.116
      18    1.398    0.143
      19    1.420    0.136
      20    1.596    0.144
      21    2.897    0.137
