 750000.000    5.067
 750500.000    3.511
 751000.000    0.982
 751500.000    1.412
 752000.000   -0.146
 752500.000    2.878
 753000.000    3.846
 753500.000    3.060
 754000.000   -1.197
 754500.000    2.979
 755000.000    2.446
 755500.000    2.874
 756000.000    1.052
 756500.000    1.412
 757000.000    2.026
 757500.000   -0.336
 758000.000    3.069
 758500.000    4.977
 759000.000    0.903
 759500.000    1.848
 760000.000    0.887
 760500.000    0.800
 761000.000    1.501
 761500.000    2.975
 762000.000    3.238
 762500.000    4.721
 763000.000    2.713
 763500.000    0.800
 764000.000    3.419
 764500.000    2.894
 765000.000    2.446
 765500.000    1.682
 766000.000    0.714
 766500.000    3.328
 767000.000    4.194
 767500.000    1.066
 768000.000    6.368
 768500.000    3.399
 769000.000    1.156
 769500.000    4.287
 770000.000    3.160
 770500.000    4.106
 771000.000    6.022
 771500.000    1.765
 772000.000    1.997
 772500.000    2.961
 773000.000    2.453
 773500.000    1.591
 774000.000    0.874
 774500.000    0.617
 775000.000    1.499
 775500.000    2.198
 776000.000    2.805
 776500.000    2.281
 777000.000    5.584
 777500.000    1.586
 778000.000    1.492
 778500.000    3.760
 779000.000    5.055
 779500.000    3.335
 780000.000    3.488
 780500.000    4.471
 781000.000    7.058
 781500.000    3.753
 782000.000    2.885
 782500.000    0.374
 783000.000    4.716
 783500.000    3.062
 784000.000    2.626
 784500.000    4.446
 785000.000    3.236
 785500.000    0.633
 786000.000    2.633
 786500.000    3.412
 787000.000    2.801
 787500.000    4.027
 788000.000    2.267
 788500.000    5.767
 789000.000    1.669
 789500.000    4.888
 790000.000    2.287
 790500.000    3.160
 791000.000    1.313
 791500.000    3.410
 792000.000    2.713
 792500.000    3.596
 793000.000    1.678
 793500.000    5.066
 794000.000    2.191
 794500.000    4.634
 795000.000    1.761
 795500.000    2.970
 796000.000    3.328
 796500.000    5.412
 797000.000    2.803
 797500.000    4.881
 798000.000    5.067
 798500.000    2.107
 799000.000    0.803
 799500.000    1.859
 800000.000    3.337
 800500.000    5.236
 801000.000    3.328
 801500.000    4.629
 802000.000    3.337
 802500.000    1.847
 803000.000    4.287
 803500.000    4.821
 804000.000    3.342
 804500.000    3.405
 805000.000    4.285
 805500.000    1.139
 806000.000    6.545
 806500.000    0.887
 807000.000    2.604
 807500.000    3.580
 808000.000    3.424
 808500.000    5.846
 809000.000    6.118
 809500.000    2.814
 810000.000    3.946
 810500.000    1.502
 811000.000    5.341
 811500.000    3.410
 812000.000    1.843
 812500.000    3.756
 813000.000   -0.325
 813500.000    2.273
 814000.000    2.801
 814500.000    3.760
 815000.000    3.582
 815500.000    2.191
 816000.000    3.149
 816500.000    2.182
 817000.000    4.712
 817500.000    1.415
 818000.000    0.981
 818500.000    1.676
 819000.000    0.705
 819500.000    2.551
 820000.000    3.939
 820500.000    1.071
 821000.000    1.852
 821500.000    1.247
 822000.000    2.544
 822500.000    1.841
 823000.000    0.642
 823500.000   -0.315
 824000.000    2.102
 824500.000   -0.423
 825000.000    1.848
 825500.000    0.878
 826000.000    3.932
 826500.000    0.546
 827000.000    1.493
 827500.000    2.549
 828000.000    1.687
 828500.000    2.276
 829000.000    1.852
 829500.000    3.758
 830000.000    1.572
 830500.000    3.488
 831000.000    0.099
 831500.000    0.367
 832000.000    1.598
 832500.000    0.541
 833000.000    2.544
 833500.000    1.424
 834000.000    2.627
 834500.000    1.772
 835000.000    1.687
 835500.000    5.229
 836000.000    2.024
 836500.000    1.319
 837000.000    4.189
 837500.000    2.542
 838000.000    2.970
 838500.000    3.064
 839000.000    5.681
 839500.000    4.813
 840000.000    0.370
 840500.000    2.443
 841000.000    1.671
 841500.000    2.453
 842000.000    1.939
 842500.000    3.499
 843000.000    3.319
 843500.000    2.370
 844000.000    3.243
 844500.000    2.287
 845000.000    1.926
 845500.000    0.628
 846000.000    0.624
 846500.000    3.140
 847000.000    2.640
 847500.000    2.805
 848000.000    2.104
 848500.000    2.530
 849000.000    2.024
 849500.000    1.495
 850000.000    0.628
 850500.000    2.107
 851000.000    3.848
 851500.000    2.367
 852000.000    2.881
 852500.000    3.066
 853000.000    2.713
 853500.000    3.321
 854000.000    1.062
 854500.000    4.191
 855000.000    1.142
 855500.000    2.540
 856000.000    1.247
 856500.000    3.490
 857000.000    3.163
 857500.000    1.776
 858000.000    4.024
 858500.000    4.886
 859000.000    3.046
 859500.000    3.321
 860000.000    1.499
 860500.000    2.288
 861000.000    3.504
 861500.000    2.111
 862000.000    5.850
 862500.000    3.241
 863000.000    1.403
 863500.000    3.401
 864000.000    2.379
 864500.000    3.593
 865000.000    3.405
 865500.000    3.151
 866000.000    2.635
 866500.000    2.283
 867000.000    4.980
 867500.000    2.028
 868000.000    4.365
 868500.000    2.446
 869000.000    5.848
 869500.000    2.195
 870000.000    2.537
 870500.000    2.615
 871000.000    2.367
 871500.000    4.711
 872000.000    4.368
 872500.000    4.453
 873000.000    6.185
 873500.000    4.977
 874000.000    5.502
 874500.000    4.012
 875000.000    2.895
 875500.000    2.448
 876000.000    4.622
 876500.000    0.791
 877000.000    1.840
 877500.000   -1.390
 878000.000    1.234
 878500.000    4.446
 879000.000    3.756
 879500.000    3.318
 880000.000    1.575
 880500.000    3.580
 881000.000    1.055
 881500.000    1.932
 882000.000    2.810
 882500.000    2.457
 883000.000    3.759
 883500.000    0.709
 884000.000    2.982
 884500.000    2.631
 885000.000    0.626
 885500.000    3.412
 886000.000    1.414
 886500.000    6.194
 887000.000    3.041
 887500.000    4.200
 888000.000    2.892
 888500.000    2.466
 889000.000    3.240
 889500.000    3.238
 890000.000    1.060
 890500.000    1.579
 891000.000    2.714
 891500.000    3.327
 892000.000    3.071
 892500.000    0.379
 893000.000    1.861
 893500.000    4.551
 894000.000    0.626
 894500.000    1.580
 895000.000    3.843
 895500.000    0.367
 896000.000    3.147
 896500.000    3.406
 897000.000    4.022
 897500.000    2.374
 898000.000    3.760
 898500.000    3.327
 899000.000    3.154
 899500.000    2.792
 900000.000    2.118
 900500.000    1.763
 901000.000    2.276
 901500.000    4.466
 902000.000    1.337
 902500.000    0.715
 903000.000    3.586
 903500.000    4.892
 904000.000    2.982
 904500.000    4.196
 905000.000    3.935
 905500.000    2.544
 906000.000    3.928
 906500.000    2.368
 907000.000    1.586
 907500.000    3.236
 908000.000    2.805
 908500.000    4.798
 909000.000    3.942
 909500.000    2.191
 910000.000    3.595
 910500.000    2.810
 911000.000    3.582
 911500.000    3.850
 912000.000    1.925
 912500.000    4.540
 913000.000    5.076
 913500.000    2.037
 914000.000    3.580
 914500.000    2.031
 915000.000    2.109
 915500.000    4.017
 916000.000    0.984
 916500.000    4.459
 917000.000    3.509
 917500.000    2.367
 918000.000    3.227
 918500.000    0.791
 919000.000    2.015
 919500.000   -0.157
 920000.000    1.591
 920500.000    2.452
 921000.000    2.367
 921500.000    3.740
 922000.000    2.455
 922500.000    1.495
 923000.000    3.325
 923500.000    3.227
 924000.000    3.050
 924500.000    4.012
 925000.000    3.669
 925500.000    2.175
 926000.000    1.577
 926500.000    0.879
 927000.000    1.934
 927500.000    2.805
 928000.000    3.669
 928500.000    2.363
 929000.000    4.196
 929500.000    1.838
 930000.000    3.059
 930500.000    1.146
 931000.000    5.044
 931500.000    4.012
 932000.000    2.022
 932500.000    3.925
 933000.000    3.144
 933500.000    4.114
 934000.000    2.453
 934500.000    2.271
 935000.000    2.702
 935500.000    3.231
 936000.000    4.024
 936500.000    2.193
 937000.000    3.509
 937500.000    4.368
 938000.000    2.095
 938500.000    3.848
 939000.000    2.615
 939500.000    1.148
 940000.000    1.833
 940500.000    0.699
 941000.000    1.848
 941500.000    4.106
 942000.000    5.059
 942500.000    3.231
 943000.000    4.450
 943500.000    2.461
 944000.000    3.495
 944500.000    0.704
 945000.000    2.631
 945500.000    3.768
 946000.000    2.363
 946500.000    2.698
 947000.000    4.886
 947500.000    2.116
 948000.000    3.410
 948500.000    1.414
 949000.000    2.911
 949500.000    1.655
 950000.000    1.843
 950500.000    4.881
 951000.000    3.845
 951500.000    0.189
 952000.000    3.671
 952500.000    3.069
 953000.000    1.501
 953500.000    4.815
 954000.000    2.469
 954500.000    1.332
 955000.000    5.149
 955500.000    4.739
 956000.000    2.285
 956500.000    3.241
 957000.000    2.452
 957500.000    1.151
 958000.000    2.629
 958500.000    3.667
 959000.000    3.582
 959500.000    3.760
 960000.000    1.499
 960500.000    4.980
 961000.000    2.965
 961500.000    6.288
 962000.000    4.899
 962500.000    1.321
 963000.000    0.713
 963500.000    1.937
 964000.000    1.059
 964500.000    3.060
 965000.000    2.363
 965500.000    4.620
 966000.000    4.720
 966500.000    4.457
 967000.000    2.473
 967500.000    1.493
 968000.000    4.819
 968500.000    6.895
 969000.000    1.422
 969500.000    3.673
 970000.000    1.311
 970500.000    2.281
 971000.000    2.975
 971500.000    3.587
 972000.000    0.455
 972500.000    2.113
 973000.000    2.453
 973500.000    2.631
 974000.000    2.264
 974500.000    4.109
 975000.000    3.848
 975500.000    1.407
 976000.000   -0.423
 976500.000    4.979
 977000.000    0.370
 977500.000    2.537
 978000.000    4.805
 978500.000    2.272
 979000.000    0.104
 979500.000    3.229
 980000.000    0.872
 980500.000    1.477
 981000.000    2.358
 981500.000    0.801
 982000.000    3.428
 982500.000    4.886
 983000.000    5.158
 983500.000    2.020
 984000.000   -0.508
 984500.000    4.705
 985000.000    4.370
 985500.000    4.100
 986000.000    0.886
 986500.000   -1.193
 987000.000   -0.693
 987500.000    4.010
 988000.000    2.959
 988500.000    3.575
 989000.000    1.662
 989500.000   -0.583
 990000.000    0.544
 990500.000    3.678
 991000.000    3.341
 991500.000    6.897
 992000.000    0.620
 992500.000    1.754
 993000.000    4.636
 993500.000    4.810
 994000.000   -0.317
 994500.000    0.365
 995000.000    1.492
 995500.000    1.488
 996000.000    3.488
 996500.000    5.149
 997000.000    2.966
 997500.000    2.010
 998000.000    3.761
 998500.000    2.633
 999000.000    2.452
 999500.000    2.711
1000000.000    2.014
