 750000.000    6.101  683.197
 750500.000    6.080  685.514
 751000.000    5.908  705.517
 751500.000    5.971  698.007
 752000.000    5.769  722.553
 752500.000    5.971  698.070
 753000.000    6.171  675.395
 753500.000    5.985  696.379
 754000.000    5.848  712.740
 754500.000    5.844  713.281
 755000.000    6.047  689.320
 755500.000    6.002  694.493
 756000.000    5.997  695.063
 756500.000    5.848  712.704
 757000.000    6.055  688.372
 757500.000    5.898  706.647
 758000.000    6.138  679.005
 758500.000    6.016  692.775
 759000.000    6.015  692.924
 759500.000    5.957  699.690
 760000.000    5.988  696.087
 760500.000    5.924  703.603
 761000.000    5.906  705.783
 761500.000    6.048  689.144
 762000.000    6.030  691.244
 762500.000    5.896  706.947
 763000.000    5.941  701.583
 763500.000    5.958  699.620
 764000.000    5.877  709.173
 764500.000    5.824  715.611
 765000.000    6.192  673.187
 765500.000    5.917  704.437
 766000.000    5.881  708.776
 766500.000    6.049  689.074
 767000.000    5.999  694.783
 767500.000    6.225  669.536
 768000.000    6.119  681.173
 768500.000    6.082  685.328
 769000.000    6.004  694.223
 769500.000    5.964  698.815
 770000.000    5.960  699.382
 770500.000    6.123  680.773
 771000.000    6.140  678.798
 771500.000    6.066  687.110
 772000.000    6.112  681.969
 772500.000    5.905  705.818
 773000.000    5.990  695.891
 773500.000    5.774  721.838
 774000.000    5.922  703.825
 774500.000    6.033  690.872
 775000.000    5.823  715.847
 775500.000    5.970  698.219
 776000.000    5.830  714.936
 776500.000    5.987  696.228
 777000.000    5.953  700.134
 777500.000    6.160  676.672
 778000.000    6.025  691.792
 778500.000    5.857  711.628
 779000.000    6.028  691.408
 779500.000    6.217  670.396
 780000.000    6.171  675.381
 780500.000    6.027  691.509
 781000.000    6.244  667.488
 781500.000    6.117  681.366
 782000.000    5.920  704.076
 782500.000    5.932  702.631
 783000.000    6.161  676.481
 783500.000    5.839  713.798
 784000.000    5.998  694.946
 784500.000    5.982  696.714
 785000.000    5.879  708.962
 785500.000    5.937  702.102
 786000.000    5.938  701.979
 786500.000    5.830  714.903
 787000.000    5.950  700.488
 787500.000    6.037  690.473
 788000.000    5.985  696.472
 788500.000    5.895  707.046
 789000.000    5.925  703.441
 789500.000    6.165  676.056
 790000.000    6.009  693.683
 790500.000    5.912  705.069
 791000.000    5.902  706.248
 791500.000    5.904  705.952
 792000.000    6.059  687.930
 792500.000    5.870  710.078
 793000.000    5.930  702.902
 793500.000    5.897  706.842
 794000.000    6.039  690.227
 794500.000    6.024  691.910
 795000.000    5.725  728.014
 795500.000    6.167  675.859
 796000.000    5.884  708.363
 796500.000    5.927  703.276
 797000.000    5.985  696.411
 797500.000    5.981  696.932
 798000.000    5.998  694.883
 798500.000    5.958  699.577
 799000.000    5.761  723.465
 799500.000    5.906  705.751
 800000.000    5.984  696.588
 800500.000    6.131  679.826
 801000.000    6.019  692.537
 801500.000    6.106  682.563
 802000.000    5.702  731.027
 802500.000    5.950  700.473
 803000.000    5.909  705.367
 803500.000    5.998  694.901
 804000.000    5.897  706.797
 804500.000    6.208  671.437
 805000.000    5.983  696.638
 805500.000    6.017  692.742
 806000.000    5.992  695.571
 806500.000    5.928  703.068
 807000.000    6.257  666.148
 807500.000    6.072  686.465
 808000.000    5.955  699.939
 808500.000    6.036  690.540
 809000.000    6.024  691.867
 809500.000    5.923  703.678
 810000.000    6.010  693.511
 810500.000    5.779  721.294
 811000.000    5.909  705.351
 811500.000    6.097  683.597
 812000.000    5.948  700.779
 812500.000    5.986  696.354
 813000.000    5.846  713.007
 813500.000    5.953  700.169
 814000.000    6.050  688.940
 814500.000    5.940  701.649
 815000.000    5.903  706.100
 815500.000    5.825  715.582
 816000.000    5.879  708.967
 816500.000    5.956  699.779
 817000.000    6.035  690.667
 817500.000    5.808  717.633
 818000.000    5.992  695.584
 818500.000    5.948  700.733
 819000.000    6.125  680.484
 819500.000    5.643  738.585
 820000.000    5.900  706.482
 820500.000    5.805  718.005
 821000.000    6.132  679.768
 821500.000    5.979  697.111
 822000.000    5.928  703.149
 822500.000    5.932  702.606
 823000.000    5.727  727.744
 823500.000    5.812  717.115
 824000.000    5.894  707.140
 824500.000    5.980  697.031
 825000.000    5.888  707.874
 825500.000    5.933  702.530
 826000.000    6.085  684.945
 826500.000    5.824  715.625
 827000.000    5.813  717.079
 827500.000    6.061  687.650
 828000.000    5.883  708.529
 828500.000    5.776  721.555
 829000.000    6.047  689.227
 829500.000    6.060  687.835
 830000.000    5.947  700.897
 830500.000    5.976  697.423
 831000.000    5.833  714.536
 831500.000    5.885  708.201
 832000.000    5.895  706.998
 832500.000    5.891  707.557
 833000.000    5.969  698.269
 833500.000    5.820  716.212
 834000.000    6.013  693.188
 834500.000    5.884  708.321
 835000.000    5.644  738.515
 835500.000    6.100  683.294
 836000.000    5.984  696.593
 836500.000    6.116  681.455
 837000.000    5.886  708.102
 837500.000    5.889  707.829
 838000.000    6.013  693.163
 838500.000    6.037  690.445
 839000.000    5.922  703.806
 839500.000    6.116  681.530
 840000.000    5.848  712.694
 840500.000    5.891  707.519
 841000.000    5.939  701.836
 841500.000    5.966  698.632
 842000.000    6.115  681.649
 842500.000    5.787  720.305
 843000.000    6.138  679.084
 843500.000    6.053  688.560
 844000.000    6.012  693.328
 844500.000    6.027  691.509
 845000.000    5.890  707.681
 845500.000    5.979  697.080
 846000.000    5.908  705.491
 846500.000    6.055  688.316
 847000.000    6.107  682.461
 847500.000    6.149  677.873
 848000.000    6.275  664.206
 848500.000    6.150  677.770
 849000.000    5.959  699.456
 849500.000    5.884  708.399
 850000.000    6.072  686.451
 850500.000    5.891  707.535
 851000.000    6.101  683.150
 851500.000    5.927  703.286
 852000.000    6.038  690.308
 852500.000    6.174  675.061
 853000.000    6.143  678.488
 853500.000    6.039  690.235
 854000.000    6.070  686.637
 854500.000    6.250  666.863
 855000.000    5.886  708.112
 855500.000    5.960  699.350
 856000.000    6.003  694.343
 856500.000    5.889  707.779
 857000.000    6.027  691.518
 857500.000    5.920  704.087
 858000.000    6.083  685.197
 858500.000    5.977  697.300
 859000.000    6.188  673.620
 859500.000    5.993  695.494
 860000.000    5.955  699.879
 860500.000    5.932  702.663
 861000.000    6.021  692.267
 861500.000    6.227  669.402
 862000.000    6.154  677.297
 862500.000    6.012  693.330
 863000.000    6.030  691.185
 863500.000    6.125  680.471
 864000.000    5.920  704.085
 864500.000    5.983  696.604
 865000.000    6.084  685.094
 865500.000    6.163  676.320
 866000.000    5.737  726.462
 866500.000    5.873  709.723
 867000.000    5.910  705.287
 867500.000    6.031  691.072
 868000.000    5.959  699.495
 868500.000    6.080  685.574
 869000.000    5.799  718.801
 869500.000    5.737  726.500
 870000.000    6.060  687.805
 870500.000    6.023  692.066
 871000.000    6.121  680.945
 871500.000    5.828  715.129
 872000.000    5.960  699.312
 872500.000    6.224  669.640
 873000.000    5.889  707.830
 873500.000    5.969  698.341
 874000.000    6.050  688.957
 874500.000    5.694  731.977
 875000.000    5.883  708.500
 875500.000    6.011  693.425
 876000.000    5.895  707.008
 876500.000    6.109  682.251
 877000.000    5.958  699.550
 877500.000    6.102  683.068
 878000.000    5.910  705.247
 878500.000    6.110  682.162
 879000.000    6.158  676.867
 879500.000    6.099  683.375
 880000.000    6.146  678.199
 880500.000    6.239  668.066
 881000.000    5.872  709.841
 881500.000    6.144  678.391
 882000.000    6.142  678.629
 882500.000    5.843  713.365
 883000.000    6.173  675.243
 883500.000    5.983  696.594
 884000.000    5.880  708.865
 884500.000    5.910  705.284
 885000.000    6.132  679.715
 885500.000    6.014  693.020
 886000.000    5.943  701.293
 886500.000    6.094  683.989
 887000.000    6.121  680.979
 887500.000    6.079  685.629
 888000.000    6.096  683.791
 888500.000    6.195  672.844
 889000.000    5.978  697.284
 889500.000    6.028  691.481
 890000.000    5.888  707.885
 890500.000    6.003  694.309
 891000.000    5.886  708.079
 891500.000    6.014  693.114
 892000.000    6.021  692.247
 892500.000    5.855  711.842
 893000.000    5.897  706.838
 893500.000    6.064  687.314
 894000.000    5.919  704.169
 894500.000    5.942  701.419
 895000.000    5.911  705.155
 895500.000    6.054  688.481
 896000.000    6.116  681.514
 896500.000    6.061  687.701
 897000.000    6.174  675.122
 897500.000    5.874  709.555
 898000.000    6.103  682.929
 898500.000    5.720  728.704
 899000.000    5.924  703.645
 899500.000    6.042  689.858
 900000.000    5.959  699.403
 900500.000    5.855  711.900
 901000.000    5.982  696.754
 901500.000    6.043  689.755
 902000.000    5.826  715.437
 902500.000    5.915  704.670
 903000.000    6.004  694.259
 903500.000    6.139  678.953
 904000.000    5.965  698.740
 904500.000    5.911  705.112
 905000.000    5.943  701.346
 905500.000    5.938  701.982
 906000.000    6.154  677.277
 906500.000    5.974  697.680
 907000.000    5.881  708.768
 907500.000    5.954  700.040
 908000.000    5.892  707.412
 908500.000    5.866  710.596
 909000.000    6.001  694.560
 909500.000    5.843  713.371
 910000.000    5.791  719.782
 910500.000    5.961  699.271
 911000.000    6.026  691.736
 911500.000    6.089  684.480
 912000.000    6.013  693.196
 912500.000    5.963  698.943
 913000.000    5.778  721.407
 913500.000    5.851  712.402
 914000.000    5.904  706.002
 914500.000    5.886  708.159
 915000.000    5.898  706.709
 915500.000    6.014  693.041
 916000.000    5.781  720.953
 916500.000    6.032  690.986
 917000.000    5.843  713.396
 917500.000    5.777  721.463
 918000.000    5.988  696.090
 918500.000    6.196  672.664
 919000.000    5.972  697.983
 919500.000    6.047  689.320
 920000.000    6.006  694.021
 920500.000    6.176  674.841
 921000.000    5.905  705.901
 921500.000    6.116  681.516
 922000.000    5.864  710.735
 922500.000    5.903  706.145
 923000.000    5.955  699.952
 923500.000    5.879  709.032
 924000.000    5.955  699.927
 924500.000    5.831  714.785
 925000.000    5.977  697.296
 925500.000    5.947  700.917
 926000.000    5.919  704.212
 926500.000    5.776  721.623
 927000.000    5.891  707.561
 927500.000    5.880  708.889
 928000.000    6.085  684.975
 928500.000    5.993  695.460
 929000.000    5.987  696.161
 929500.000    6.103  682.991
 930000.000    5.899  706.620
 930500.000    6.021  692.221
 931000.000    6.131  679.854
 931500.000    5.869  710.169
 932000.000    5.906  705.782
 932500.000    6.028  691.394
 933000.000    5.931  702.771
 933500.000    6.036  690.498
 934000.000    6.081  685.472
 934500.000    5.945  701.111
 935000.000    6.150  677.789
 935500.000    6.068  686.949
 936000.000    5.993  695.480
 936500.000    5.752  724.623
 937000.000    5.857  711.649
 937500.000    6.013  693.125
 938000.000    5.953  700.194
 938500.000    6.068  686.854
 939000.000    5.990  695.826
 939500.000    5.981  696.826
 940000.000    6.027  691.584
 940500.000    5.743  725.734
 941000.000    5.863  710.884
 941500.000    5.897  706.752
 942000.000    5.855  711.832
 942500.000    5.881  708.716
 943000.000    5.954  700.026
 943500.000    5.910  705.294
 944000.000    5.829  715.014
 944500.000    5.882  708.596
 945000.000    5.794  719.409
 945500.000    5.834  714.448
 946000.000    5.923  703.740
 946500.000    6.069  686.726
 947000.000    6.101  683.129
 947500.000    5.673  734.781
 948000.000    6.071  686.499
 948500.000    5.769  722.438
 949000.000    5.800  718.576
 949500.000    5.766  722.844
 950000.000    5.842  713.449
 950500.000    6.110  682.175
 951000.000    5.926  703.362
 951500.000    5.875  709.435
 952000.000    6.139  678.927
 952500.000    5.911  705.100
 953000.000    6.139  678.956
 953500.000    5.936  702.156
 954000.000    5.827  715.351
 954500.000    5.961  699.249
 955000.000    5.845  713.121
 955500.000    5.729  727.496
 956000.000    5.856  711.772
 956500.000    5.900  706.493
 957000.000    6.070  686.714
 957500.000    6.010  693.484
 958000.000    5.890  707.608
 958500.000    6.164  676.204
 959000.000    6.130  679.912
 959500.000    6.067  687.061
 960000.000    6.011  693.447
 960500.000    5.930  702.834
 961000.000    5.966  698.678
 961500.000    5.936  702.190
 962000.000    5.976  697.413
 962500.000    6.024  691.860
 963000.000    6.187  673.724
 963500.000    5.904  705.975
 964000.000    5.833  714.590
 964500.000    5.894  707.163
 965000.000    6.009  693.659
 965500.000    5.958  699.567
 966000.000    5.947  700.904
 966500.000    6.067  687.025
 967000.000    5.903  706.056
 967500.000    5.743  725.742
 968000.000    6.004  694.261
 968500.000    6.044  689.644
 969000.000    6.004  694.165
 969500.000    5.974  697.738
 970000.000    6.019  692.526
 970500.000    6.083  685.144
 971000.000    6.220  670.099
 971500.000    6.231  668.875
 972000.000    5.846  712.959
 972500.000    6.172  675.296
 973000.000    5.959  699.513
 973500.000    6.038  690.260
 974000.000    5.985  696.464
 974500.000    6.075  686.100
 975000.000    6.172  675.306
 975500.000    5.929  703.047
 976000.000    6.102  683.115
 976500.000    6.093  684.060
 977000.000    6.216  670.585
 977500.000    5.959  699.447
 978000.000    6.068  686.945
 978500.000    6.074  686.175
 979000.000    5.870  710.092
 979500.000    6.276  664.120
 980000.000    6.167  675.880
 980500.000    6.124  680.564
 981000.000    6.204  671.812
 981500.000    5.923  703.687
 982000.000    6.123  680.767
 982500.000    6.174  675.141
 983000.000    5.936  702.133
 983500.000    6.066  687.079
 984000.000    6.045  689.562
 984500.000    6.234  668.568
 985000.000    6.254  666.414
 985500.000    6.175  674.951
 986000.000    6.098  683.510
 986500.000    5.998  694.854
 987000.000    5.930  702.878
 987500.000    6.151  677.666
 988000.000    6.106  682.611
 988500.000    5.978  697.255
 989000.000    6.099  683.441
 989500.000    6.053  688.555
 990000.000    6.063  687.508
 990500.000    6.082  685.316
 991000.000    5.895  707.079
 991500.000    6.242  667.694
 992000.000    6.037  690.435
 992500.000    6.047  689.302
 993000.000    6.213  670.836
 993500.000    6.187  673.725
 994000.000    5.919  704.241
 994500.000    5.963  698.961
 995000.000    6.261  665.688
 995500.000    6.161  676.509
 996000.000    6.159  676.706
 996500.000    6.273  664.433
 997000.000    6.148  677.919
 997500.000    6.162  676.435
 998000.000    6.088  684.588
 998500.000    5.765  723.022
 999000.000    6.034  690.797
 999500.000    6.050  688.959
1000000.000    6.078  685.735
