      22    2.934    0.319
      23    2.296    0.312
      24    0.977    0.228
      25    0.918    0.220
      26    2.069    0.405
      27    1.011    0.174
      28    0.663    0.166
      29    1.148    0.201
      30    1.211    0.280
      31    2.231    0.259
      32    0.915    0.115
      33    0.699    0.113
      34    0.189    0.079
      35    1.511    0.167
      36    0.701    0.093
      37    0.660    0.144
      38    1.739    0.264
      39    0.931    0.149
      40    1.215    0.126
      41    2.054    0.233
      42    1.998    0.168
