38.501 48.197 -96.9185
41.988 46.586 -99.086
41.387 45.549 -82.4325
38.324 42.165 -81.584
40.69 43.78 -86.9365
29.939 36.471 -78.505
26.063 33.864 -63.39
32.477 37.976 -85.339
27.736 32.316 -70.664
29.568 34.475 -83.279
31.264 35.745 -84.174
33.784 35.199 -85.945
28.562 35.986 -69.2975
30.323 39.68 -76.9055
30.496 36.632 -73.677
30.408 36.167 -76.155
16.183 21.414 -47.168
12.967 16.88 -38.747
15.903 20.175 -36.5
20.935 27.79 -49.978
13.653 16.694 -37.464
16.966 18.249 -41.434
19.017 26.164 -44.6315
25.665 30.553 -61.771
27.317 26.175 -58.8825
30.991 30.22 -80.9605
27.162 30.415 -72.801
17.689 23.172 -47.7005
30.441 35.061 -71.064
32.914 35.925 -80.804
40.97 50.098 -92.035
22.359 30.286 -62.223
28.68 31.252 -74.404
43.969 46.976 -102.8695
31.363 34.494 -77.2135
33.542 41.433 -96.582
35.593 37.919 -82.3015
41.709 48.216 -95.9105
35.299 44.841 -84.429
41.765 48.85 -97.556
43.618 50.37 -103.304
33.404 36.884 -88.0305
32.097 36.047 -73.6235
34.641 41.193 -90.0895
26.069 31.59 -65.87
33.349 38.359 -78.509
36.803 46.251 -102.5705
41.189 49.893 -112.924
46.273 54.247 -115.765
43.793 55.74 -124.4315
39.255 46.884 -112.172
39.871 46.971 -110.753
43.27 53.849 -120.1785
37.542 48.977 -100.677
40.885 55.921 -103.038
35.876 53.516 -97.5345
35.664 46.462 -95.269
43.162 57.868 -119.606
36.759 47.22 -93.2905
37.936 42.047 -99.736
37.952 46.733 -94.3385
36.584 44.584 -103.774
36.465 43.549 -102.741
40.761 45.827 -99.267
40.209 44.649 -97.856
46.895 56.797 -116.2355
46.628 48.725 -114.5425
45.907 51.363 -118.933
50.46 54.646 -122.103
49.219 54.651 -116.375
41.744 43.976 -97.441
52.786 59.496 -126.195
49.555 54.158 -109.87
55.106 60.023 -140.387
54.196 55.216 -133.238
55.347 63.695 -141.3045
56.798 65.024 -142.031
49.889 55.527 -119.8765
49.419 54.829 -123.825
53.782 53.399 -123.712
55.179 62.09 -134.446
62.352 62.985 -158.73
52.158 56.238 -126.11
52.619 52.591 -127.52
61.145 66.009 -145.995
47.644 51.905 -112.211
47.039 51.031 -101.68
53.691 48.833 -110.897
49.824 50.245 -121.439
40.127 46.859 -100.159
43.152 45.811 -89.791
40.547 46.696 -91.451
41.612 43.089 -95.37
42.784 47.223 -104.1935
51.071 48.827 -122.3875
48.849 49.599 -114.539
42.562 40.101 -101.6285
44.285 40.19 -98.976
45.14 39.508 -102.632
41.446 43.272 -100.9045
43.559 51.257 -116.4785
