TRP_nolipid
""
WAVELENGTH	FLUORESCENCE
300.0	100.4581298828125
300.5	107.80987548828125
301.0	116.6874008178711
301.5	124.72303771972656
302.0	136.053955078125
302.5	149.0545654296875
303.0	161.78903198242188
303.5	176.2489471435547
304.0	190.12509155273438
304.5	206.01165771484375
305.0	224.2533416748047
305.5	238.57215881347656
306.0	258.58856201171875
306.5	274.3009033203125
307.0	295.8002014160156
307.5	312.73040771484375
308.0	336.0807189941406
308.5	358.81060791015625
309.0	380.2596435546875
309.5	404.7273254394531
310.0	427.54290771484375
310.5	451.3395080566406
311.0	478.3293151855469
311.5	503.7671813964844
312.0	532.2632446289062
312.5	558.9014282226562
313.0	588.8170776367188
313.5	617.1734619140625
314.0	649.0562744140625
314.5	684.4771728515625
315.0	710.9133911132812
315.5	747.700439453125
316.0	775.6338500976562
316.5	813.9370727539062
317.0	849.7734985351562
317.5	882.3133544921875
318.0	915.3922729492188
318.5	952.248779296875
319.0	986.71630859375
319.5	1024.777099609375
320.0	1059.9703369140625
320.5	1098.90966796875
321.0	1141.800048828125
321.5	1174.979248046875
322.0	1218.8638916015625
322.5	1253.0828857421875
323.0	1296.6939697265625
323.5	1337.9307861328125
324.0	1375.6507568359375
324.5	1413.9892578125
325.0	1456.314453125
325.5	1494.6949462890625
326.0	1538.434326171875
326.5	1577.7078857421875
327.0	1620.7623291015625
327.5	1668.0928955078125
328.0	1703.29443359375
328.5	1749.3973388671875
329.0	1784.3587646484375
329.5	1830.2379150390625
330.0	1869.1219482421875
330.5	1911.0765380859375
331.0	1948.919921875
331.5	1989.618896484375
332.0	2026.7890625
332.5	2067.58203125
333.0	2112.16064453125
333.5	2144.5732421875
334.0	2187.15576171875
334.5	2221.599609375
335.0	2258.70068359375
335.5	2291.97021484375
336.0	2328.674560546875
336.5	2361.220947265625
337.0	2395.61181640625
337.5	2432.686767578125
338.0	2459.653076171875
338.5	2495.383544921875
339.0	2524.5712890625
339.5	2555.939453125
340.0	2583.502685546875
340.5	2612.184814453125
341.0	2639.7783203125
341.5	2667.938720703125
342.0	2696.981201171875
342.5	2718.147216796875
343.0	2746.03369140625
343.5	2768.375
344.0	2790.603759765625
344.5	2810.400634765625
345.0	2831.230224609375
345.5	2848.988525390625
346.0	2867.972412109375
346.5	2888.632080078125
347.0	2904.227783203125
347.5	2920.660888671875
348.0	2933.8642578125
348.5	2948.4775390625
349.0	2960.981201171875
349.5	2974.919189453125
350.0	2987.344482421875
350.5	2996.4873046875
351.0	3005.871826171875
351.5	3013.66748046875
352.0	3022.6865234375
352.5	3029.702880859375
353.0	3036.936767578125
353.5	3042.81103515625
354.0	3048.281005859375
354.5	3052.703857421875
355.0	3056.051513671875
355.5	3058.791015625
356.0	3061.09716796875
356.5	3062.3291015625
357.0	3062.50634765625
357.5	3062.568603515625
358.0	3061.492919921875
358.5	3059.384033203125
359.0	3056.359130859375
359.5	3052.71044921875
360.0	3049.54296875
360.5	3044.692626953125
361.0	3039.293212890625
361.5	3031.9638671875
362.0	3024.810791015625
362.5	3017.869873046875
363.0	3009.07275390625
363.5	3001.18408203125
364.0	2991.94775390625
364.5	2982.616455078125
365.0	2970.057861328125
365.5	2959.140380859375
366.0	2948.7646484375
366.5	2935.33056640625
367.0	2923.271240234375
367.5	2906.260986328125
368.0	2891.187255859375
368.5	2876.209716796875
369.0	2861.1923828125
369.5	2845.947998046875
370.0	2827.411865234375
370.5	2810.74365234375
371.0	2789.225830078125
371.5	2770.024658203125
372.0	2751.718017578125
372.5	2730.321533203125
373.0	2710.848388671875
373.5	2687.134521484375
374.0	2664.3134765625
374.5	2643.82568359375
375.0	2620.275634765625
375.5	2598.951416015625
376.0	2572.595947265625
376.5	2548.956787109375
377.0	2526.972412109375
377.5	2502.4375
378.0	2478.658935546875
378.5	2450.787353515625
379.0	2424.749267578125
379.5	2401.43505859375
380.0	2375.507080078125
380.5	2351.740234375
381.0	2322.915771484375
381.5	2295.159423828125
382.0	2270.122314453125
382.5	2243.110107421875
383.0	2218.3037109375
383.5	2188.006591796875
384.0	2159.569580078125
384.5	2134.29638671875
385.0	2106.526611328125
385.5	2081.546630859375
386.0	2051.416259765625
386.5	2023.3084716796875
387.0	1997.7958984375
387.5	1970.41943359375
388.0	1944.806640625
388.5	1915.0513916015625
389.0	1887.8829345703125
389.5	1862.8934326171875
390.0	1833.6781005859375
390.5	1811.9818115234375
391.0	1782.4071044921875
391.5	1755.772705078125
392.0	1731.5400390625
392.5	1701.886474609375
393.0	1680.0943603515625
393.5	1650.80712890625
394.0	1624.93212890625
394.5	1601.150634765625
395.0	1572.61669921875
395.5	1547.766357421875
396.0	1524.9122314453125
396.5	1497.8154296875
397.0	1477.6763916015625
397.5	1450.594482421875
398.0	1425.183349609375
398.5	1403.47314453125
399.0	1377.2974853515625
399.5	1353.8045654296875
400.0	1331.99169921875
400.5	1310.5391845703125
401.0	1287.4541015625
401.5	1263.6783447265625
402.0	1241.0467529296875
402.5	1220.9171142578125
403.0	1197.068603515625
403.5	1175.57470703125
404.0	1156.5911865234375
404.5	1137.5841064453125
405.0	1116.3570556640625
405.5	1094.3829345703125
406.0	1075.82568359375
406.5	1055.5167236328125
407.0	1033.7447509765625
407.5	1014.22021484375
408.0	996.94482421875
408.5	976.03515625
409.0	961.0162353515625
409.5	940.7775268554688
410.0	924.5557250976562
410.5	906.9942626953125
411.0	887.936279296875
411.5	872.5562133789062
412.0	855.46435546875
412.5	837.3226318359375
413.0	821.0306396484375
413.5	806.430419921875
414.0	789.3706665039062
414.5	776.3941040039062
415.0	759.4387817382812
415.5	746.1425170898438
416.0	730.8388061523438
416.5	714.6534423828125
417.0	701.8117065429688
417.5	687.960693359375
418.0	673.36083984375
418.5	660.7583618164062
419.0	646.83203125
419.5	632.426513671875
420.0	619.7708740234375
420.5	608.1040649414062
421.0	594.7493896484375
421.5	584.4699096679688
422.0	571.2576904296875
422.5	558.2904663085938
423.0	548.592041015625
423.5	536.2772216796875
424.0	526.247314453125
424.5	515.1153564453125
425.0	503.1861877441406
425.5	493.52459716796875
426.0	483.2084045410156
426.5	472.0760803222656
427.0	462.9783630371094
427.5	453.2997131347656
428.0	443.0357666015625
428.5	434.6745300292969
429.0	425.3604431152344
429.5	415.3101501464844
430.0	407.1497802734375
430.5	398.2001953125
431.0	388.7468566894531
431.5	381.1836242675781
432.0	372.7130432128906
432.5	363.9051513671875
433.0	356.57281494140625
433.5	348.86279296875
434.0	340.791015625
434.5	334.003173828125
435.0	326.7291259765625
435.5	318.5992431640625
436.0	312.2736511230469
436.5	305.09930419921875
437.0	297.706787109375
437.5	291.6897277832031
438.0	285.2757568359375
438.5	278.5462646484375
439.0	272.95050048828125
439.5	267.0809020996094
440.0	260.8585205078125
440.5	255.89537048339844
441.0	250.24276733398438
441.5	243.9055633544922
442.0	238.97474670410156
442.5	233.73016357421875
443.0	228.08599853515625
443.5	223.66555786132812
444.0	218.4549102783203
444.5	213.50230407714844
445.0	208.23390197753906
445.5	203.89096069335938
446.0	199.16221618652344
446.5	194.15721130371094
447.0	190.4101104736328
447.5	186.1143341064453
448.0	181.6746368408203
448.5	177.9313201904297
449.0	173.79800415039062
449.5	169.74024963378906
450.0	165.97616577148438
