BFII_nolipid
""
WAVELENGTH	FLUORESCENCE
300.0	75.50476837158203
300.5	81.20523834228516
301.0	87.2735824584961
301.5	92.94581604003906
302.0	101.27023315429688
302.5	110.72172546386719
303.0	119.81465911865234
303.5	130.30470275878906
304.0	140.1373748779297
304.5	151.6699676513672
305.0	164.65249633789062
305.5	174.751953125
306.0	188.66526794433594
306.5	199.5083770751953
307.0	214.225830078125
307.5	226.29222106933594
308.0	242.77671813964844
308.5	258.516357421875
309.0	273.4373474121094
309.5	290.20379638671875
310.0	306.1946716308594
310.5	322.78515625
311.0	341.42138671875
311.5	359.1707458496094
312.0	379.37945556640625
312.5	397.9515075683594
313.0	419.0907897949219
313.5	438.80035400390625
314.0	460.8419189453125
314.5	485.1146240234375
315.0	503.90350341796875
315.5	529.4931640625
316.0	549.2130126953125
316.5	575.9216918945312
317.0	600.6066284179688
317.5	623.4439697265625
318.0	646.0350341796875
318.5	671.5509643554688
319.0	695.2620849609375
319.5	721.8582763671875
320.0	746.5110473632812
320.5	773.18310546875
321.0	803.0554809570312
321.5	825.598388671875
322.0	857.1173095703125
322.5	880.5724487304688
323.0	912.0082397460938
323.5	941.2604370117188
324.0	968.276611328125
324.5	995.6317749023438
325.0	1026.2916259765625
325.5	1053.745849609375
326.0	1084.06298828125
326.5	1111.890869140625
327.0	1142.116455078125
327.5	1174.9940185546875
328.0	1199.38623046875
328.5	1232.4986572265625
329.0	1257.3011474609375
329.5	1289.5435791015625
330.0	1316.37353515625
330.5	1346.0693359375
331.0	1372.664306640625
331.5	1401.6285400390625
332.0	1427.4439697265625
332.5	1455.65576171875
333.0	1486.23486328125
333.5	1508.7891845703125
334.0	1537.4554443359375
334.5	1561.251220703125
335.0	1587.17138671875
335.5	1610.0662841796875
336.0	1635.6165771484375
336.5	1657.58544921875
337.0	1680.9630126953125
337.5	1706.7000732421875
338.0	1725.337890625
338.5	1749.3626708984375
339.0	1768.648681640625
339.5	1789.86328125
340.0	1807.560791015625
340.5	1826.9735107421875
341.0	1843.890380859375
341.5	1862.3211669921875
342.0	1880.7100830078125
342.5	1895.108642578125
343.0	1912.3934326171875
343.5	1926.4395751953125
344.0	1941.1087646484375
344.5	1953.9344482421875
345.0	1967.4742431640625
345.5	1979.60205078125
346.0	1991.846435546875
346.5	2003.6885986328125
347.0	2013.2039794921875
347.5	2023.5777587890625
348.0	2031.3974609375
348.5	2039.37646484375
349.0	2046.4981689453125
349.5	2053.41259765625
350.0	2060.98974609375
350.5	2066.0185546875
351.0	2071.326904296875
351.5	2075.855224609375
352.0	2080.475830078125
352.5	2084.05322265625
353.0	2087.34912109375
353.5	2089.263427734375
354.0	2091.008544921875
354.5	2092.575927734375
355.0	2094.035888671875
355.5	2093.7177734375
356.0	2093.2802734375
356.5	2092.87109375
357.0	2091.716552734375
357.5	2090.125732421875
358.0	2087.77392578125
358.5	2084.6552734375
359.0	2082.150390625
359.5	2078.507080078125
360.0	2075.4091796875
360.5	2069.888427734375
361.0	2064.465087890625
361.5	2057.63671875
362.0	2051.18603515625
362.5	2044.779052734375
363.0	2037.3052978515625
363.5	2029.9971923828125
364.0	2022.10791015625
364.5	2014.297607421875
365.0	2004.291259765625
365.5	1994.2684326171875
366.0	1984.533203125
366.5	1974.1058349609375
367.0	1963.976318359375
367.5	1951.5474853515625
368.0	1939.347900390625
368.5	1928.6767578125
369.0	1915.6573486328125
369.5	1903.766357421875
370.0	1889.494384765625
370.5	1876.093994140625
371.0	1860.3192138671875
371.5	1845.658203125
372.0	1831.6065673828125
372.5	1815.84765625
373.0	1801.18798828125
373.5	1784.1468505859375
374.0	1767.8433837890625
374.5	1752.2498779296875
375.0	1734.8443603515625
375.5	1718.9639892578125
376.0	1699.5660400390625
376.5	1681.557373046875
377.0	1665.2099609375
377.5	1646.3583984375
378.0	1629.2030029296875
378.5	1608.617919921875
379.0	1589.7283935546875
379.5	1572.5614013671875
380.0	1553.5994873046875
380.5	1536.0667724609375
381.0	1514.61572265625
381.5	1495.2882080078125
382.0	1477.4920654296875
382.5	1458.705322265625
383.0	1440.7481689453125
383.5	1421.04541015625
384.0	1400.9881591796875
384.5	1383.742431640625
385.0	1364.1435546875
385.5	1346.4327392578125
386.0	1325.3492431640625
386.5	1305.923583984375
387.0	1287.984375
387.5	1268.7919921875
388.0	1251.60498046875
388.5	1230.78857421875
389.0	1212.06591796875
389.5	1195.111083984375
390.0	1174.7889404296875
390.5	1159.244140625
391.0	1139.10693359375
391.5	1120.5225830078125
392.0	1103.6859130859375
392.5	1083.69482421875
393.0	1069.2459716796875
393.5	1049.618408203125
394.0	1032.003173828125
394.5	1016.4326171875
395.0	997.5836181640625
395.5	980.0404052734375
396.0	964.323486328125
396.5	946.55419921875
397.0	932.7733764648438
397.5	914.8857421875
398.0	898.4396362304688
398.5	883.8489379882812
399.0	866.3502807617188
399.5	850.4530029296875
400.0	836.1234741210938
400.5	822.1004638671875
401.0	807.1494750976562
401.5	790.8458862304688
402.0	776.4171752929688
402.5	763.1644897460938
403.0	747.3877563476562
403.5	733.1723022460938
404.0	720.4669799804688
404.5	708.1195068359375
405.0	694.6879272460938
405.5	680.115234375
406.0	668.0745849609375
406.5	655.1016235351562
407.0	641.305419921875
407.5	628.8310546875
408.0	617.322021484375
408.5	604.210205078125
409.0	594.6891479492188
409.5	581.7156372070312
410.0	571.7213134765625
410.5	560.4375610351562
411.0	548.1238403320312
411.5	538.4298706054688
412.0	527.6004028320312
412.5	515.6721801757812
413.0	505.17266845703125
413.5	496.16802978515625
414.0	485.38189697265625
414.5	477.4918212890625
415.0	466.5525817871094
415.5	458.2294921875
416.0	448.9611511230469
416.5	438.8850402832031
417.0	430.7591247558594
417.5	421.6496276855469
418.0	412.3700866699219
418.5	404.2955627441406
419.0	395.69775390625
419.5	386.63348388671875
420.0	378.4305114746094
420.5	371.2570495605469
421.0	362.5891418457031
421.5	356.60992431640625
422.0	348.01910400390625
422.5	339.7254638671875
423.0	333.7806701660156
423.5	326.02960205078125
424.0	319.6694641113281
424.5	312.7503967285156
425.0	305.06854248046875
425.5	299.1231689453125
426.0	292.462646484375
426.5	285.36468505859375
427.0	279.5731201171875
427.5	273.3569030761719
428.0	266.6573181152344
428.5	261.16400146484375
429.0	255.29122924804688
429.5	248.9587860107422
430.0	244.04141235351562
430.5	238.58432006835938
431.0	232.85906982421875
431.5	227.89442443847656
432.0	222.8499755859375
432.5	217.451416015625
433.0	212.97608947753906
433.5	208.172607421875
434.0	203.0631103515625
434.5	198.81240844726562
435.0	194.3872833251953
435.5	189.47499084472656
436.0	185.64605712890625
436.5	181.7245635986328
437.0	177.0034637451172
437.5	173.335205078125
438.0	169.51211547851562
438.5	165.3356475830078
439.0	161.7256317138672
439.5	158.1488494873047
440.0	154.3551025390625
440.5	151.1114501953125
441.0	147.63375854492188
441.5	143.98345947265625
442.0	140.95376586914062
442.5	137.82275390625
443.0	134.46694946289062
443.5	131.82748413085938
444.0	128.5852508544922
444.5	125.51068878173828
445.0	122.45709991455078
445.5	120.04377746582031
446.0	117.42981719970703
446.5	114.67676544189453
447.0	112.15120697021484
447.5	109.6860122680664
448.0	106.9706802368164
448.5	104.80786895751953
449.0	102.52690124511719
449.5	99.97635650634766
450.0	97.84233093261719
