BFII_lipid
""
WAVELENGTH	FLUORESCENCE
300.0	122.23124694824219
300.5	129.76658630371094
301.0	138.21876525878906
301.5	145.85787963867188
302.0	157.27354431152344
302.5	170.4420928955078
303.0	183.23834228515625
303.5	197.54171752929688
304.0	211.3873291015625
304.5	227.18934631347656
305.0	245.82925415039062
305.5	259.8932800292969
306.0	279.2068176269531
306.5	294.8283386230469
307.0	315.7189636230469
307.5	332.27032470703125
308.0	355.16015625
308.5	376.8006286621094
309.0	396.89599609375
309.5	419.9132080078125
310.0	441.3778381347656
310.5	463.6662292480469
311.0	488.6835632324219
311.5	512.1281127929688
312.0	538.5091552734375
312.5	563.0845947265625
313.0	590.4256591796875
313.5	616.5435791015625
314.0	645.4110107421875
314.5	677.9901733398438
315.0	702.3032836914062
315.5	735.12646484375
316.0	760.5372314453125
316.5	794.921630859375
317.0	826.325439453125
317.5	855.1463623046875
318.0	884.8250122070312
318.5	916.9136352539062
319.0	946.5789794921875
319.5	979.9448852539062
320.0	1010.5560913085938
320.5	1044.8929443359375
321.0	1081.762451171875
321.5	1110.3697509765625
322.0	1148.796142578125
322.5	1177.363037109375
323.0	1215.3380126953125
323.5	1250.9517822265625
324.0	1283.3560791015625
324.5	1316.10546875
325.0	1352.609619140625
325.5	1385.5025634765625
326.0	1421.17529296875
326.5	1453.2540283203125
327.0	1489.205322265625
327.5	1528.439697265625
328.0	1557.477294921875
328.5	1595.81640625
329.0	1624.3455810546875
329.5	1662.115478515625
330.0	1693.3587646484375
330.5	1727.402099609375
331.0	1758.0653076171875
331.5	1791.2510986328125
332.0	1820.6448974609375
332.5	1852.56591796875
333.0	1887.1163330078125
333.5	1912.7283935546875
334.0	1945.864013671875
334.5	1972.472412109375
335.0	2002.01904296875
335.5	2028.453125
336.0	2056.798828125
336.5	2081.709228515625
337.0	2109.31640625
337.5	2137.388427734375
338.0	2158.893310546875
338.5	2185.06494140625
339.0	2207.492919921875
339.5	2230.198486328125
340.0	2250.205810546875
340.5	2271.684814453125
341.0	2291.28125
341.5	2311.87353515625
342.0	2332.85986328125
342.5	2347.379638671875
343.0	2365.796875
343.5	2380.1123046875
344.0	2396.07763671875
344.5	2410.269775390625
345.0	2424.652587890625
345.5	2435.89013671875
346.0	2448.096923828125
346.5	2460.8359375
347.0	2470.841552734375
347.5	2480.98828125
348.0	2488.8154296875
348.5	2497.068603515625
349.0	2503.9443359375
349.5	2510.40478515625
350.0	2517.668212890625
350.5	2521.499267578125
351.0	2525.923095703125
351.5	2529.24658203125
352.0	2532.388427734375
352.5	2534.5654296875
353.0	2536.392578125
353.5	2536.5126953125
354.0	2536.1845703125
354.5	2536.7880859375
355.0	2534.98779296875
355.5	2533.466552734375
356.0	2531.151611328125
356.5	2529.085693359375
357.0	2525.81298828125
357.5	2522.201416015625
358.0	2517.18505859375
358.5	2512.13916015625
359.0	2506.225830078125
359.5	2499.380859375
360.0	2493.746826171875
360.5	2486.436767578125
361.0	2479.3818359375
361.5	2470.23486328125
362.0	2461.16259765625
362.5	2452.192626953125
363.0	2441.8056640625
363.5	2432.59228515625
364.0	2421.13671875
364.5	2410.019775390625
365.0	2395.64111328125
365.5	2382.757080078125
366.0	2371.15234375
366.5	2357.356689453125
367.0	2344.15283203125
367.5	2328.097412109375
368.0	2312.0986328125
368.5	2298.1572265625
369.0	2281.547607421875
369.5	2265.943603515625
370.0	2248.844482421875
370.5	2232.843505859375
371.0	2213.537109375
371.5	2195.425048828125
372.0	2178.091552734375
372.5	2158.625732421875
373.0	2141.078125
373.5	2118.77783203125
374.0	2097.91552734375
374.5	2078.352783203125
375.0	2056.801513671875
375.5	2037.91552734375
376.0	2014.1934814453125
376.5	1992.492431640625
377.0	1972.581298828125
377.5	1949.844482421875
378.0	1928.552734375
378.5	1903.5013427734375
379.0	1880.8018798828125
379.5	1860.8570556640625
380.0	1837.4796142578125
380.5	1816.1231689453125
381.0	1790.3878173828125
381.5	1766.850341796875
382.0	1745.9720458984375
382.5	1722.6640625
383.0	1701.1685791015625
383.5	1675.2724609375
384.0	1651.607177734375
384.5	1630.340576171875
385.0	1606.920166015625
385.5	1585.07080078125
386.0	1560.170166015625
386.5	1537.19921875
387.0	1515.927734375
387.5	1493.204345703125
388.0	1472.673828125
388.5	1446.9234619140625
389.0	1424.07421875
389.5	1403.5421142578125
390.0	1379.3330078125
390.5	1360.6527099609375
391.0	1336.4432373046875
391.5	1314.8841552734375
392.0	1295.074951171875
392.5	1271.7939453125
393.0	1253.5750732421875
393.5	1229.8387451171875
394.0	1208.400390625
394.5	1189.6373291015625
395.0	1167.1690673828125
395.5	1146.907958984375
396.0	1128.603515625
396.5	1107.59375
397.0	1090.7640380859375
397.5	1069.1832275390625
398.0	1049.9588623046875
398.5	1032.17919921875
399.0	1011.7597045898438
399.5	992.9918823242188
400.0	976.1056518554688
400.5	959.8170776367188
401.0	942.1265258789062
401.5	922.5684204101562
402.0	905.3666381835938
402.5	889.7373657226562
403.0	871.4900512695312
403.5	855.0186157226562
404.0	839.531982421875
404.5	824.4320678710938
405.0	808.4849243164062
405.5	791.0155029296875
406.0	777.0935668945312
406.5	761.561279296875
407.0	745.1375732421875
407.5	729.9695434570312
408.0	716.5975952148438
408.5	701.2845458984375
409.0	689.5631713867188
409.5	674.0792236328125
410.0	661.4302368164062
410.5	648.1024780273438
411.0	634.4053344726562
411.5	622.7045288085938
412.0	609.8441162109375
412.5	596.3097534179688
413.0	584.0064086914062
413.5	573.1105346679688
414.0	559.4550170898438
414.5	549.7800903320312
415.0	537.3280639648438
415.5	527.1220092773438
416.0	516.2808837890625
416.5	504.4999084472656
417.0	495.23834228515625
417.5	484.920654296875
418.0	473.41925048828125
418.5	464.31005859375
419.0	454.3709411621094
419.5	443.8663330078125
420.0	434.1530456542969
420.5	425.7185974121094
421.0	415.6590270996094
421.5	408.4313659667969
422.0	398.91943359375
422.5	389.64935302734375
423.0	382.74993896484375
423.5	373.5711669921875
424.0	366.22540283203125
424.5	358.4043884277344
425.0	350.0243225097656
425.5	342.98553466796875
426.0	335.3074035644531
426.5	327.3934020996094
427.0	321.2931213378906
427.5	314.2211608886719
428.0	306.57293701171875
428.5	300.3395080566406
429.0	293.4666748046875
429.5	286.3961181640625
430.0	280.367919921875
430.5	274.1288146972656
431.0	267.542236328125
431.5	262.0191345214844
432.0	256.3429260253906
432.5	249.97750854492188
433.0	244.93780517578125
433.5	239.705078125
434.0	233.61761474609375
434.5	228.76058959960938
435.0	223.53091430664062
435.5	218.32009887695312
436.0	213.8836212158203
436.5	209.21009826660156
437.0	203.97068786621094
437.5	199.7969512939453
438.0	195.24740600585938
438.5	190.4480743408203
439.0	186.6285858154297
439.5	182.49609375
440.0	178.0025634765625
440.5	174.4973907470703
441.0	170.60116577148438
441.5	166.33123779296875
442.0	162.783935546875
442.5	159.0160369873047
443.0	155.23011779785156
443.5	152.189697265625
444.0	148.44593811035156
444.5	144.90145874023438
445.0	141.40219116210938
445.5	138.47525024414062
446.0	135.2280731201172
446.5	131.8462677001953
447.0	128.9654541015625
447.5	126.23516845703125
448.0	122.89779663085938
448.5	120.30156707763672
449.0	117.65633392333984
449.5	114.62035369873047
450.0	112.17829895019531
