       1    1.490    0.093
       2    2.450    0.125
       3    0.948    0.075
       4    0.734    0.096
       5    1.609    0.124
       6    0.601    0.084
       7    0.446    0.070
       8    1.211    0.125
       9    0.630    0.293
      10    2.321    0.139
      11    1.065    0.098
      12    0.675    0.143
      13    0.502    0.087
      14    2.042    0.213
      15    0.968    0.180
      16    0.916    0.338
      17    1.808    0.252
      18    1.621    0.272
      19    1.246    0.234
      20    1.701    0.167
      21    2.840    0.163
