 750000.000 1.016513 0.912571 0.597807 0.936182
 750500.000 1.042814 0.920151 0.602081 0.982722
 751000.000 1.024296 0.902762 0.601798 0.959805
 751500.000 1.018102 0.901021 0.581947 0.960499
 752000.000 1.039626 0.910029 0.622800 0.972425
 752500.000 1.028504 0.894621 0.630298 0.958132
 753000.000 1.035672 0.905058 0.614339 0.974007
 753500.000 1.036221 0.887199 0.645820 0.971238
 754000.000 1.018295 0.857328 0.643171 0.961856
 754500.000 1.031961 0.858353 0.661076 0.977802
 755000.000 1.036440 0.879789 0.643343 0.980050
 755500.000 1.036089 0.889255 0.646181 0.968832
 756000.000 1.031874 0.899969 0.620998 0.966409
 756500.000 1.023981 0.892995 0.612844 0.961278
 757000.000 1.031151 0.900950 0.604282 0.974513
 757500.000 1.036840 0.892925 0.619930 0.984097
 758000.000 1.029774 0.883188 0.620541 0.977637
 758500.000 1.041104 0.882661 0.630832 0.995366
 759000.000 1.047676 0.919945 0.592826 0.998753
 759500.000 1.028357 0.893735 0.614133 0.969079
 760000.000 1.023600 0.891116 0.606736 0.966074
 760500.000 1.027084 0.885712 0.599996 0.982508
 761000.000 1.034019 0.888503 0.623786 0.979718
 761500.000 1.019294 0.898345 0.574736 0.969833
 762000.000 1.030259 0.909975 0.598583 0.967736
 762500.000 1.023655 0.921481 0.540453 0.976997
 763000.000 1.035969 0.926653 0.573771 0.979063
 763500.000 1.027321 0.895647 0.596021 0.976398
 764000.000 1.014574 0.894567 0.577127 0.961974
 764500.000 1.030736 0.901308 0.600485 0.975652
 765000.000 1.028903 0.894833 0.605708 0.974513
 765500.000 1.025223 0.885943 0.616937 0.967812
 766000.000 1.024160 0.894992 0.583818 0.977729
 766500.000 1.007904 0.871665 0.594352 0.958483
 767000.000 1.026611 0.912823 0.573685 0.972367
 767500.000 1.031637 0.905472 0.597001 0.975837
 768000.000 1.034866 0.905401 0.596644 0.982934
 768500.000 1.038924 0.910441 0.601174 0.984080
 769000.000 1.031754 0.902486 0.605104 0.973860
 769500.000 1.038397 0.897417 0.613053 0.987597
 770000.000 1.033795 0.899219 0.597750 0.985679
 770500.000 1.027136 0.885300 0.617073 0.972357
 771000.000 1.038929 0.873812 0.639982 0.992786
 771500.000 1.029731 0.882290 0.610138 0.984880
 772000.000 1.027864 0.894404 0.616164 0.966123
 772500.000 1.031648 0.875216 0.644992 0.972923
 773000.000 1.030145 0.880544 0.633154 0.972707
 773500.000 1.028545 0.898138 0.610981 0.967398
 774000.000 1.024870 0.910106 0.615964 0.944993
 774500.000 1.013897 0.915984 0.574819 0.941557
 775000.000 1.018464 0.887638 0.589970 0.968799
 775500.000 1.020033 0.882943 0.614907 0.960852
 776000.000 1.027323 0.875494 0.635388 0.969833
 776500.000 1.027076 0.879141 0.627345 0.971247
 777000.000 1.031634 0.877023 0.648180 0.969139
 777500.000 1.015388 0.854495 0.635847 0.963099
 778000.000 1.009511 0.865578 0.616913 0.953110
 778500.000 1.021944 0.865082 0.643803 0.962232
 779000.000 1.016609 0.864629 0.630056 0.960433
 779500.000 1.016675 0.868745 0.629010 0.957541
 780000.000 1.002650 0.856130 0.602846 0.956155
 780500.000 1.001171 0.841391 0.627742 0.950099
 781000.000 1.002485 0.803754 0.676260 0.952158
 781500.000 1.037846 0.794878 0.730475 0.994396
 782000.000 1.023248 0.804236 0.702270 0.976777
 782500.000 1.050009 0.759640 0.790043 1.001906
 783000.000 1.024079 0.790671 0.723811 0.973865
 783500.000 1.015714 0.815339 0.678856 0.968363
 784000.000 1.001570 0.839466 0.630222 0.950999
 784500.000 1.031292 0.817475 0.702067 0.982833
 785000.000 1.021202 0.828702 0.677862 0.969258
 785500.000 1.031523 0.830864 0.693269 0.978326
 786000.000 1.034018 0.854340 0.675099 0.976079
 786500.000 1.047362 0.856782 0.708866 0.978454
 787000.000 1.015093 0.855721 0.670486 0.937559
 787500.000 1.017577 0.853399 0.642317 0.964398
 788000.000 1.019272 0.861324 0.639444 0.962840
 788500.000 1.035118 0.887602 0.642272 0.970869
 789000.000 1.030848 0.863586 0.667495 0.966418
 789500.000 1.032150 0.876474 0.637650 0.977682
 790000.000 1.001468 0.866354 0.590949 0.951887
 790500.000 1.026745 0.887766 0.623642 0.965066
 791000.000 1.054813 0.933265 0.592913 1.001365
 791500.000 1.019708 0.938409 0.512874 0.967447
 792000.000 1.026760 0.935954 0.538597 0.970761
 792500.000 1.033498 0.965690 0.488357 0.982439
 793000.000 1.056245 0.978518 0.538403 0.991933
 793500.000 1.006469 0.935171 0.499065 0.949922
 794000.000 1.050395 0.991525 0.468691 1.001931
 794500.000 1.049401 0.962051 0.547570 0.988489
 795000.000 1.055472 0.970125 0.551257 0.991471
 795500.000 1.043729 0.942691 0.573326 0.980496
 796000.000 1.003191 0.928285 0.518263 0.939400
 796500.000 1.034487 0.938395 0.548031 0.979491
 797000.000 1.038957 0.960829 0.528001 0.978205
 797500.000 1.045196 0.972317 0.513950 0.987585
 798000.000 1.020462 0.945877 0.529159 0.952886
 798500.000 1.058092 0.964625 0.559584 0.997739
 799000.000 1.032674 0.973220 0.488860 0.972981
 799500.000 1.027177 0.944973 0.525941 0.969844
 800000.000 1.029401 0.937454 0.536368 0.976125
 800500.000 1.016461 0.939150 0.506416 0.963289
 801000.000 1.020306 0.941925 0.514349 0.964505
 801500.000 1.017248 0.930694 0.523358 0.964102
 802000.000 1.031211 0.952794 0.507434 0.980553
 802500.000 1.003843 0.905622 0.545439 0.947494
 803000.000 0.993468 0.920367 0.510161 0.930925
 803500.000 1.035829 0.964773 0.498839 0.982984
 804000.000 1.005224 0.924589 0.527520 0.942236
 804500.000 1.033647 0.960791 0.524998 0.968562
 805000.000 1.018816 0.958049 0.508695 0.948337
 805500.000 1.021215 0.965243 0.492266 0.954850
 806000.000 1.029066 0.982961 0.479606 0.960063
 806500.000 1.037138 0.987483 0.477933 0.973534
 807000.000 1.030412 0.983316 0.463151 0.970607
 807500.000 1.020992 0.976654 0.464159 0.956846
 808000.000 1.048899 1.001814 0.461651 0.991779
 808500.000 1.024534 0.981814 0.433000 0.973598
 809000.000 1.035612 0.988928 0.460002 0.977449
 809500.000 1.031925 0.988265 0.449146 0.975367
 810000.000 1.022338 0.976908 0.446118 0.967977
 810500.000 1.041318 0.998112 0.436081 0.991107
 811000.000 1.027743 0.988941 0.435834 0.971882
 811500.000 1.037310 0.994021 0.424430 0.991868
 812000.000 1.028708 0.982614 0.441914 0.977579
 812500.000 1.034038 0.981743 0.436631 0.991970
 813000.000 1.022835 0.981857 0.444771 0.964635
 813500.000 1.032975 0.981150 0.440159 0.988776
 814000.000 1.030914 0.988382 0.427549 0.982786
 814500.000 1.024805 0.981168 0.428149 0.976960
 815000.000 1.028739 0.990828 0.424670 0.976996
 815500.000 1.010184 0.962779 0.456528 0.951620
 816000.000 1.021916 0.972381 0.440598 0.974153
 816500.000 1.040237 0.993791 0.440989 0.991006
 817000.000 1.040028 0.996714 0.424740 0.994723
 817500.000 1.017389 0.972570 0.429827 0.969286
 818000.000 1.033147 0.986673 0.438958 0.984163
 818500.000 1.021451 0.970693 0.452046 0.969605
 819000.000 0.998293 0.942002 0.466989 0.942195
 819500.000 1.019598 0.974527 0.444643 0.965273
 820000.000 1.013550 0.971414 0.483671 0.936475
 820500.000 1.015015 0.971795 0.460933 0.950614
 821000.000 1.013931 0.964160 0.465483 0.953851
 821500.000 1.028567 0.976930 0.459426 0.974904
 822000.000 1.037325 0.973708 0.467713 0.992584
 822500.000 1.028989 0.979819 0.470078 0.967791
 823000.000 1.043894 1.002641 0.437160 0.991479
 823500.000 1.034140 0.971267 0.488774 0.978074
 824000.000 1.023668 0.966239 0.505501 0.952179
 824500.000 1.039638 0.975986 0.476420 0.991046
 825000.000 1.029208 0.983580 0.457139 0.970633
 825500.000 1.019019 0.974169 0.444964 0.964264
 826000.000 1.030344 0.979934 0.465169 0.972915
 826500.000 1.004633 0.955593 0.483820 0.933453
 827000.000 1.030262 0.974567 0.498188 0.961722
 827500.000 1.061978 1.014429 0.458631 1.008060
 828000.000 1.042678 0.994946 0.448588 0.991569
 828500.000 1.052957 1.007738 0.442537 1.003026
 829000.000 1.027982 0.978219 0.445913 0.978645
 829500.000 1.022950 0.958959 0.460244 0.980524
 830000.000 1.040138 0.988964 0.455159 0.989218
 830500.000 1.030478 0.963066 0.468747 0.988206
 831000.000 1.033002 0.974521 0.467676 0.982739
 831500.000 1.026526 0.964606 0.462211 0.981533
 832000.000 1.028194 0.970384 0.457699 0.981444
 832500.000 1.050461 0.985832 0.468331 1.007839
 833000.000 1.031999 0.964026 0.461117 0.994016
 833500.000 1.046209 0.981563 0.458711 1.007584
 834000.000 1.047273 0.976738 0.478951 1.005063
 834500.000 1.025937 0.959979 0.464661 0.983678
 835000.000 1.032472 0.963931 0.464585 0.993475
 835500.000 1.029467 0.961589 0.462567 0.990445
 836000.000 1.017917 0.952786 0.448626 0.981451
 836500.000 1.010657 0.940094 0.465397 0.970816
 837000.000 1.019576 0.963853 0.449515 0.973650
 837500.000 1.052688 0.989103 0.461086 1.012611
 838000.000 1.043179 0.985941 0.448999 1.001382
 838500.000 1.044129 0.986382 0.461267 0.997344
 839000.000 1.061375 1.010365 0.447305 1.015931
 839500.000 1.044030 0.987838 0.448383 1.001562
 840000.000 1.033503 0.965053 0.473276 0.990423
 840500.000 1.023184 0.955239 0.475111 0.977549
 841000.000 1.028804 0.968293 0.462000 0.982771
 841500.000 1.011520 0.949224 0.464290 0.964238
 842000.000 1.046037 0.988880 0.460959 0.999010
 842500.000 1.044099 0.994449 0.430983 1.002802
 843000.000 1.061679 1.010565 0.442723 1.018372
 843500.000 1.056704 1.010353 0.442396 1.008324
 844000.000 1.050368 0.999360 0.444211 1.005236
 844500.000 1.055588 1.008181 0.432357 1.012507
 845000.000 1.106741 1.066035 0.420698 1.065990
 845500.000 1.081356 1.030526 0.433986 1.043233
 846000.000 1.044134 0.999020 0.419661 1.003133
 846500.000 1.061488 1.021878 0.396139 1.025844
 847000.000 1.053646 0.999415 0.424284 1.020536
 847500.000 1.064849 1.012055 0.432684 1.027783
 848000.000 1.054138 0.998550 0.454363 1.009388
 848500.000 1.066333 1.012536 0.449580 1.023123
 849000.000 1.046995 0.996527 0.453343 0.996901
 849500.000 1.043759 0.981621 0.482216 0.991338
 850000.000 1.042927 0.978833 0.495658 0.985699
 850500.000 1.037681 0.992665 0.471120 0.972741
 851000.000 1.066265 1.009893 0.518962 0.992289
 851500.000 1.010975 0.943159 0.518528 0.941129
 852000.000 1.005057 0.926307 0.531745 0.937808
 852500.000 1.016817 0.943177 0.517721 0.954053
 853000.000 0.975755 0.881928 0.538795 0.914383
 853500.000 1.003499 0.904949 0.549376 0.945132
 854000.000 1.020090 0.941757 0.525282 0.958300
 854500.000 0.992212 0.902411 0.525240 0.937415
 855000.000 0.994639 0.910017 0.539612 0.926986
 855500.000 0.981938 0.884733 0.563649 0.909919
 856000.000 1.012895 0.935549 0.526573 0.948357
 856500.000 0.973576 0.886421 0.538881 0.905299
 857000.000 0.970524 0.867113 0.564103 0.902074
 857500.000 0.987316 0.899176 0.592595 0.888763
 858000.000 0.998779 0.912142 0.604255 0.893303
 858500.000 0.988851 0.926631 0.599185 0.859060
 859000.000 1.024060 0.946393 0.601331 0.916591
 859500.000 1.042662 0.996906 0.543084 0.941024
 860000.000 1.011781 0.934772 0.625483 0.884521
 860500.000 1.013074 0.927069 0.632373 0.890666
 861000.000 1.003873 0.932230 0.562569 0.911036
 861500.000 1.026361 0.948477 0.562910 0.943588
 862000.000 1.007752 0.920260 0.572563 0.925430
 862500.000 1.015296 0.933160 0.568654 0.931396
 863000.000 1.012363 0.903931 0.634162 0.911322
 863500.000 1.074950 0.987396 0.584512 0.997211
 864000.000 0.985980 0.894627 0.555441 0.914024
 864500.000 1.041584 0.946787 0.568546 0.974753
 865000.000 1.029454 0.953261 0.519585 0.969988
 865500.000 1.065096 1.003932 0.491233 1.009787
 866000.000 1.023085 0.946890 0.523473 0.960615
 866500.000 1.005519 0.921930 0.536438 0.940433
 867000.000 1.003806 0.923615 0.528556 0.939583
 867500.000 0.996999 0.914429 0.523238 0.937045
 868000.000 1.005855 0.927196 0.541997 0.932758
 868500.000 1.013168 0.941782 0.517909 0.947542
 869000.000 1.046775 0.983511 0.523694 0.974643
 869500.000 1.022656 0.959959 0.537837 0.938541
 870000.000 1.061597 0.995463 0.526620 0.992825
 870500.000 1.041455 0.968654 0.504079 0.988368
 871000.000 1.046286 0.944430 0.607537 0.963526
 871500.000 1.076959 1.005372 0.562509 0.996239
 872000.000 1.104520 0.956823 0.646676 1.051775
 872500.000 1.062861 0.990933 0.558694 0.982476
 873000.000 1.021377 0.943053 0.508784 0.968613
 873500.000 1.051058 0.960822 0.536364 0.999289
 874000.000 1.099720 0.923585 0.674357 1.054042
 874500.000 1.092564 0.958258 0.607131 1.049060
 875000.000 1.087593 0.942279 0.624127 1.043213
 875500.000 1.092020 0.949132 0.629196 1.043205
 876000.000 1.077216 0.946466 0.636991 1.009571
 876500.000 1.073899 0.922178 0.653729 1.014270
 877000.000 1.076640 0.962850 0.570478 1.032367
 877500.000 1.074708 0.955384 0.589267 1.024694
 878000.000 1.093696 0.905163 0.709791 1.034030
 878500.000 1.069263 0.871843 0.701472 1.017092
 879000.000 1.061639 0.877768 0.672113 1.015845
 879500.000 1.067624 0.849092 0.721837 1.018644
 880000.000 1.047738 0.849352 0.680837 1.005271
 880500.000 1.071739 0.844347 0.720805 1.031875
 881000.000 1.074736 0.826875 0.745415 1.034770
 881500.000 1.064768 0.705145 0.849758 1.023790
 882000.000 1.061117 0.816576 0.745753 1.014394
 882500.000 1.099848 0.765676 0.845217 1.057677
 883000.000 1.062136 0.715429 0.840831 1.018544
 883500.000 1.045722 0.687706 0.846143 0.999086
 884000.000 1.071690 0.711000 0.861432 1.024427
 884500.000 1.059373 0.714175 0.842513 1.012258
 885000.000 1.101113 0.688509 0.917292 1.053295
 885500.000 1.068552 0.703686 0.852076 1.030726
 886000.000 1.085164 0.693081 0.880593 1.048502
 886500.000 1.112590 0.843353 0.781821 1.073884
 887000.000 1.129384 0.831793 0.814968 1.093143
 887500.000 1.112274 0.829823 0.803452 1.067786
 888000.000 1.061059 0.686388 0.855445 1.024099
 888500.000 1.046750 0.659311 0.860313 1.008236
 889000.000 1.054167 0.694080 0.839463 1.017886
 889500.000 1.040652 0.699203 0.819328 1.002860
 890000.000 1.037908 0.667465 0.843430 0.998810
 890500.000 1.047878 0.684866 0.843134 1.008058
 891000.000 1.036145 0.651792 0.857290 0.993685
 891500.000 1.047771 0.661576 0.861463 1.007893
 892000.000 1.025198 0.691105 0.814982 0.979918
 892500.000 1.050434 0.670878 0.855379 1.012459
 893000.000 1.036154 0.614116 0.882203 0.995896
 893500.000 1.071849 0.685321 0.874658 1.031033
 894000.000 1.015346 0.716033 0.785587 0.965403
 894500.000 1.044839 0.688375 0.845831 0.997038
 895000.000 1.081420 0.692317 0.891122 1.032248
 895500.000 1.048682 0.649760 0.879956 1.001478
 896000.000 1.078504 0.622050 0.928693 1.037749
 896500.000 1.081170 0.649711 0.914170 1.039243
 897000.000 1.083952 0.701497 0.877057 1.043350
 897500.000 1.098603 0.739201 0.856533 1.064795
 898000.000 1.064926 0.728702 0.834857 1.019873
 898500.000 1.037748 0.700005 0.815901 0.999069
 899000.000 1.071555 0.728941 0.846181 1.024248
 899500.000 1.057521 0.614237 0.937627 0.990084
 900000.000 1.039593 0.578933 0.909672 0.999420
 900500.000 1.060070 0.519196 0.972525 1.015936
 901000.000 1.076634 0.560357 0.959803 1.040702
 901500.000 1.073183 0.519453 0.980974 1.035037
 902000.000 1.038609 0.501414 0.949116 1.002586
 902500.000 1.023606 0.556722 0.905462 0.982720
 903000.000 1.064394 0.531821 0.969591 1.021238
 903500.000 1.045590 0.524874 0.972042 0.982933
 904000.000 1.065229 0.580194 0.947136 1.017710
 904500.000 1.054302 0.654350 0.908059 0.985070
 905000.000 1.099244 0.667432 0.957737 1.026620
 905500.000 1.120372 0.672258 0.963337 1.063257
 906000.000 1.116962 0.623277 0.991858 1.059695
 906500.000 1.073823 0.595375 0.949926 1.024383
 907000.000 1.031951 0.672608 0.838716 0.986914
 907500.000 1.073828 0.553965 0.969079 1.029670
 908000.000 1.068045 0.596007 0.932775 1.027691
 908500.000 1.056031 0.630448 0.906583 1.005508
 909000.000 1.069549 0.688615 0.876682 1.022305
 909500.000 1.051050 0.630783 0.901311 0.999582
 910000.000 1.037503 0.629574 0.886327 0.985337
 910500.000 1.048721 0.603927 0.929759 0.985115
 911000.000 1.076704 0.642384 0.932444 1.018075
 911500.000 1.080795 0.621265 0.968026 1.006574
 912000.000 1.037413 0.597042 0.896221 0.996383
 912500.000 1.045013 0.608354 0.899868 1.002121
 913000.000 1.041758 0.551648 0.931714 0.999056
 913500.000 1.054286 0.527838 0.964431 1.007123
 914000.000 1.068800 0.568670 0.956109 1.023298
 914500.000 1.053661 0.587660 0.926322 1.008457
 915000.000 1.042939 0.610038 0.895740 1.000473
 915500.000 1.047309 0.654326 0.871531 1.002998
 916000.000 1.036378 0.587659 0.902163 0.994443
 916500.000 1.055139 0.588999 0.929338 1.007993
 917000.000 1.041948 0.648173 0.876339 0.991572
 917500.000 1.034535 0.650870 0.867522 0.981987
 918000.000 1.054691 0.613608 0.904078 1.015320
 918500.000 1.030576 0.583762 0.899181 0.987354
 919000.000 1.068534 0.605181 0.933130 1.023012
 919500.000 1.035461 0.618650 0.886956 0.987392
 920000.000 1.064686 0.630914 0.917760 1.013298
 920500.000 1.070733 0.605670 0.941456 1.019687
 921000.000 1.050168 0.663279 0.884052 0.992078
 921500.000 1.056051 0.624088 0.913099 1.003619
 922000.000 1.076747 0.645487 0.944223 1.005265
 922500.000 1.061116 0.617375 0.926065 1.006572
 923000.000 1.037218 0.709439 0.837012 0.973527
 923500.000 1.044067 0.669916 0.856217 0.999128
 924000.000 1.067921 0.604765 0.936582 1.018815
 924500.000 1.033597 0.662080 0.861300 0.977987
 925000.000 1.097159 0.652021 0.931708 1.055605
 925500.000 1.119316 0.612656 0.975209 1.085982
 926000.000 1.102060 0.635846 0.949199 1.060091
 926500.000 1.058037 0.638580 0.907566 1.003704
 927000.000 1.095464 0.622744 0.954977 1.048947
 927500.000 1.040623 0.595087 0.896224 1.004215
 928000.000 1.040930 0.594866 0.905524 0.996611
 928500.000 1.057917 0.651290 0.903298 0.999125
 929000.000 1.090906 0.697347 0.905684 1.036144
 929500.000 1.112944 0.589349 1.016353 1.047369
 930000.000 1.111032 0.644648 0.962762 1.061273
 930500.000 1.059059 0.666277 0.884459 1.008473
 931000.000 1.050608 0.658457 0.896870 0.984690
 931500.000 1.029570 0.683472 0.839777 0.973483
 932000.000 1.001283 0.640497 0.832210 0.949908
 932500.000 1.032427 0.729716 0.828917 0.955104
 933000.000 1.003300 0.709111 0.829616 0.906708
 933500.000 1.051768 0.662464 0.891429 0.989407
 934000.000 0.981309 0.688584 0.810400 0.891650
 934500.000 1.025389 0.671892 0.882314 0.934306
 935000.000 1.063039 0.711854 0.872831 0.995759
 935500.000 1.056799 0.645132 0.919457 0.985928
 936000.000 1.034125 0.684299 0.875992 0.950370
 936500.000 1.038525 0.655240 0.873859 0.981885
 937000.000 1.044675 0.664108 0.864507 0.997135
 937500.000 1.061089 0.641910 0.892104 1.021724
 938000.000 1.042397 0.645409 0.869291 1.000482
 938500.000 1.037134 0.717705 0.814174 0.986566
 939000.000 1.027157 0.714360 0.809254 0.972061
 939500.000 0.979438 0.719795 0.764681 0.903191
 940000.000 0.989072 0.695270 0.778373 0.931270
 940500.000 0.999910 0.726209 0.772971 0.935296
 941000.000 0.974462 0.675670 0.784325 0.909646
 941500.000 0.979293 0.691138 0.763260 0.926171
 942000.000 0.967737 0.708409 0.730686 0.915032
 942500.000 0.987332 0.712452 0.763144 0.927186
 943000.000 0.981813 0.753960 0.725718 0.912574
 943500.000 0.977178 0.718864 0.734672 0.923713
 944000.000 0.961866 0.714371 0.733487 0.895568
 944500.000 1.024271 0.752232 0.778720 0.962292
 945000.000 1.019038 0.821628 0.683319 0.966891
 945500.000 1.009943 0.780005 0.720374 0.955313
 946000.000 1.028045 0.721436 0.811328 0.966969
 946500.000 1.049705 0.801857 0.789647 0.968114
 947000.000 1.018602 0.754179 0.796788 0.933511
 947500.000 1.020235 0.804152 0.741582 0.940826
 948000.000 1.022711 0.815099 0.787065 0.898899
 948500.000 1.030598 0.797540 0.810039 0.912159
 949000.000 1.049525 0.767000 0.839774 0.953675
 949500.000 1.082831 0.775509 0.917511 0.949635
 950000.000 1.051361 0.793184 0.855346 0.921934
 950500.000 1.088025 0.797575 0.859673 0.996209
 951000.000 1.081588 0.777394 0.914519 0.948145
 951500.000 1.043875 0.698869 0.905626 0.933152
 952000.000 1.020943 0.799810 0.827488 0.871904
 952500.000 1.028773 0.754314 0.846417 0.911778
 953000.000 1.044267 0.766922 0.864515 0.919474
 953500.000 1.010153 0.750525 0.835893 0.882504
 954000.000 1.054676 0.775933 0.867054 0.933181
 954500.000 1.071852 0.821285 0.913480 0.888132
 955000.000 1.020357 0.784291 0.835319 0.877148
 955500.000 1.023918 0.676475 0.895458 0.915071
 956000.000 1.051277 0.722065 0.924497 0.913397
 956500.000 1.041200 0.746438 0.913971 0.880728
 957000.000 1.030828 0.781669 0.839934 0.899286
 957500.000 1.002162 0.806117 0.741103 0.899778
 958000.000 1.017514 0.771894 0.837300 0.879646
 958500.000 1.035856 0.774514 0.860213 0.897861
 959000.000 1.005662 0.713020 0.879263 0.860936
 959500.000 1.063069 0.807271 0.874625 0.918464
 960000.000 1.025826 0.800769 0.804808 0.903157
 960500.000 0.999955 0.775113 0.811224 0.860775
 961000.000 1.009997 0.725064 0.849584 0.890324
 961500.000 0.976832 0.742931 0.824280 0.822812
 962000.000 0.988672 0.683081 0.870193 0.855049
 962500.000 0.999050 0.746236 0.820610 0.875176
 963000.000 1.000466 0.812148 0.797133 0.840750
 963500.000 1.021693 0.758954 0.862753 0.875990
 964000.000 1.008626 0.787700 0.825703 0.855800
 964500.000 1.045324 0.792682 0.841271 0.921589
 965000.000 1.021219 0.777191 0.822011 0.897801
 965500.000 1.034214 0.700426 0.872404 0.942078
 966000.000 1.017892 0.785979 0.817315 0.886816
 966500.000 1.005698 0.771046 0.810986 0.877866
 967000.000 1.007796 0.808008 0.731937 0.917985
 967500.000 0.992376 0.727481 0.786048 0.906930
 968000.000 0.966393 0.710832 0.785928 0.863056
 968500.000 0.972519 0.683996 0.798817 0.886357
 969000.000 0.954060 0.655127 0.818246 0.849555
 969500.000 0.997619 0.777040 0.791583 0.871834
 970000.000 1.014890 0.731912 0.825269 0.918281
 970500.000 0.980427 0.733839 0.816747 0.846685
 971000.000 0.984721 0.742236 0.794566 0.870117
 971500.000 1.006530 0.750288 0.798096 0.909018
 972000.000 0.988558 0.773573 0.773714 0.870316
 972500.000 0.959688 0.754813 0.729509 0.860277
 973000.000 0.989138 0.788525 0.764721 0.866152
 973500.000 0.977662 0.773713 0.764227 0.853797
 974000.000 0.962307 0.769163 0.753211 0.832545
 974500.000 0.976349 0.793107 0.760918 0.835764
 975000.000 0.957179 0.755229 0.747243 0.838832
 975500.000 0.975961 0.729076 0.774821 0.879262
 976000.000 0.986323 0.737446 0.780445 0.890363
 976500.000 0.970988 0.729714 0.774325 0.868085
 977000.000 0.960054 0.727546 0.749615 0.867271
 977500.000 0.945649 0.716600 0.754374 0.840183
 978000.000 0.942986 0.710910 0.764678 0.829650
 978500.000 0.950210 0.714890 0.750266 0.855472
 979000.000 0.998147 0.681647 0.822377 0.922849
 979500.000 0.978535 0.715009 0.813454 0.861462
 980000.000 0.970016 0.739193 0.755185 0.874729
 980500.000 0.978322 0.815664 0.696768 0.873748
 981000.000 0.954324 0.750049 0.725146 0.856189
 981500.000 0.946074 0.734491 0.718441 0.857016
 982000.000 0.960484 0.712792 0.736457 0.891413
 982500.000 0.950154 0.742302 0.726313 0.852668
 983000.000 0.969172 0.723377 0.743778 0.895604
 983500.000 0.971235 0.743443 0.775320 0.856017
 984000.000 1.003609 0.784483 0.760466 0.905946
 984500.000 0.977046 0.755285 0.803105 0.832949
 985000.000 0.987510 0.801265 0.744666 0.868217
 985500.000 1.034136 0.850562 0.747002 0.925963
 986000.000 0.975308 0.739046 0.760183 0.882262
 986500.000 0.993324 0.832974 0.777924 0.821202
 987000.000 1.005543 0.839260 0.738753 0.878703
 987500.000 0.982283 0.759803 0.818896 0.825752
 988000.000 0.991262 0.772735 0.810981 0.842846
 988500.000 1.026075 0.735179 0.856634 0.911783
 989000.000 1.024917 0.773301 0.859145 0.874521
 989500.000 1.004750 0.809977 0.804841 0.845702
 990000.000 1.003630 0.776838 0.840342 0.839579
 990500.000 0.974737 0.777801 0.773082 0.835222
 991000.000 0.978122 0.758083 0.803456 0.832594
 991500.000 0.928419 0.776591 0.748167 0.749050
 992000.000 0.940668 0.819836 0.717138 0.763736
 992500.000 0.947968 0.790890 0.726217 0.802739
 993000.000 0.975733 0.823767 0.769436 0.795918
 993500.000 1.014174 0.841969 0.802308 0.839339
 994000.000 1.000383 0.766329 0.829033 0.852629
 994500.000 0.969229 0.780124 0.772545 0.820604
 995000.000 1.017803 0.833558 0.759801 0.894275
 995500.000 1.013357 0.812972 0.750770 0.910608
 996000.000 1.016477 0.803381 0.766277 0.913154
 996500.000 1.012290 0.727106 0.834680 0.907794
 997000.000 1.035542 0.701947 0.876342 0.940207
 997500.000 1.004259 0.692139 0.858161 0.895307
 998000.000 1.017129 0.742369 0.854277 0.887808
 998500.000 1.001250 0.706046 0.845032 0.890182
 999000.000 0.987208 0.659929 0.844689 0.894512
 999500.000 0.972021 0.651229 0.823191 0.887641
1000000.000 0.968806 0.666671 0.826268 0.866026
