 750000.000    5.415
 750500.000    4.109
 751000.000    5.328
 751500.000    5.328
 752000.000    4.368
 752500.000    5.243
 753000.000    1.410
 753500.000    3.135
 754000.000    5.584
 754500.000    6.279
 755000.000    4.634
 755500.000    4.636
 756000.000    4.892
 756500.000    3.681
 757000.000    2.815
 757500.000    4.982
 758000.000    5.946
 758500.000    3.939
 759000.000    8.473
 759500.000    4.807
 760000.000    5.499
 760500.000    3.587
 761000.000    3.327
 761500.000    0.981
 762000.000    5.250
 762500.000    2.894
 763000.000    4.111
 763500.000    5.151
 764000.000    5.857
 764500.000    7.589
 765000.000    2.365
 765500.000    5.247
 766000.000    5.160
 766500.000    3.600
 767000.000    4.382
 767500.000    2.901
 768000.000    2.901
 768500.000    4.895
 769000.000    5.504
 769500.000    2.367
 770000.000    2.464
 770500.000    3.493
 771000.000    1.852
 771500.000    6.120
 772000.000    3.071
 772500.000    4.374
 773000.000    2.191
 773500.000    5.080
 774000.000    4.904
 774500.000    4.272
 775000.000    5.948
 775500.000    2.111
 776000.000    3.066
 776500.000    0.189
 777000.000    4.122
 777500.000    4.815
 778000.000    5.601
 778500.000    1.674
 779000.000    4.805
 779500.000    3.163
 780000.000    3.485
 780500.000    3.587
 781000.000    5.768
 781500.000    8.031
 782000.000    4.993
 782500.000    1.502
 783000.000    5.937
 783500.000    3.593
 784000.000    3.415
 784500.000    4.980
 785000.000    1.494
 785500.000    3.658
 786000.000    6.033
 786500.000    4.895
 787000.000    4.803
 787500.000    3.859
 788000.000    0.729
 788500.000    4.647
 789000.000    2.819
 789500.000    2.120
 790000.000    2.721
 790500.000    4.370
 791000.000    2.904
 791500.000    3.410
 792000.000    3.953
 792500.000    3.344
 793000.000    5.859
 793500.000    1.247
 794000.000    6.127
 794500.000   -0.675
 795000.000    3.160
 795500.000    0.022
 796000.000    2.902
 796500.000    5.410
 797000.000    4.468
 797500.000    1.325
 798000.000    3.419
 798500.000    5.326
 799000.000    5.153
 799500.000    5.151
 800000.000    0.200
 800500.000    3.578
 801000.000    3.160
 801500.000    4.368
 802000.000    4.466
 802500.000    5.864
 803000.000    1.142
 803500.000    4.359
 804000.000    5.768
 804500.000    9.347
 805000.000    3.681
 805500.000    4.102
 806000.000    5.584
 806500.000    3.410
 807000.000    4.358
 807500.000    2.022
 808000.000    2.010
 808500.000    1.850
 809000.000    2.988
 809500.000    2.814
 810000.000    4.281
 810500.000    3.156
 811000.000    5.679
 811500.000    3.674
 812000.000    1.683
 812500.000    4.727
 813000.000    3.598
 813500.000    2.285
 814000.000    2.374
 814500.000    2.980
 815000.000    1.666
 815500.000    4.980
 816000.000    3.857
 816500.000    5.667
 817000.000    3.151
 817500.000    3.508
 818000.000    6.018
 818500.000    7.064
 819000.000    5.671
 819500.000    3.149
 820000.000    3.398
 820500.000    1.236
 821000.000    2.187
 821500.000    4.093
 822000.000    4.109
 822500.000    2.606
 823000.000    4.982
 823500.000    2.817
 824000.000    5.156
 824500.000    3.420
 825000.000    4.822
 825500.000    4.457
 826000.000    0.899
 826500.000    4.631
 827000.000    5.513
 827500.000    2.800
 828000.000    2.285
 828500.000    3.415
 829000.000    4.977
 829500.000    3.060
 830000.000    1.937
 830500.000    2.365
 831000.000    3.589
 831500.000    4.902
 832000.000    4.033
 832500.000    3.419
 833000.000    3.068
 833500.000    5.422
 834000.000    6.118
 834500.000    4.113
 835000.000    4.725
 835500.000    4.034
 836000.000    3.768
 836500.000    3.598
 837000.000    3.516
 837500.000    7.956
 838000.000    3.603
 838500.000    5.940
 839000.000    3.940
 839500.000    2.283
 840000.000    5.069
 840500.000    0.993
 841000.000    3.944
 841500.000    1.863
 842000.000    2.470
 842500.000    2.980
 843000.000    4.382
 843500.000    5.509
 844000.000    3.850
 844500.000    3.767
 845000.000    4.038
 845500.000    2.996
 846000.000    3.775
 846500.000    0.113
 847000.000    2.720
 847500.000    4.469
 848000.000    4.210
 848500.000    3.949
 849000.000    2.721
 849500.000    4.109
 850000.000    1.227
 850500.000    2.106
 851000.000    0.361
 851500.000    2.901
 852000.000    7.770
 852500.000    5.422
 853000.000    3.330
 853500.000    2.026
 854000.000    3.060
 854500.000    5.582
 855000.000    2.024
 855500.000    4.109
 856000.000    6.357
 856500.000    2.443
 857000.000    6.978
 857500.000    1.784
 858000.000   -1.632
 858500.000    3.410
 859000.000    0.975
 859500.000    4.457
 860000.000    1.495
 860500.000    2.013
 861000.000    3.335
 861500.000    5.064
 862000.000    5.321
 862500.000    3.051
 863000.000    1.580
 863500.000    0.532
 864000.000    2.200
 864500.000    2.988
 865000.000    2.099
 865500.000    5.232
 866000.000    4.538
 866500.000    1.925
 867000.000    4.028
 867500.000    1.064
 868000.000    4.719
 868500.000    4.193
 869000.000    1.390
 869500.000    4.017
 870000.000    3.405
 870500.000    4.956
 871000.000    2.123
 871500.000    5.420
 872000.000    3.341
 872500.000    3.948
 873000.000    4.281
 873500.000    3.238
 874000.000    0.368
 874500.000    0.885
 875000.000    5.853
 875500.000    1.847
 876000.000    6.978
 876500.000    2.899
 877000.000    4.194
 877500.000    3.064
 878000.000    5.665
 878500.000    4.444
 879000.000    5.488
 879500.000    2.963
 880000.000    4.370
 880500.000    8.712
 881000.000    2.024
 881500.000    4.890
 882000.000    4.020
 882500.000    1.582
 883000.000    3.838
 883500.000    4.450
 884000.000    3.919
 884500.000    3.926
 885000.000    5.822
 885500.000    5.236
 886000.000    5.154
 886500.000    5.142
 887000.000    7.165
 887500.000    8.198
 888000.000    3.339
 888500.000    3.169
 889000.000    4.216
 889500.000    5.953
 890000.000    7.509
 890500.000    4.205
 891000.000    1.577
 891500.000    3.685
 892000.000    5.167
 892500.000    3.779
 893000.000    4.019
 893500.000    3.082
 894000.000    3.245
 894500.000    3.522
 895000.000    3.864
 895500.000    5.857
 896000.000    4.563
 896500.000    6.469
 897000.000    2.729
 897500.000    3.419
 898000.000    3.603
 898500.000    3.074
 899000.000    4.544
 899500.000    3.256
 900000.000    6.212
 900500.000    8.109
 901000.000    5.763
 901500.000    4.446
 902000.000    3.596
 902500.000    4.106
 903000.000    8.545
 903500.000    7.326
 904000.000    7.248
 904500.000    4.901
 905000.000    6.544
 905500.000    6.212
 906000.000    6.301
 906500.000    5.779
 907000.000    6.652
 907500.000    3.499
 908000.000    5.066
 908500.000    4.986
 909000.000    3.433
 909500.000    6.989
 910000.000    4.026
 910500.000    4.723
 911000.000    4.728
 911500.000    7.159
 912000.000    6.799
 912500.000    4.555
 913000.000    2.897
 913500.000    5.502
 914000.000    3.064
 914500.000    6.033
 915000.000    5.153
 915500.000    6.019
 916000.000    6.984
 916500.000    4.356
 917000.000   10.458
 917500.000    3.319
 918000.000    9.777
 918500.000    6.982
 919000.000    3.678
 919500.000    5.334
 920000.000    6.553
 920500.000    5.406
 921000.000    8.725
 921500.000    6.366
 922000.000    4.899
 922500.000    6.116
 923000.000    7.243
 923500.000    5.504
 924000.000    6.982
 924500.000    4.645
 925000.000    5.770
 925500.000    3.955
 926000.000    5.323
 926500.000    5.862
 927000.000    5.067
 927500.000    7.523
 928000.000    5.843
 928500.000    3.247
 929000.000    4.130
 929500.000    3.083
 930000.000    3.770
 930500.000    3.330
 931000.000    6.730
 931500.000    1.767
 932000.000    5.158
 932500.000    5.777
 933000.000    2.219
 933500.000    2.888
 934000.000    2.904
 934500.000    4.031
 935000.000    5.335
 935500.000    2.287
 936000.000    7.686
 936500.000    4.535
 937000.000    5.953
 937500.000    3.248
 938000.000    4.295
 938500.000    3.680
 939000.000    1.252
 939500.000    2.031
 940000.000    6.634
 940500.000    3.685
 941000.000    3.415
 941500.000    4.297
 942000.000    5.607
 942500.000    4.982
 943000.000    4.200
 943500.000    5.509
 944000.000    4.294
 944500.000    4.542
 945000.000    4.459
 945500.000    1.673
 946000.000    3.511
 946500.000    2.714
 947000.000    4.899
 947500.000    5.066
 948000.000    2.038
 948500.000    3.422
 949000.000    1.774
 949500.000    4.294
 950000.000    4.732
 950500.000    6.998
 951000.000    3.948
 951500.000    3.160
 952000.000    1.238
 952500.000    3.154
 953000.000    1.577
 953500.000    2.563
 954000.000    2.899
 954500.000    3.057
 955000.000    3.751
 955500.000    0.894
 956000.000    9.239
 956500.000    3.518
 957000.000    3.337
 957500.000    4.459
 958000.000    4.638
 958500.000    3.513
 959000.000    0.294
 959500.000    3.759
 960000.000    4.798
 960500.000    0.106
 961000.000    3.765
 961500.000    2.022
 962000.000    3.410
 962500.000    4.803
 963000.000    4.102
 963500.000    1.933
 964000.000    3.596
 964500.000    3.495
 965000.000    1.577
 965500.000    3.667
 966000.000    0.791
 966500.000    3.770
 967000.000    0.544
 967500.000   -1.021
 968000.000    0.904
 968500.000    1.153
 969000.000    0.627
 969500.000    0.533
 970000.000   -0.058
 970500.000   -0.150
 971000.000    0.551
 971500.000    1.937
 972000.000    4.956
 972500.000    2.272
 973000.000    1.939
 973500.000    2.372
 974000.000    2.001
 974500.000    1.499
 975000.000   -0.672
 975500.000    1.151
 976000.000    2.290
 976500.000    2.384
 977000.000    2.899
 977500.000    3.758
 978000.000    1.412
 978500.000    1.673
 979000.000    0.707
 979500.000    3.767
 980000.000    4.457
 980500.000    2.189
 981000.000    1.064
 981500.000    3.154
 982000.000    3.933
 982500.000    2.988
 983000.000    4.105
 983500.000    1.060
 984000.000    2.626
 984500.000    1.926
 985000.000    4.897
 985500.000    2.892
 986000.000    0.535
 986500.000    2.982
 987000.000    2.620
 987500.000    3.147
 988000.000    1.415
 988500.000    1.406
 989000.000    4.196
 989500.000    2.111
 990000.000    5.151
 990500.000    2.356
 991000.000    2.629
 991500.000    0.194
 992000.000    2.638
 992500.000    2.904
 993000.000    1.671
 993500.000   -2.081
 994000.000    2.530
 994500.000    4.622
 995000.000    1.250
 995500.000    3.325
 996000.000    1.932
 996500.000   -1.197
 997000.000    2.272
 997500.000    2.714
 998000.000    1.319
 998500.000    2.961
 999000.000    3.837
 999500.000    3.163
1000000.000    6.453
