       1    1.485    0.098
       2    2.446    0.122
       3    0.987    0.078
       4    0.664    0.079
       5    1.604    0.114
       6    0.437    0.127
       7    0.427    0.070
       8    1.265    0.115
       9    0.432    0.101
      10    1.481    0.155
      11    0.902    0.106
      12    1.129    0.127
      13    0.242    0.101
      14    1.061    0.137
      15    0.692    0.097
      16    1.569    0.143
      17    1.687    0.161
      18    1.418    0.128
      19    1.540    0.200
      20    2.117    0.146
      21    2.693    0.183
