 750000.000    1.495
 750500.000    2.700
 751000.000    2.004
 751500.000    1.672
 752000.000    2.008
 752500.000    0.283
 753000.000    2.879
 753500.000    2.709
 754000.000    3.399
 754500.000    5.592
 755000.000    0.972
 755500.000    0.624
 756000.000    0.807
 756500.000    2.104
 757000.000    2.963
 757500.000    2.876
 758000.000    3.314
 758500.000    2.537
 759000.000    0.366
 759500.000    1.488
 760000.000    3.486
 760500.000    2.881
 761000.000    0.626
 761500.000    2.636
 762000.000    0.796
 762500.000   -0.947
 763000.000   -0.077
 763500.000    0.707
 764000.000   -2.175
 764500.000   -0.329
 765000.000   -0.244
 765500.000    2.808
 766000.000    2.446
 766500.000   -1.548
 767000.000    1.130
 767500.000   -0.075
 768000.000    1.491
 768500.000    2.022
 769000.000    1.593
 769500.000   -1.209
 770000.000    1.140
 770500.000    2.017
 771000.000    0.636
 771500.000   -1.289
 772000.000    1.751
 772500.000    0.109
 773000.000    0.099
 773500.000   -0.253
 774000.000    0.455
 774500.000    4.096
 775000.000    1.328
 775500.000    1.926
 776000.000    2.542
 776500.000    2.031
 777000.000    3.584
 777500.000    2.546
 778000.000    1.658
 778500.000    1.229
 779000.000   -1.039
 779500.000   -2.265
 780000.000    3.483
 780500.000    1.145
 781000.000    0.106
 781500.000    0.342
 782000.000    0.787
 782500.000    0.193
 783000.000    0.345
 783500.000    0.280
 784000.000    1.059
 784500.000    0.453
 785000.000    0.281
 785500.000   -0.517
 786000.000   -0.425
 786500.000    2.615
 787000.000    2.011
 787500.000    1.318
 788000.000    2.283
 788500.000    0.711
 789000.000    3.138
 789500.000    1.673
 790000.000    1.053
 790500.000    3.074
 791000.000    2.970
 791500.000    2.182
 792000.000    2.377
 792500.000    1.662
 793000.000    3.571
 793500.000    3.750
 794000.000    2.963
 794500.000    1.841
 795000.000    4.279
 795500.000    1.673
 796000.000    3.317
 796500.000    0.533
 797000.000    2.814
 797500.000    1.586
 798000.000    2.893
 798500.000    4.290
 799000.000   -0.434
 799500.000    1.660
 800000.000    1.319
 800500.000    0.017
 801000.000    0.888
 801500.000    2.006
 802000.000    1.754
 802500.000    0.367
 803000.000    0.186
 803500.000    3.926
 804000.000    1.064
 804500.000    0.805
 805000.000    2.720
 805500.000    3.848
 806000.000    4.026
 806500.000    4.897
 807000.000    0.542
 807500.000    0.986
 808000.000    2.358
 808500.000    4.095
 809000.000    2.727
 809500.000    3.057
 810000.000    4.185
 810500.000    4.114
 811000.000    0.635
 811500.000    1.854
 812000.000    2.805
 812500.000    3.664
 813000.000    2.876
 813500.000    2.182
 814000.000    1.749
 814500.000    1.660
 815000.000    3.316
 815500.000    0.278
 816000.000    1.836
 816500.000    2.446
 817000.000    0.883
 817500.000    3.241
 818000.000    3.413
 818500.000    1.930
 819000.000    2.787
 819500.000    3.926
 820000.000    4.027
 820500.000    3.484
 821000.000    5.323
 821500.000    3.481
 822000.000    0.361
 822500.000    2.620
 823000.000    3.573
 823500.000    3.328
 824000.000    2.439
 824500.000    4.192
 825000.000    2.272
 825500.000    1.744
 826000.000    3.754
 826500.000    1.139
 827000.000    1.923
 827500.000    1.658
 828000.000    2.354
 828500.000    4.457
 829000.000    3.048
 829500.000    3.942
 830000.000    4.631
 830500.000    3.921
 831000.000    2.608
 831500.000    0.981
 832000.000    5.140
 832500.000    1.758
 833000.000    4.097
 833500.000    3.140
 834000.000    1.997
 834500.000    1.408
 835000.000    4.971
 835500.000    1.224
 836000.000    2.972
 836500.000    6.010
 837000.000    2.886
 837500.000    5.145
 838000.000    0.532
 838500.000    4.803
 839000.000    2.365
 839500.000    1.052
 840000.000    2.177
 840500.000    4.890
 841000.000    3.140
 841500.000    2.881
 842000.000    2.709
 842500.000    6.105
 843000.000    1.146
 843500.000    2.008
 844000.000    2.615
 844500.000    0.698
 845000.000    2.264
 845500.000    2.704
 846000.000    3.669
 846500.000    1.754
 847000.000    3.412
 847500.000    1.570
 848000.000    1.671
 848500.000    0.961
 849000.000    2.008
 849500.000    2.539
 850000.000    2.966
 850500.000    1.916
 851000.000    2.606
 851500.000    0.010
 852000.000    2.006
 852500.000    1.579
 853000.000    1.300
 853500.000    4.015
 854000.000    0.358
 854500.000    2.194
 855000.000    2.533
 855500.000    2.432
 856000.000    1.071
 856500.000    3.575
 857000.000   -1.023
 857500.000    1.307
 858000.000    4.515
 858500.000    2.799
 859000.000   -1.030
 859500.000    1.673
 860000.000    2.276
 860500.000    3.839
 861000.000    2.453
 861500.000    0.532
 862000.000    1.759
 862500.000   -0.063
 863000.000    0.436
 863500.000    4.373
 864000.000    0.721
 864500.000   -0.242
 865000.000    3.665
 865500.000    1.490
 866000.000   -0.766
 866500.000    1.671
 867000.000    3.062
 867500.000    2.015
 868000.000    2.464
 868500.000    2.445
 869000.000    1.738
 869500.000    0.430
 870000.000    0.091
 870500.000    2.452
 871000.000    0.100
 871500.000   -0.249
 872000.000    1.580
 872500.000    0.088
 873000.000   -0.081
 873500.000   -2.950
 874000.000    3.412
 874500.000    0.015
 875000.000   -0.168
 875500.000    3.672
 876000.000    3.412
 876500.000    4.986
 877000.000    1.589
 877500.000    2.707
 878000.000    0.627
 878500.000    0.892
 879000.000    3.316
 879500.000    2.024
 880000.000    1.241
 880500.000    0.984
 881000.000    3.144
 881500.000    1.932
 882000.000    2.792
 882500.000    3.667
 883000.000    1.231
 883500.000    5.591
 884000.000    3.412
 884500.000   -0.687
 885000.000   -0.844
 885500.000   -0.576
 886000.000    3.486
 886500.000    0.547
 887000.000    2.539
 887500.000    1.064
 888000.000    3.932
 888500.000    1.137
 889000.000    0.363
 889500.000    4.191
 890000.000    1.933
 890500.000    1.325
 891000.000    2.542
 891500.000    1.921
 892000.000    1.667
 892500.000    0.001
 893000.000   -1.213
 893500.000    1.408
 894000.000    1.247
 894500.000    0.986
 895000.000    0.801
 895500.000    1.774
 896000.000   -1.108
 896500.000    0.798
 897000.000    2.120
 897500.000    1.591
 898000.000    1.405
 898500.000   -1.805
 899000.000    6.368
 899500.000    2.615
 900000.000    3.046
 900500.000    1.756
 901000.000    1.925
 901500.000   -0.253
 902000.000    0.461
 902500.000    3.158
 903000.000    2.973
 903500.000    2.276
 904000.000    2.535
 904500.000    2.098
 905000.000    3.413
 905500.000    3.247
 906000.000    1.765
 906500.000    0.977
 907000.000   -0.423
 907500.000    1.669
 908000.000    2.022
 908500.000    2.281
 909000.000    0.453
 909500.000    3.497
 910000.000    0.285
 910500.000    2.796
 911000.000    1.676
 911500.000    2.280
 912000.000    1.655
 912500.000    1.919
 913000.000    1.662
 913500.000    2.803
 914000.000    3.846
 914500.000    1.234
 915000.000    1.243
 915500.000    1.754
 916000.000    2.366
 916500.000    0.187
 917000.000    2.617
 917500.000    2.361
 918000.000    3.933
 918500.000   -0.687
 919000.000   -0.056
 919500.000    1.939
 920000.000    1.941
 920500.000    1.504
 921000.000    2.374
 921500.000    1.500
 922000.000   -0.856
 922500.000    2.097
 923000.000    2.890
 923500.000   -0.416
 924000.000    3.335
 924500.000    1.570
 925000.000    1.579
 925500.000    1.564
 926000.000    0.704
 926500.000    1.825
 927000.000    0.107
 927500.000    0.106
 928000.000    2.104
 928500.000    1.057
 929000.000   -2.512
 929500.000    1.414
 930000.000    1.325
 930500.000    3.502
 931000.000    2.271
 931500.000    1.681
 932000.000    3.665
 932500.000    0.265
 933000.000    2.375
 933500.000    4.874
 934000.000    2.624
 934500.000    4.366
 935000.000    0.977
 935500.000    2.272
 936000.000    3.751
 936500.000    3.410
 937000.000    3.674
 937500.000    2.803
 938000.000    1.311
 938500.000    2.611
 939000.000    3.321
 939500.000    2.707
 940000.000    2.705
 940500.000   -0.948
 941000.000    1.749
 941500.000    1.839
 942000.000    0.713
 942500.000    0.968
 943000.000    4.276
 943500.000    0.015
 944000.000   -1.025
 944500.000    0.638
 945000.000    2.279
 945500.000    2.441
 946000.000    0.519
 946500.000   -0.160
 947000.000    3.756
 947500.000    2.374
 948000.000    3.758
 948500.000    1.754
 949000.000    2.361
 949500.000    0.097
 950000.000    1.051
 950500.000    2.876
 951000.000    1.848
 951500.000    2.624
 952000.000    2.276
 952500.000    2.019
 953000.000    1.504
 953500.000    0.874
 954000.000    3.752
 954500.000    0.542
 955000.000    5.426
 955500.000    2.093
 956000.000   -0.164
 956500.000    0.807
 957000.000    2.796
 957500.000    0.626
 958000.000    1.666
 958500.000    5.926
 959000.000   -1.034
 959500.000    3.144
 960000.000    1.224
 960500.000    1.839
 961000.000    3.491
 961500.000    2.867
 962000.000    4.366
 962500.000    1.925
 963000.000    3.761
 963500.000    1.476
 964000.000    3.499
 964500.000    2.698
 965000.000    3.752
 965500.000    3.570
 966000.000    2.372
 966500.000    4.973
 967000.000    1.753
 967500.000    4.718
 968000.000    4.884
 968500.000    3.145
 969000.000    2.006
 969500.000    3.325
 970000.000    2.274
 970500.000    1.925
 971000.000    1.575
 971500.000    2.017
 972000.000    1.669
 972500.000    2.972
 973000.000    0.528
 973500.000    1.832
 974000.000    3.057
 974500.000    1.752
 975000.000    3.420
 975500.000    1.057
 976000.000    2.979
 976500.000    2.970
 977000.000   -1.126
 977500.000    7.683
 978000.000    2.464
 978500.000    2.714
 979000.000    2.531
 979500.000    0.352
 980000.000    1.332
 980500.000    3.584
 981000.000    2.100
 981500.000    2.535
 982000.000    2.354
 982500.000    3.135
 983000.000    4.189
 983500.000    0.968
 984000.000    3.059
 984500.000    0.542
 985000.000    1.754
 985500.000    2.102
 986000.000    2.099
 986500.000    1.925
 987000.000    2.622
 987500.000    1.403
 988000.000    1.240
 988500.000    1.220
 989000.000    2.807
 989500.000    2.620
 990000.000   -0.508
 990500.000    2.805
 991000.000    1.579
 991500.000    0.425
 992000.000    2.883
 992500.000    0.356
 993000.000    3.582
 993500.000    3.232
 994000.000    0.349
 994500.000    2.972
 995000.000    2.104
 995500.000    1.752
 996000.000    3.323
 996500.000    3.751
 997000.000    1.048
 997500.000    4.542
 998000.000    4.975
 998500.000    3.495
 999000.000    4.024
 999500.000    2.370
1000000.000    2.184
