 750000.000 1.078208 0.786158 0.799775 1.033142
 750500.000 1.057414 0.787067 0.771989 1.010351
 751000.000 1.059314 0.773105 0.784503 1.015459
 751500.000 1.059349 0.767075 0.793399 1.013190
 752000.000 1.074703 0.790194 0.788998 1.031043
 752500.000 1.040241 0.753796 0.777249 0.995931
 753000.000 1.051745 0.779097 0.767156 1.008372
 753500.000 1.045758 0.754258 0.794324 0.993663
 754000.000 1.010733 0.722589 0.760958 0.970552
 754500.000 1.005944 0.747048 0.730893 0.965174
 755000.000 0.988414 0.676494 0.773665 0.947483
 755500.000 1.014156 0.731399 0.759850 0.971961
 756000.000 1.043897 0.731677 0.799980 1.002059
 756500.000 1.040244 0.775438 0.745420 1.003624
 757000.000 1.054813 0.757355 0.792097 1.012055
 757500.000 1.008767 0.771207 0.712389 0.965900
 758000.000 1.040217 0.777170 0.753420 0.996227
 758500.000 1.062276 0.777478 0.778821 1.022657
 759000.000 1.075515 0.775100 0.803214 1.033215
 759500.000 1.047619 0.784823 0.762046 0.999174
 760000.000 1.049644 0.794307 0.739518 1.012766
 760500.000 1.045691 0.777881 0.754877 1.005981
 761000.000 1.061992 0.785733 0.767658 1.024196
 761500.000 1.060707 0.795781 0.755666 1.022694
 762000.000 1.065712 0.803932 0.755347 1.026952
 762500.000 1.049087 0.822206 0.717765 1.004966
 763000.000 1.058092 0.828261 0.724929 1.013695
 763500.000 1.044247 0.816721 0.718109 0.999095
 764000.000 1.056421 0.831900 0.722159 1.009199
 764500.000 1.058977 0.828078 0.738622 1.005777
 765000.000 1.055165 0.806071 0.751207 1.006321
 765500.000 1.070859 0.803065 0.772977 1.025218
 766000.000 1.033931 0.782763 0.740938 0.988090
 766500.000 1.080211 0.816694 0.771958 1.034797
 767000.000 1.051136 0.810050 0.737757 1.004644
 767500.000 1.067252 0.805667 0.769953 1.017903
 768000.000 1.017487 0.788544 0.710715 0.971412
 768500.000 0.996313 0.778845 0.690589 0.949614
 769000.000 1.005866 0.771193 0.716360 0.956883
 769500.000 1.010644 0.794688 0.700528 0.959446
 770000.000 1.017357 0.804706 0.696365 0.968273
 770500.000 1.034301 0.826011 0.703207 0.981206
 771000.000 1.017608 0.792101 0.716119 0.964781
 771500.000 1.049659 0.822713 0.723283 1.001786
 772000.000 1.030481 0.771596 0.749221 0.983406
 772500.000 1.020041 0.803501 0.701982 0.970864
 773000.000 1.026813 0.791730 0.715804 0.984620
 773500.000 1.011364 0.759503 0.737632 0.961648
 774000.000 1.047181 0.805420 0.738462 0.999574
 774500.000 1.070826 0.811001 0.763464 1.026029
 775000.000 1.084973 0.815060 0.780014 1.039994
 775500.000 1.076367 0.798302 0.785554 1.030897
 776000.000 1.047492 0.813953 0.722042 1.005294
 776500.000 1.075782 0.805310 0.780363 1.028164
 777000.000 1.066737 0.789379 0.780984 1.021176
 777500.000 1.060825 0.825342 0.730529 1.017761
 778000.000 1.044602 0.821935 0.710125 1.001265
 778500.000 1.055487 0.823593 0.725557 1.011617
 779000.000 1.037993 0.792441 0.735629 0.992848
 779500.000 1.076383 0.810227 0.777748 1.027542
 780000.000 1.053882 0.831687 0.714353 1.009618
 780500.000 1.102132 0.893965 0.715680 1.057364
 781000.000 1.057330 0.841795 0.710628 1.011079
 781500.000 1.074397 0.838966 0.743639 1.025569
 782000.000 1.042022 0.821247 0.711335 0.995577
 782500.000 1.064627 0.800506 0.764968 1.020232
 783000.000 1.074599 0.832829 0.743764 1.030891
 783500.000 1.071532 0.828027 0.746023 1.026733
 784000.000 1.050601 0.809411 0.734241 1.006614
 784500.000 1.069636 0.864920 0.695200 1.028032
 785000.000 1.029241 0.825753 0.688784 0.981011
 785500.000 1.045373 0.839336 0.691331 1.001593
 786000.000 1.064438 0.855134 0.696271 1.024699
 786500.000 1.037601 0.848505 0.670227 0.992002
 787000.000 1.018579 0.829806 0.660042 0.975077
 787500.000 1.032745 0.847022 0.678768 0.977216
 788000.000 1.038601 0.861319 0.649526 0.996810
 788500.000 1.085240 0.889724 0.688672 1.043845
 789000.000 1.031397 0.846177 0.667080 0.983133
 789500.000 1.088214 0.894764 0.691418 1.043914
 790000.000 1.090041 0.901524 0.682790 1.047584
 790500.000 1.040460 0.852695 0.662144 0.999797
 791000.000 1.076031 0.889783 0.675222 1.033465
 791500.000 1.049155 0.861708 0.670423 1.004711
 792000.000 1.074438 0.916704 0.629288 1.035607
 792500.000 1.065916 0.897528 0.645931 1.024485
 793000.000 1.029538 0.877506 0.617221 0.984336
 793500.000 1.021190 0.869238 0.611184 0.978027
 794000.000 1.011190 0.846436 0.625681 0.968030
 794500.000 0.972950 0.793672 0.633664 0.928341
 795000.000 1.013143 0.858879 0.614023 0.968617
 795500.000 0.988833 0.804424 0.641674 0.946962
 796000.000 1.022872 0.868747 0.627104 0.971882
 796500.000 1.020712 0.868948 0.621288 0.970895
 797000.000 1.066201 0.894113 0.643861 1.029358
 797500.000 1.034838 0.870999 0.641517 0.985697
 798000.000 1.020501 0.846275 0.641683 0.977193
 798500.000 1.085962 0.892953 0.678912 1.048972
 799000.000 1.046972 0.860625 0.661282 1.007141
 799500.000 1.049617 0.858895 0.668297 1.009491
 800000.000 1.060306 0.889518 0.662107 1.009391
 800500.000 1.054481 0.848534 0.689376 1.014205
 801000.000 1.055306 0.857847 0.673707 1.018605
 801500.000 1.075002 0.869854 0.690016 1.038503
 802000.000 1.078736 0.904093 0.656465 1.038755
 802500.000 1.067773 0.890835 0.652088 1.030278
 803000.000 1.069993 0.888062 0.667068 1.027684
 803500.000 1.062381 0.860893 0.683441 1.024246
 804000.000 1.082506 0.888072 0.680373 1.045017
 804500.000 1.077242 0.880880 0.689754 1.034018
 805000.000 1.061747 0.870315 0.679847 1.017338
 805500.000 1.074191 0.852231 0.719691 1.031272
 806000.000 1.066694 0.878270 0.679706 1.020939
 806500.000 1.078596 0.899286 0.676463 1.029766
 807000.000 1.092610 0.892350 0.701208 1.048624
 807500.000 1.075354 0.875909 0.690364 1.033901
 808000.000 1.094134 0.913461 0.674686 1.051020
 808500.000 1.058945 0.887368 0.661612 1.008750
 809000.000 1.080642 0.911662 0.665243 1.030483
 809500.000 1.082559 0.904916 0.670402 1.037091
 810000.000 1.048956 0.891160 0.657923 0.986706
 810500.000 1.038014 0.892012 0.617006 0.989225
 811000.000 1.014059 0.876023 0.611444 0.956739
 811500.000 1.038312 0.898769 0.616958 0.983748
 812000.000 1.040042 0.895134 0.618746 0.989578
 812500.000 1.039184 0.868735 0.650740 0.990779
 813000.000 1.043285 0.901370 0.623616 0.987685
 813500.000 1.063666 0.908430 0.624577 1.023440
 814000.000 1.021173 0.860684 0.628826 0.974367
 814500.000 1.020347 0.863230 0.626705 0.971746
 815000.000 1.048042 0.884389 0.634739 1.005857
 815500.000 1.034938 0.845169 0.662032 0.994784
 816000.000 1.027309 0.850339 0.643605 0.986622
 816500.000 1.024192 0.848210 0.640008 0.984312
 817000.000 1.027414 0.849419 0.643530 0.987682
 817500.000 1.004260 0.826068 0.636828 0.963920
 818000.000 1.018310 0.841070 0.639756 0.978378
 818500.000 1.033815 0.876789 0.617909 0.993467
 819000.000 1.008168 0.844205 0.621863 0.966130
 819500.000 1.020317 0.862620 0.614665 0.979882
 820000.000 1.026016 0.862242 0.621077 0.988039
 820500.000 1.039775 0.885557 0.611158 1.002268
 821000.000 1.034034 0.874097 0.620894 0.994432
 821500.000 0.993408 0.821707 0.629627 0.949781
 822000.000 0.974232 0.789341 0.641434 0.929385
 822500.000 0.990058 0.806791 0.645136 0.945156
 823000.000 1.004962 0.815978 0.653079 0.963101
 823500.000 0.971978 0.763981 0.668330 0.926904
 824000.000 1.023772 0.865942 0.622641 0.979122
 824500.000 1.048846 0.861410 0.663318 1.009028
 825000.000 1.053866 0.874996 0.663090 1.007950
 825500.000 1.046252 0.864644 0.657418 1.004730
 826000.000 1.057903 0.869307 0.664891 1.020070
 826500.000 1.041222 0.843079 0.685894 0.993507
 827000.000 1.060887 0.855255 0.699108 1.015257
 827500.000 1.025659 0.821084 0.677010 0.985611
 828000.000 1.043042 0.834795 0.692564 0.999671
 828500.000 1.038591 0.836115 0.678527 0.998928
 829000.000 1.044729 0.837526 0.687680 1.004271
 829500.000 1.051805 0.824670 0.712860 1.012096
 830000.000 1.056188 0.846739 0.695318 1.015200
 830500.000 1.028915 0.823368 0.683515 0.986004
 831000.000 1.061783 0.855925 0.687897 1.024186
 831500.000 1.051355 0.832802 0.695920 1.016282
 832000.000 1.046533 0.837667 0.683473 1.010762
 832500.000 1.049531 0.834046 0.692868 1.013573
 833000.000 1.016443 0.810514 0.689915 0.966126
 833500.000 1.017383 0.816380 0.672533 0.975377
 834000.000 1.043197 0.837904 0.681183 1.005199
 834500.000 1.056813 0.840224 0.700750 1.018174
 835000.000 1.048356 0.840652 0.687283 1.009478
 835500.000 1.010761 0.823555 0.667546 0.958861
 836000.000 1.056918 0.845261 0.689457 1.021926
 836500.000 1.055084 0.844058 0.692123 1.017317
 837000.000 1.013879 0.801824 0.686518 0.970400
 837500.000 1.011564 0.787694 0.698203 0.968800
 838000.000 1.032963 0.847552 0.668373 0.984356
 838500.000 1.025651 0.839340 0.664987 0.978376
 839000.000 1.020927 0.828258 0.683962 0.964765
 839500.000 0.999200 0.804145 0.669836 0.949459
 840000.000 0.994984 0.788288 0.674940 0.950286
 840500.000 1.018468 0.830685 0.656351 0.976587
 841000.000 1.015843 0.827024 0.655232 0.974975
 841500.000 1.030586 0.830633 0.672002 0.991301
 842000.000 1.018628 0.818721 0.673000 0.975693
 842500.000 1.032332 0.832196 0.670126 0.994888
 843000.000 1.038455 0.836032 0.675808 1.000556
 843500.000 1.049572 0.854667 0.669821 1.011973
 844000.000 1.026922 0.838329 0.655354 0.988359
 844500.000 0.980974 0.789756 0.656860 0.932437
 845000.000 1.009908 0.811141 0.670387 0.965640
 845500.000 1.002344 0.816787 0.661039 0.951458
 846000.000 1.023751 0.842650 0.650026 0.981601
 846500.000 0.991849 0.777611 0.683041 0.946733
 847000.000 0.994819 0.787351 0.676653 0.949500
 847500.000 0.992336 0.789352 0.672686 0.945453
 848000.000 1.001680 0.788462 0.682611 0.958696
 848500.000 1.033331 0.841117 0.666461 0.991915
 849000.000 1.022076 0.829291 0.670290 0.975842
 849500.000 1.021674 0.798900 0.699285 0.979999
 850000.000 1.015445 0.789149 0.703695 0.971758
 850500.000 0.997996 0.781814 0.687414 0.953007
 851000.000 0.991835 0.783603 0.671095 0.950300
 851500.000 1.015112 0.811517 0.675264 0.972812
 852000.000 1.008723 0.828316 0.650935 0.961884
 852500.000 1.025430 0.830949 0.666633 0.983940
 853000.000 1.019560 0.805736 0.689538 0.976899
 853500.000 1.007987 0.827292 0.650255 0.961681
 854000.000 1.010589 0.800617 0.681117 0.968334
 854500.000 1.037367 0.833300 0.679048 0.998381
 855000.000 1.018136 0.822060 0.663218 0.978550
 855500.000 1.059201 0.879973 0.655481 1.019708
 856000.000 1.030411 0.857391 0.646507 0.985090
 856500.000 1.037596 0.829017 0.683847 0.999148
 857000.000 1.067447 0.837357 0.722189 1.027697
 857500.000 1.060248 0.869028 0.678490 1.016214
 858000.000 1.021538 0.823300 0.676944 0.975195
 858500.000 1.023726 0.826301 0.676688 0.977421
 859000.000 1.012734 0.792700 0.698030 0.967285
 859500.000 1.007512 0.790586 0.697790 0.958240
 860000.000 1.027133 0.814630 0.692922 0.982976
 860500.000 0.993703 0.777555 0.692524 0.943774
 861000.000 1.017372 0.801221 0.690885 0.975097
 861500.000 1.023429 0.806085 0.695768 0.980280
 862000.000 0.996449 0.784284 0.697648 0.940218
 862500.000 0.968142 0.767478 0.668706 0.915645
 863000.000 1.038916 0.830735 0.704751 0.985850
 863500.000 0.992381 0.806566 0.660118 0.939860
 864000.000 0.966743 0.768772 0.662206 0.916329
 864500.000 0.974667 0.755258 0.683426 0.928690
 865000.000 1.008440 0.796539 0.697630 0.955374
 865500.000 0.986689 0.745771 0.708144 0.943115
 866000.000 1.001912 0.794231 0.679128 0.956888
 866500.000 0.965911 0.745499 0.674335 0.924916
 867000.000 0.988487 0.786851 0.669320 0.941854
 867500.000 1.000397 0.758392 0.715245 0.956480
 868000.000 0.998273 0.802387 0.656959 0.957954
 868500.000 0.993060 0.797801 0.666911 0.943971
 869000.000 0.945254 0.738186 0.652680 0.903382
 869500.000 0.939421 0.711542 0.680008 0.892367
 870000.000 0.939339 0.724368 0.662324 0.895171
 870500.000 0.938682 0.717228 0.677347 0.888275
 871000.000 0.942469 0.723382 0.676279 0.892111
 871500.000 0.952495 0.752952 0.656486 0.903649
 872000.000 0.953188 0.746969 0.661514 0.906405
 872500.000 0.962237 0.763599 0.658130 0.914101
 873000.000 0.940582 0.735599 0.660559 0.889913
 873500.000 0.931522 0.730654 0.654785 0.879129
 874000.000 0.930726 0.729725 0.650511 0.881384
 874500.000 0.942394 0.713721 0.686729 0.891751
 875000.000 0.916657 0.691203 0.676631 0.863093
 875500.000 0.929372 0.709139 0.669137 0.881388
 876000.000 0.945738 0.746440 0.663141 0.889895
 876500.000 0.958715 0.744847 0.680723 0.905587
 877000.000 0.950803 0.742531 0.680593 0.890783
 877500.000 0.943020 0.735433 0.676443 0.883253
 878000.000 0.953858 0.740443 0.672783 0.904875
 878500.000 0.973440 0.762240 0.694826 0.911799
 879000.000 0.929367 0.719407 0.674770 0.868668
 879500.000 0.922623 0.702477 0.665948 0.874931
 880000.000 0.969046 0.773041 0.656563 0.921646
 880500.000 0.948740 0.739129 0.666306 0.899966
 881000.000 0.956979 0.751457 0.658293 0.913006
 881500.000 0.947181 0.744193 0.649703 0.904637
 882000.000 0.960095 0.746792 0.667890 0.916400
 882500.000 0.946661 0.726440 0.675343 0.899184
 883000.000 0.960008 0.734301 0.687633 0.911698
 883500.000 0.951006 0.738452 0.673222 0.900158
 884000.000 0.955357 0.742089 0.667800 0.910362
 884500.000 0.953652 0.724308 0.684893 0.908407
 885000.000 0.965429 0.742273 0.684659 0.918901
 885500.000 0.949228 0.724697 0.679386 0.902948
 886000.000 0.946293 0.730312 0.668212 0.900599
 886500.000 0.945945 0.740863 0.655071 0.900903
 887000.000 0.946025 0.732087 0.666249 0.900050
 887500.000 0.949806 0.738319 0.663173 0.905178
 888000.000 0.944310 0.727339 0.668643 0.898520
 888500.000 0.958458 0.747817 0.667014 0.912769
 889000.000 0.962979 0.735362 0.690558 0.914894
 889500.000 0.944704 0.720805 0.675866 0.899209
 890000.000 0.955935 0.735878 0.673005 0.912782
 890500.000 0.939190 0.718966 0.664174 0.897840
 891000.000 0.959617 0.738300 0.677146 0.915487
 891500.000 0.954284 0.737749 0.668783 0.910917
 892000.000 0.946527 0.711688 0.689245 0.900149
 892500.000 0.939840 0.728389 0.663590 0.892018
 893000.000 0.955951 0.709824 0.708524 0.906547
 893500.000 0.939423 0.705151 0.685545 0.893209
 894000.000 0.951533 0.717516 0.695593 0.901193
 894500.000 0.944765 0.717475 0.683353 0.896336
 895000.000 0.952222 0.715829 0.692876 0.906072
 895500.000 0.962004 0.738128 0.684656 0.915051
 896000.000 0.938540 0.714997 0.671492 0.894200
 896500.000 0.931630 0.708242 0.670668 0.885701
 897000.000 0.933955 0.707866 0.677130 0.885983
 897500.000 0.939110 0.711342 0.677662 0.893656
 898000.000 0.963158 0.728138 0.697291 0.915942
 898500.000 0.939163 0.694976 0.697819 0.891129
 899000.000 0.961597 0.719017 0.701705 0.916495
 899500.000 0.990456 0.758965 0.702452 0.944743
 900000.000 0.965983 0.736070 0.692165 0.919431
 900500.000 0.994460 0.769641 0.695045 0.949982
 901000.000 0.946313 0.701713 0.698375 0.900493
 901500.000 0.965391 0.724423 0.707718 0.915589
 902000.000 0.959070 0.728116 0.696263 0.908127
 902500.000 0.949685 0.700594 0.709486 0.899778
 903000.000 0.951670 0.695674 0.716781 0.902005
 903500.000 0.958105 0.706335 0.709837 0.912772
 904000.000 0.946631 0.705731 0.700138 0.896645
 904500.000 0.966581 0.724313 0.706672 0.918989
 905000.000 0.946447 0.711576 0.687313 0.901545
 905500.000 0.970895 0.739390 0.703226 0.918722
 906000.000 0.971160 0.736446 0.694736 0.928060
 906500.000 0.949349 0.716607 0.694360 0.898257
 907000.000 0.928557 0.691139 0.686006 0.881000
 907500.000 0.934448 0.717857 0.662571 0.889982
 908000.000 0.938609 0.712250 0.674315 0.894413
 908500.000 0.933369 0.706624 0.674307 0.887890
 909000.000 0.942753 0.717429 0.679582 0.895005
 909500.000 0.958644 0.737364 0.676992 0.914316
 910000.000 0.953325 0.726126 0.687394 0.904372
 910500.000 0.951551 0.730158 0.675508 0.906341
 911000.000 0.958195 0.728083 0.690963 0.910351
 911500.000 0.962113 0.721948 0.697943 0.918143
 912000.000 0.955899 0.709853 0.705390 0.908856
 912500.000 0.959706 0.714325 0.707956 0.911378
 913000.000 0.965397 0.743388 0.679840 0.921508
 913500.000 0.966761 0.733963 0.695479 0.920250
 914000.000 0.948338 0.714188 0.686098 0.904377
 914500.000 0.949761 0.724988 0.680071 0.903321
 915000.000 0.951454 0.699289 0.709914 0.904182
 915500.000 0.963442 0.744147 0.679251 0.917228
 916000.000 0.956889 0.712543 0.700479 0.912626
 916500.000 0.966955 0.725505 0.703628 0.921171
 917000.000 0.972370 0.754101 0.685662 0.923149
 917500.000 0.944743 0.716568 0.690688 0.891380
 918000.000 0.965912 0.729208 0.697899 0.920415
 918500.000 0.951156 0.712800 0.700108 0.900645
 919000.000 0.963315 0.706344 0.719034 0.916526
 919500.000 0.948746 0.700247 0.701916 0.903995
 920000.000 0.966941 0.722734 0.701930 0.924608
 920500.000 0.996175 0.755075 0.711358 0.953184
 921000.000 0.946859 0.704320 0.696937 0.900719
 921500.000 0.963461 0.708852 0.713312 0.919363
 922000.000 0.956457 0.713189 0.701009 0.910806
 922500.000 0.954327 0.686379 0.724423 0.908612
 923000.000 0.958024 0.700215 0.712341 0.915364
 923500.000 0.979926 0.721892 0.723954 0.935560
 924000.000 0.972633 0.721561 0.714102 0.928138
 924500.000 0.935887 0.684562 0.702810 0.888370
 925000.000 0.966940 0.706955 0.722167 0.921214
 925500.000 0.935800 0.677046 0.707782 0.889999
 926000.000 0.951791 0.684663 0.724925 0.904175
 926500.000 0.957301 0.688270 0.725571 0.912515
 927000.000 0.976810 0.718983 0.725059 0.930414
 927500.000 0.953347 0.684273 0.726671 0.906344
 928000.000 0.977546 0.721127 0.721483 0.933076
 928500.000 0.964787 0.717138 0.714283 0.914954
 929000.000 0.975542 0.693057 0.742770 0.933449
 929500.000 0.984241 0.714199 0.740175 0.937829
 930000.000 0.966615 0.707619 0.719009 0.922492
 930500.000 0.953292 0.693599 0.718406 0.905729
 931000.000 0.953012 0.692875 0.717636 0.906304
 931500.000 0.963262 0.700499 0.724968 0.916225
 932000.000 0.963534 0.689038 0.732308 0.919645
 932500.000 0.975794 0.721660 0.719587 0.930456
 933000.000 0.976967 0.710481 0.735049 0.929435
 933500.000 0.948090 0.678316 0.728033 0.898668
 934000.000 0.949080 0.683658 0.721055 0.902328
 934500.000 0.958028 0.707178 0.707865 0.913488
 935000.000 0.974725 0.700059 0.742307 0.926863
 935500.000 0.987206 0.708810 0.749079 0.941074
 936000.000 0.978219 0.734689 0.718403 0.926259
 936500.000 0.981821 0.723293 0.724258 0.938214
 937000.000 0.970101 0.703335 0.726890 0.926898
 937500.000 0.952872 0.693841 0.713875 0.908238
 938000.000 0.966359 0.672518 0.751736 0.922124
 938500.000 0.954416 0.684760 0.722511 0.911537
 939000.000 0.965918 0.685981 0.737123 0.923080
 939500.000 0.965701 0.724122 0.715146 0.910697
 940000.000 0.949787 0.697770 0.710240 0.901592
 940500.000 0.957478 0.692271 0.726318 0.909258
 941000.000 0.960930 0.706808 0.714550 0.914667
 941500.000 0.984046 0.747678 0.717134 0.929188
 942000.000 0.969303 0.699113 0.737601 0.919936
 942500.000 0.982518 0.713006 0.735327 0.938935
 943000.000 0.976937 0.723126 0.719229 0.931993
 943500.000 0.966897 0.710525 0.728392 0.913444
 944000.000 0.972139 0.721868 0.720827 0.921642
 944500.000 0.942543 0.705311 0.688051 0.897719
 945000.000 0.948321 0.718175 0.682673 0.903774
 945500.000 0.957744 0.722738 0.692677 0.912359
 946000.000 0.941717 0.687731 0.712852 0.890242
 946500.000 0.984257 0.751041 0.711570 0.931199
 947000.000 0.979133 0.740514 0.712970 0.927748
 947500.000 0.971969 0.711586 0.743930 0.910857
 948000.000 1.012130 0.758009 0.744892 0.958840
 948500.000 1.025999 0.745254 0.787714 0.964080
 949000.000 1.003661 0.765590 0.727376 0.948402
 949500.000 1.006355 0.744289 0.770325 0.937089
 950000.000 0.995442 0.736763 0.741712 0.942789
 950500.000 1.009164 0.744847 0.759336 0.951544
 951000.000 1.024945 0.747509 0.767147 0.976597
 951500.000 0.985630 0.758910 0.713020 0.926601
 952000.000 0.985967 0.727119 0.737896 0.933311
 952500.000 1.005065 0.775231 0.706983 0.958907
 953000.000 0.980168 0.746773 0.715697 0.922803
 953500.000 1.012634 0.747900 0.746424 0.966617
 954000.000 0.994646 0.749850 0.724271 0.944350
 954500.000 0.976667 0.738844 0.722753 0.916239
 955000.000 0.980345 0.739205 0.725760 0.921413
 955500.000 0.943251 0.693339 0.721194 0.882387
 956000.000 0.956234 0.723270 0.710694 0.894740
 956500.000 0.962333 0.730690 0.713521 0.899528
 957000.000 0.953606 0.730030 0.698338 0.893369
 957500.000 0.982406 0.750709 0.714072 0.925622
 958000.000 0.964621 0.711371 0.729265 0.907255
 958500.000 0.999339 0.742248 0.735587 0.951491
 959000.000 1.027738 0.792033 0.725442 0.979239
 959500.000 1.043567 0.802473 0.736939 0.995501
 960000.000 1.053402 0.814695 0.737649 1.005713
 960500.000 1.056012 0.812965 0.739830 1.010971
 961000.000 1.058298 0.832160 0.737128 1.002069
 961500.000 1.073622 0.827781 0.753523 1.025820
 962000.000 1.062418 0.803098 0.760396 1.017003
 962500.000 1.033180 0.797346 0.722619 0.988425
 963000.000 1.057822 0.806031 0.746392 1.015475
 963500.000 1.069887 0.819135 0.753889 1.024688
 964000.000 1.018029 0.740031 0.768440 0.966759
 964500.000 1.077711 0.817566 0.763469 1.035192
 965000.000 1.033619 0.759723 0.765478 0.986712
 965500.000 1.022082 0.742082 0.772173 0.970757
 966000.000 1.042912 0.786379 0.746978 0.999481
 966500.000 1.042458 0.765718 0.766422 0.999856
 967000.000 1.046504 0.773902 0.777122 0.993729
 967500.000 1.022424 0.776927 0.732814 0.974714
 968000.000 1.019906 0.782504 0.718950 0.975302
 968500.000 1.015172 0.752646 0.757250 0.959815
 969000.000 1.053459 0.784668 0.759906 1.013108
 969500.000 1.025333 0.763309 0.751781 0.977138
 970000.000 1.041873 0.780948 0.753731 0.996498
 970500.000 1.039764 0.797060 0.725415 1.000344
 971000.000 1.048681 0.778951 0.762288 1.005793
 971500.000 1.070003 0.792291 0.780799 1.025885
 972000.000 1.080263 0.803704 0.779396 1.039490
 972500.000 1.063548 0.803046 0.754220 1.023982
 973000.000 1.067502 0.808702 0.762528 1.021604
 973500.000 1.055257 0.800065 0.738922 1.020306
 974000.000 1.044701 0.778943 0.748746 1.007683
 974500.000 1.027365 0.772767 0.730238 0.990223
 975000.000 1.046849 0.799051 0.732239 1.008528
 975500.000 1.031385 0.768635 0.744929 0.990855
 976000.000 1.034355 0.783049 0.744976 0.985712
 976500.000 1.021250 0.762585 0.739385 0.978608
 977000.000 1.048051 0.761374 0.779453 1.004781
 977500.000 1.050751 0.792372 0.748065 1.010296
 978000.000 1.046776 0.766230 0.769188 1.006341
 978500.000 1.044183 0.776264 0.755764 1.003431
 979000.000 1.042815 0.768856 0.761984 1.001582
 979500.000 1.047341 0.793882 0.741344 1.006979
 980000.000 1.046998 0.781914 0.758454 1.002879
 980500.000 1.013510 0.770345 0.716796 0.973232
 981000.000 1.021849 0.744980 0.751635 0.984074
 981500.000 0.997839 0.760486 0.713797 0.950536
 982000.000 1.032474 0.787292 0.725020 0.993238
 982500.000 1.044514 0.771745 0.761881 1.002980
 983000.000 1.054399 0.786153 0.763561 1.011163
 983500.000 1.035593 0.743528 0.775562 0.995277
 984000.000 1.013187 0.734442 0.764170 0.964227
 984500.000 1.014652 0.735502 0.760957 0.969029
 985000.000 1.010576 0.765020 0.723920 0.966029
 985500.000 0.984538 0.754339 0.706388 0.933069
 986000.000 0.981993 0.767336 0.680161 0.936587
 986500.000 0.991372 0.769226 0.699394 0.940626
 987000.000 0.958694 0.748412 0.676763 0.905571
 987500.000 0.993830 0.777276 0.687942 0.947615
 988000.000 0.993729 0.776589 0.693020 0.944260
 988500.000 0.965283 0.736127 0.691143 0.918683
 989000.000 1.002807 0.773928 0.708047 0.954436
 989500.000 0.987504 0.760399 0.698448 0.940367
 990000.000 1.018143 0.783171 0.713825 0.974847
 990500.000 1.000108 0.776815 0.697474 0.954211
 991000.000 0.990414 0.741895 0.722061 0.943430
 991500.000 0.994850 0.779100 0.694062 0.943786
 992000.000 1.007521 0.763222 0.728671 0.957460
 992500.000 1.019102 0.782062 0.724114 0.970142
 993000.000 0.984394 0.758279 0.705192 0.930473
 993500.000 1.010480 0.777004 0.723144 0.956800
 994000.000 1.004219 0.761580 0.728296 0.952099
 994500.000 1.016222 0.771095 0.729219 0.969054
 995000.000 0.993406 0.750275 0.716551 0.947286
 995500.000 1.006625 0.777000 0.708656 0.959513
 996000.000 1.018983 0.774440 0.730960 0.970873
 996500.000 1.021276 0.759868 0.741219 0.979390
 997000.000 1.036295 0.783879 0.745181 0.988966
 997500.000 1.014988 0.778172 0.720324 0.967463
 998000.000 1.024756 0.754253 0.760088 0.976534
 998500.000 1.010423 0.754625 0.738381 0.962935
 999000.000 1.000517 0.770796 0.707334 0.952693
 999500.000 0.999352 0.762365 0.714924 0.951364
1000000.000 1.009003 0.787583 0.697945 0.963723
