BFII_nolipid
""
WAVELENGTH	FLUORESCENCE
300.0	75.38888549804688
300.5	81.38556671142578
301.0	88.109619140625
301.5	94.41734313964844
302.0	103.61671447753906
302.5	113.98287963867188
303.0	124.21833038330078
303.5	135.8094024658203
304.0	147.1050262451172
304.5	160.16062927246094
305.0	175.16287231445312
305.5	186.85568237304688
306.0	203.15765380859375
306.5	216.1595001220703
307.0	234.03651428222656
307.5	248.159912109375
308.0	267.9913024902344
308.5	287.12567138671875
309.0	304.9925231933594
309.5	325.1738586425781
310.0	344.7482604980469
310.5	364.5850524902344
311.0	387.1985168457031
311.5	408.86895751953125
312.0	433.3889465332031
312.5	456.49017333984375
313.0	482.4608459472656
313.5	506.7093505859375
314.0	534.0587158203125
314.5	564.9448852539062
315.0	588.31494140625
315.5	619.9298706054688
316.0	644.3569946289062
316.5	677.2136840820312
317.0	708.54541015625
317.5	737.58251953125
318.0	766.747802734375
318.5	799.5453491210938
319.0	830.119140625
319.5	863.704833984375
320.0	894.5245971679688
320.5	928.7906494140625
321.0	966.5841674804688
321.5	995.2960815429688
322.0	1033.9727783203125
322.5	1063.9180908203125
323.0	1103.5758056640625
323.5	1140.737060546875
324.0	1175.2391357421875
324.5	1208.7252197265625
325.0	1245.9825439453125
325.5	1280.88525390625
326.0	1318.5604248046875
326.5	1353.1578369140625
327.0	1391.115966796875
327.5	1433.047119140625
328.0	1463.9327392578125
328.5	1505.88720703125
329.0	1537.0537109375
329.5	1577.529541015625
330.0	1611.21337890625
330.5	1647.628662109375
331.0	1681.234130859375
331.5	1718.05126953125
332.0	1750.8236083984375
332.5	1787.1307373046875
333.0	1825.685791015625
333.5	1854.7952880859375
334.0	1892.564453125
334.5	1923.5147705078125
335.0	1956.1280517578125
335.5	1985.4798583984375
336.0	2017.1251220703125
336.5	2045.2493896484375
337.0	2075.6640625
337.5	2107.51171875
338.0	2131.36279296875
338.5	2163.47119140625
339.0	2189.39208984375
339.5	2216.573486328125
340.0	2241.246337890625
340.5	2266.265625
341.0	2288.313232421875
341.5	2311.807861328125
342.0	2336.19677734375
342.5	2354.797607421875
343.0	2378.319580078125
343.5	2397.381591796875
344.0	2417.23388671875
344.5	2433.9921875
345.0	2451.75
345.5	2466.415283203125
346.0	2482.314453125
346.5	2498.6328125
347.0	2511.34765625
347.5	2525.1884765625
348.0	2536.423583984375
348.5	2548.64208984375
349.0	2557.95166015625
349.5	2567.504638671875
350.0	2577.858642578125
350.5	2585.265625
351.0	2592.055908203125
351.5	2597.6953125
352.0	2602.7099609375
352.5	2606.84814453125
353.0	2611.22021484375
353.5	2614.447265625
354.0	2617.472900390625
354.5	2619.68798828125
355.0	2620.802734375
355.5	2621.97900390625
356.0	2621.82373046875
356.5	2621.435302734375
357.0	2619.379150390625
357.5	2617.781982421875
358.0	2614.26416015625
358.5	2611.443603515625
359.0	2608.318359375
359.5	2603.79638671875
360.0	2599.120361328125
360.5	2592.683837890625
361.0	2586.821533203125
361.5	2578.01513671875
362.0	2569.64794921875
362.5	2561.634033203125
363.0	2552.595458984375
363.5	2544.7353515625
364.0	2534.91259765625
364.5	2524.822265625
365.0	2512.30615234375
365.5	2499.60595703125
366.0	2488.2373046875
366.5	2474.863525390625
367.0	2462.79248046875
367.5	2447.568115234375
368.0	2432.1513671875
368.5	2417.59375
369.0	2401.79345703125
369.5	2387.358642578125
370.0	2371.43701171875
370.5	2356.221435546875
371.0	2337.338134765625
371.5	2318.82275390625
372.0	2301.46826171875
372.5	2281.9873046875
373.0	2263.618408203125
373.5	2242.0234375
374.0	2221.319091796875
374.5	2201.5419921875
375.0	2180.49658203125
375.5	2160.627197265625
376.0	2136.66650390625
376.5	2114.012451171875
377.0	2093.06787109375
377.5	2069.829345703125
378.0	2049.128662109375
378.5	2023.4853515625
379.0	1999.7879638671875
379.5	1979.08447265625
380.0	1956.033935546875
380.5	1934.2777099609375
381.0	1908.6910400390625
381.5	1883.814208984375
382.0	1861.2652587890625
382.5	1837.281005859375
383.0	1815.7109375
383.5	1789.8829345703125
384.0	1765.337890625
384.5	1743.2000732421875
385.0	1718.5438232421875
385.5	1695.9686279296875
386.0	1669.5499267578125
386.5	1644.7852783203125
387.0	1622.504150390625
387.5	1597.7650146484375
388.0	1575.8428955078125
388.5	1549.73779296875
389.0	1525.6536865234375
389.5	1504.2625732421875
390.0	1479.0428466796875
390.5	1459.7950439453125
391.0	1434.6375732421875
391.5	1411.2034912109375
392.0	1389.8465576171875
392.5	1364.9991455078125
393.0	1346.27978515625
393.5	1321.449951171875
394.0	1298.9808349609375
394.5	1279.105224609375
395.0	1255.4403076171875
395.5	1233.5794677734375
396.0	1214.514404296875
396.5	1191.2110595703125
397.0	1173.8321533203125
397.5	1150.7159423828125
398.0	1130.419677734375
398.5	1111.500732421875
399.0	1089.217041015625
399.5	1069.62646484375
400.0	1051.806396484375
400.5	1033.945556640625
401.0	1014.4988403320312
401.5	994.2018432617188
402.0	975.6558227539062
402.5	959.0763549804688
403.0	940.0525512695312
403.5	922.2586669921875
404.0	906.3915405273438
404.5	890.8330078125
405.0	873.2373046875
405.5	855.0309448242188
406.0	839.37353515625
406.5	822.702880859375
407.0	804.7785034179688
407.5	788.9226684570312
408.0	774.7733764648438
408.5	757.8264770507812
409.0	745.6199951171875
409.5	729.5657348632812
410.0	716.10302734375
410.5	701.9739990234375
411.0	686.4888305664062
411.5	674.1094970703125
412.0	660.6650390625
412.5	645.34033203125
413.0	632.1970825195312
413.5	620.6458740234375
414.0	606.7015380859375
414.5	596.3793334960938
415.0	582.3883056640625
415.5	571.2526245117188
416.0	559.4034423828125
416.5	546.6969604492188
417.0	535.9993286132812
417.5	524.606201171875
418.0	512.772705078125
418.5	502.9784851074219
419.0	491.6677551269531
419.5	480.2353515625
420.0	469.87322998046875
420.5	460.35687255859375
421.0	449.0161437988281
421.5	441.1610107421875
422.0	431.0457458496094
422.5	420.9635314941406
423.0	413.1362609863281
423.5	403.42041015625
424.0	395.68475341796875
424.5	387.0952453613281
425.0	377.8798828125
425.5	370.2727355957031
426.0	362.2449645996094
426.5	353.5707702636719
427.0	346.4297180175781
427.5	338.7728271484375
428.0	330.3631286621094
428.5	323.6261291503906
429.0	316.35284423828125
429.5	308.3532409667969
430.0	302.25848388671875
430.5	295.6301574707031
431.0	288.2113342285156
431.5	282.30169677734375
432.0	275.7882995605469
432.5	269.3760681152344
433.0	263.95513916015625
433.5	258.36468505859375
434.0	252.04136657714844
434.5	246.9611358642578
435.0	241.55824279785156
435.5	235.3948516845703
436.0	230.51132202148438
436.5	225.5060272216797
437.0	220.00010681152344
437.5	215.3836669921875
438.0	210.3671875
438.5	205.2479705810547
439.0	201.0076141357422
439.5	196.4727783203125
440.0	191.7064971923828
440.5	187.89535522460938
441.0	183.47926330566406
441.5	178.61770629882812
442.0	174.74742126464844
442.5	170.861083984375
443.0	166.74708557128906
443.5	163.0951690673828
444.0	159.01681518554688
444.5	155.3744354248047
445.0	151.4891815185547
445.5	148.37081909179688
446.0	145.20169067382812
446.5	141.52255249023438
447.0	138.53363037109375
447.5	135.4480438232422
448.0	131.88539123535156
448.5	129.1209716796875
449.0	126.10912322998047
449.5	122.9910659790039
450.0	120.16606903076172
