26.603 25.634 -70.1675
29.47 29.545 -73.823
35.18 35.632 -90.997
31.045 25.246 -82.935
36.572 32.901 -97.348
37.473 36.187 -100.1275
32.87 32.513 -83.756
38.533 35.763 -95.2585
37.297 36.997 -96.969
41.127 43.797 -108.6825
29.722 30.439 -83.896
40.372 37.422 -95.531
33.222 35.974 -86.912
31.571 30.325 -82.1005
35.81 32.295 -94.485
35.102 35.416 -91.986
35.907 35.275 -94.7625
38.697 40.524 -100.614
34.27 33.897 -94.4665
42.667 42.449 -104.7585
39.246 44.879 -110.978
38.044 38.184 -93.37
37.95 38.203 -102.142
36.852 39.221 -102.231
38.088 35.852 -103.501
33.808 32.345 -92.332
34.051 33.553 -90.079
27.944 24.087 -66.757
25.414 22.077 -62.1175
24.965 19.465 -58.902
23.814 23.399 -56.891
26.518 27.651 -70.807
21.747 21.068 -56.0705
23.449 25.422 -69.606
25.266 27.506 -64.234
26.283 27.155 -63.608
32.892 33.087 -78.581
28.303 29.279 -77.415
43.39 42.731 -101.305
42.42 39.054 -99.9665
42.035 41.45 -104.0415
42.215 39.298 -100.797
41.459 37.886 -103.889
45.437 44.967 -105.679
40.569 37.698 -95.134
44.814 44.011 -102.193
43.227 42.101 -98.5485
44.525 41.23 -95.131
44.714 42.56 -101.024
38.975 36.562 -92.6925
43.661 43.814 -102.9755
41.381 43.862 -99.115
40.279 38.499 -90.0565
37.246 35.504 -90.781
39.549 40.259 -92.841
32.525 30.242 -81.709
28.674 25.99 -66.908
28.068 24.64 -66.3565
37.215 31.595 -84.263
26.746 29.332 -72.5725
33.755 35.568 -83.851
41.028 34.274 -88.627
36.098 33.597 -85.9985
38.428 40.45 -98.3875
41.595 44.254 -111.057
39.727 37.125 -94.9475
40.656 37.771 -92.807
40.47 36.76 -103.7835
40.179 36.534 -91.5635
41.67 36.037 -98.393
41.606 37.98 -96.4245
41.009 38.005 -100.42
42.61 40.85 -103.7495
35.466 31.275 -81.112
37.025 38.472 -92.433
39.978 35.144 -87.3515
37.942 35.877 -89.83
34.742 36.617 -85.319
33.57 28.299 -85.246
40.05 36.187 -94.531
38.797 40.099 -98.514
32.412 32.861 -74.188
33.156 37.498 -89.0215
31.059 31.165 -84.1285
29.989 24.879 -69.288
19.834 21.152 -51.6145
28.175 23.052 -64.445
24.431 24.654 -61.436
29.316 25.799 -68.386
21.264 17.841 -54.066
22.842 20.876 -55.555
24.341 20.835 -54.779
25.006 23.452 -57.7805
23.955 19.669 -51.781
29.953 28.44 -61.4495
28.652 29.822 -74.4835
28.19 29.078 -70.286
25.657 25.102 -69.675
36.448 39.666 -88.531
25.96 25.315 -67.13
31.91 34.058 -80.316
