BFII_nolipid
""
WAVELENGTH	FLUORESCENCE
300.0	71.59664916992188
300.5	77.34221649169922
301.0	83.8808822631836
301.5	89.97261810302734
302.0	98.61698150634766
302.5	108.54707336425781
303.0	118.2634048461914
303.5	129.2172393798828
304.0	140.1707305908203
304.5	152.44866943359375
305.0	166.67222595214844
305.5	177.76925659179688
306.0	193.22964477539062
306.5	205.2875518798828
307.0	222.01278686523438
307.5	235.56459045410156
308.0	254.08499145507812
308.5	271.93011474609375
309.0	288.69866943359375
309.5	307.91339111328125
310.0	325.9979248046875
310.5	344.87811279296875
311.0	366.0888366699219
311.5	386.30859375
312.0	409.0641784667969
312.5	430.5886535644531
313.0	455.1977844238281
313.5	478.32672119140625
314.0	504.2707824707031
314.5	532.5960693359375
315.0	555.107666015625
315.5	585.275634765625
316.0	608.4224853515625
316.5	639.7985229492188
317.0	669.1695556640625
317.5	696.3678588867188
318.0	723.5694580078125
318.5	753.7177124023438
319.0	782.397216796875
319.5	814.0648193359375
320.0	843.1032104492188
320.5	875.5804443359375
321.0	911.6343383789062
321.5	938.9524536132812
322.0	975.9546508789062
322.5	1004.010986328125
323.0	1042.0634765625
323.5	1076.8402099609375
324.0	1108.177490234375
324.5	1140.9344482421875
325.0	1176.1422119140625
325.5	1208.084228515625
326.0	1243.6451416015625
326.5	1276.2698974609375
327.0	1312.13671875
327.5	1351.7601318359375
328.0	1381.074462890625
328.5	1419.97021484375
329.0	1449.3677978515625
329.5	1488.48486328125
330.0	1521.057373046875
330.5	1556.62890625
331.0	1588.367919921875
331.5	1622.3555908203125
332.0	1652.513916015625
332.5	1686.6051025390625
333.0	1722.2525634765625
333.5	1748.400146484375
334.0	1782.9200439453125
334.5	1811.68017578125
335.0	1842.9486083984375
335.5	1870.2447509765625
336.0	1900.4755859375
336.5	1927.0880126953125
337.0	1955.1805419921875
337.5	1985.4354248046875
338.0	2008.28759765625
338.5	2037.1400146484375
339.0	2060.833740234375
339.5	2086.12109375
340.0	2107.52734375
340.5	2130.768798828125
341.0	2151.92431640625
341.5	2173.700927734375
342.0	2197.069091796875
342.5	2213.93896484375
343.0	2235.30126953125
343.5	2253.272216796875
344.0	2271.97265625
344.5	2287.33154296875
345.0	2303.183349609375
345.5	2316.3125
346.0	2330.92138671875
346.5	2346.636962890625
347.0	2358.021728515625
347.5	2370.271484375
348.0	2380.197509765625
348.5	2390.232666015625
349.0	2398.064208984375
349.5	2407.095703125
350.0	2416.302001953125
350.5	2423.05712890625
351.0	2430.000732421875
351.5	2436.281982421875
352.0	2441.58056640625
352.5	2445.484130859375
353.0	2449.1796875
353.5	2452.48095703125
354.0	2455.382080078125
354.5	2457.2255859375
355.0	2458.37353515625
355.5	2458.860595703125
356.0	2459.0087890625
356.5	2458.23974609375
357.0	2455.9990234375
357.5	2453.881591796875
358.0	2451.5732421875
358.5	2448.04443359375
359.0	2443.899658203125
359.5	2439.67919921875
360.0	2435.031982421875
360.5	2428.5625
361.0	2423.3017578125
361.5	2414.965576171875
362.0	2407.2431640625
362.5	2400.38134765625
363.0	2392.671630859375
363.5	2385.0048828125
364.0	2375.083740234375
364.5	2365.419189453125
365.0	2354.1767578125
365.5	2342.783447265625
366.0	2332.31884765625
366.5	2320.41357421875
367.0	2309.544189453125
367.5	2294.458984375
368.0	2280.510498046875
368.5	2267.498291015625
369.0	2252.609619140625
369.5	2237.571533203125
370.0	2221.4990234375
370.5	2207.168212890625
371.0	2187.975341796875
371.5	2170.294921875
372.0	2153.93212890625
372.5	2136.08935546875
373.0	2119.141845703125
373.5	2097.135498046875
374.0	2077.830078125
374.5	2060.0791015625
375.0	2040.1099853515625
375.5	2021.7301025390625
376.0	1999.4921875
376.5	1979.3201904296875
377.0	1960.1539306640625
377.5	1939.0096435546875
378.0	1919.2440185546875
378.5	1896.2415771484375
379.0	1873.7967529296875
379.5	1853.602783203125
380.0	1831.2816162109375
380.5	1811.6397705078125
381.0	1786.348388671875
381.5	1764.032958984375
382.0	1743.6552734375
382.5	1720.7613525390625
383.0	1699.638916015625
383.5	1674.537109375
384.0	1651.871826171875
384.5	1631.116455078125
385.0	1607.9127197265625
385.5	1587.2359619140625
386.0	1562.215087890625
386.5	1539.144775390625
387.0	1519.01123046875
387.5	1496.623046875
388.0	1475.6339111328125
388.5	1450.8077392578125
389.0	1429.0079345703125
389.5	1409.063232421875
390.0	1384.9029541015625
390.5	1367.0343017578125
391.0	1342.57177734375
391.5	1322.08984375
392.0	1302.310302734375
392.5	1278.7008056640625
393.0	1261.2950439453125
393.5	1238.2354736328125
394.0	1216.6849365234375
394.5	1197.247314453125
395.0	1175.0806884765625
395.5	1154.558349609375
396.0	1136.3702392578125
396.5	1114.6751708984375
397.0	1098.76416015625
397.5	1077.4488525390625
398.0	1057.8731689453125
398.5	1040.516845703125
399.0	1020.2628173828125
399.5	1001.61962890625
400.0	984.3005981445312
400.5	968.0552978515625
401.0	949.7120971679688
401.5	930.5197143554688
402.0	913.241943359375
402.5	897.5413818359375
403.0	879.2661743164062
403.5	862.6425170898438
404.0	847.511962890625
404.5	832.5003662109375
405.0	816.59716796875
405.5	799.4674072265625
406.0	785.8137817382812
406.5	770.4765014648438
407.0	753.954833984375
407.5	738.8836669921875
408.0	725.4959106445312
408.5	710.0259399414062
409.0	698.240966796875
409.5	683.07080078125
410.0	670.86572265625
410.5	657.3125
411.0	642.8344116210938
411.5	631.0101928710938
412.0	618.3436889648438
412.5	604.3320922851562
413.0	592.2034912109375
413.5	581.203125
414.0	567.9967651367188
414.5	558.0787963867188
415.0	545.4608764648438
415.5	535.2972412109375
416.0	523.9846801757812
416.5	511.82427978515625
417.0	502.1064147949219
417.5	491.8035888671875
418.0	480.421142578125
418.5	471.0039978027344
419.0	460.90948486328125
419.5	450.1969299316406
420.0	440.44451904296875
420.5	431.716064453125
421.0	421.69873046875
421.5	414.37091064453125
422.0	404.67193603515625
422.5	394.9519958496094
423.0	388.110595703125
423.5	378.9642028808594
424.0	371.0828552246094
424.5	363.070068359375
425.0	354.5600280761719
425.5	347.5119934082031
426.0	339.936279296875
426.5	332.03253173828125
427.0	325.3401794433594
427.5	317.9914855957031
428.0	310.27398681640625
428.5	303.96527099609375
429.0	297.09332275390625
429.5	289.73809814453125
430.0	283.8582458496094
430.5	277.52569580078125
431.0	270.8614196777344
431.5	265.2867431640625
432.0	259.7706604003906
432.5	253.3454132080078
433.0	248.2050018310547
433.5	242.5849609375
434.0	236.64886474609375
434.5	231.8289337158203
435.0	226.56947326660156
435.5	221.0743865966797
436.0	216.6363983154297
436.5	211.80026245117188
437.0	206.5238800048828
437.5	202.31236267089844
438.0	197.8596954345703
438.5	192.93711853027344
439.0	188.906494140625
439.5	184.4751739501953
440.0	180.036865234375
440.5	176.18373107910156
441.0	172.08010864257812
441.5	167.86517333984375
442.0	164.43980407714844
442.5	160.61050415039062
443.0	156.74037170410156
443.5	153.48797607421875
444.0	149.66172790527344
444.5	146.1566925048828
445.0	142.4652557373047
445.5	139.4158172607422
446.0	136.12466430664062
446.5	132.75355529785156
447.0	130.14500427246094
447.5	127.2514877319336
448.0	124.26580810546875
448.5	121.70207214355469
449.0	118.99958801269531
449.5	115.7009048461914
450.0	113.25177764892578
