      43    2.979    0.317
      44    2.400    0.203
      45    0.853    0.171
      46    1.076    0.194
      47    1.896    0.215
      48    0.603    0.092
      49    0.557    0.104
      50    1.531    0.150
      51    1.040    0.172
      52    1.932    0.218
      53    0.523    0.104
      54    0.816    0.151
      55    0.305    0.069
      56    1.456    0.212
      57    0.886    0.125
      58    1.271    0.146
      59    2.138    0.136
      60    1.040    0.132
      61    1.687    0.191
      62    1.850    0.186
      63    2.795    0.195
