BFII_lipid
""
WAVELENGTH	FLUORESCENCE
300.0	183.32835388183594
300.5	192.092529296875
301.0	202.06556701660156
301.5	210.8971710205078
302.0	224.990966796875
302.5	240.8934783935547
303.0	255.95603942871094
303.5	273.12127685546875
304.0	289.0802001953125
304.5	307.1282958984375
305.0	327.4005432128906
305.5	343.06768798828125
306.0	364.5089416503906
306.5	381.27313232421875
307.0	403.9256286621094
307.5	421.5001525878906
308.0	445.2735595703125
308.5	467.0393981933594
309.0	487.4542236328125
309.5	510.3066711425781
310.0	531.3922729492188
310.5	552.8933715820312
311.0	576.7847290039062
311.5	598.5687866210938
312.0	622.7578735351562
312.5	645.550537109375
313.0	670.41552734375
313.5	693.40966796875
314.0	719.0809326171875
314.5	747.1007080078125
315.0	767.9057006835938
315.5	795.4357299804688
316.0	816.656005859375
316.5	844.805908203125
317.0	870.7045288085938
317.5	894.463134765625
318.0	918.0028686523438
318.5	944.1517944335938
319.0	968.1434936523438
319.5	994.6406860351562
320.0	1018.4556884765625
320.5	1045.015625
321.0	1073.679931640625
321.5	1094.958251953125
322.0	1123.760498046875
322.5	1145.1524658203125
323.0	1174.283935546875
323.5	1200.9271240234375
324.0	1224.8187255859375
324.5	1248.2923583984375
325.0	1274.3302001953125
325.5	1298.00634765625
326.0	1323.540771484375
326.5	1346.469482421875
327.0	1372.20068359375
327.5	1399.6005859375
328.0	1419.9287109375
328.5	1446.7978515625
329.0	1465.5828857421875
329.5	1491.3516845703125
330.0	1512.4150390625
330.5	1534.7349853515625
331.0	1556.053955078125
331.5	1577.8582763671875
332.0	1597.119140625
332.5	1617.9898681640625
333.0	1640.519287109375
333.5	1657.251953125
334.0	1678.5460205078125
334.5	1695.544189453125
335.0	1713.990234375
335.5	1729.31982421875
336.0	1746.9195556640625
336.5	1761.5390625
337.0	1777.0865478515625
337.5	1793.4990234375
338.0	1805.712158203125
338.5	1821.109375
339.0	1833.302978515625
339.5	1846.3201904296875
340.0	1857.3089599609375
340.5	1869.7030029296875
341.0	1879.58740234375
341.5	1890.389892578125
342.0	1901.233642578125
342.5	1908.6317138671875
343.0	1918.1865234375
343.5	1924.7359619140625
344.0	1932.494873046875
344.5	1939.2137451171875
345.0	1945.771728515625
345.5	1950.7276611328125
346.0	1955.9913330078125
346.5	1960.706298828125
347.0	1964.3258056640625
347.5	1967.80078125
348.0	1970.516845703125
348.5	1973.6116943359375
349.0	1974.3955078125
349.5	1975.097900390625
350.0	1975.5892333984375
350.5	1975.2593994140625
351.0	1974.7681884765625
351.5	1973.787353515625
352.0	1972.234130859375
352.5	1970.36962890625
353.0	1967.70703125
353.5	1965.658203125
354.0	1961.889892578125
354.5	1958.8087158203125
355.0	1955.025146484375
355.5	1951.0103759765625
356.0	1946.673828125
356.5	1941.298095703125
357.0	1935.928955078125
357.5	1930.6588134765625
358.0	1924.492919921875
358.5	1917.36474609375
359.0	1911.0948486328125
359.5	1903.3629150390625
360.0	1896.509521484375
360.5	1888.7501220703125
361.0	1880.9774169921875
361.5	1871.6116943359375
362.0	1862.5859375
362.5	1854.1507568359375
363.0	1843.8900146484375
363.5	1834.544921875
364.0	1823.5147705078125
364.5	1813.464111328125
365.0	1802.26318359375
365.5	1790.3375244140625
366.0	1779.3438720703125
366.5	1766.060302734375
367.0	1753.936767578125
367.5	1740.762451171875
368.0	1727.1182861328125
368.5	1714.7828369140625
369.0	1700.5809326171875
369.5	1687.716064453125
370.0	1673.536376953125
370.5	1660.6756591796875
371.0	1644.2132568359375
371.5	1629.293212890625
372.0	1615.51416015625
372.5	1599.5338134765625
373.0	1585.26416015625
373.5	1566.879150390625
374.0	1550.5283203125
374.5	1535.751708984375
375.0	1518.809326171875
375.5	1503.0885009765625
376.0	1483.983154296875
376.5	1466.7210693359375
377.0	1451.209228515625
377.5	1432.9405517578125
378.0	1416.7122802734375
378.5	1397.562255859375
379.0	1380.079833984375
379.5	1363.767333984375
380.0	1345.8162841796875
380.5	1329.413330078125
381.0	1309.81103515625
381.5	1291.660400390625
382.0	1275.4283447265625
382.5	1257.3775634765625
383.0	1240.980712890625
383.5	1221.4205322265625
384.0	1204.114501953125
384.5	1188.4718017578125
385.0	1171.17578125
385.5	1155.0047607421875
386.0	1136.2353515625
386.5	1118.9444580078125
387.0	1103.030517578125
387.5	1085.9586181640625
388.0	1070.22265625
388.5	1051.038818359375
389.0	1034.4688720703125
389.5	1019.08251953125
390.0	1001.2108764648438
390.5	987.7359619140625
391.0	969.750244140625
391.5	953.8259887695312
392.0	938.9017944335938
392.5	921.5216064453125
393.0	908.675537109375
393.5	891.8602294921875
394.0	876.4874267578125
394.5	862.1896362304688
395.0	845.5997924804688
395.5	830.8963623046875
396.0	817.3148803710938
396.5	801.0421142578125
397.0	789.1373901367188
397.5	773.154296875
398.0	758.773193359375
398.5	745.8219604492188
399.0	730.7534790039062
399.5	717.4137573242188
400.0	705.4820556640625
400.5	693.5255737304688
401.0	680.1688232421875
401.5	665.598388671875
402.0	652.64697265625
402.5	641.1439208984375
403.0	627.70703125
403.5	615.4605712890625
404.0	604.352294921875
404.5	593.9568481445312
405.0	582.218994140625
405.5	569.1857299804688
406.0	559.3203735351562
406.5	548.0767211914062
407.0	535.9151611328125
407.5	524.9115600585938
408.0	515.1014404296875
408.5	503.4158020019531
409.0	495.1794128417969
409.5	484.3485412597656
410.0	475.3297424316406
410.5	465.48236083984375
411.0	455.1358642578125
411.5	446.69989013671875
412.0	437.5558166503906
412.5	427.96337890625
413.0	418.9544372558594
413.5	410.8514099121094
414.0	401.53875732421875
414.5	394.7134704589844
415.0	385.90118408203125
415.5	378.7523193359375
416.0	370.79107666015625
416.5	362.1249694824219
417.0	355.305908203125
417.5	347.59356689453125
418.0	339.37677001953125
418.5	332.82427978515625
419.0	325.67718505859375
419.5	318.3842468261719
420.0	311.45452880859375
420.5	305.3770446777344
421.0	298.6048278808594
421.5	293.2127990722656
422.0	285.94537353515625
422.5	279.2660827636719
423.0	274.4355163574219
423.5	267.82513427734375
424.0	262.6358947753906
424.5	257.12872314453125
425.0	251.0048370361328
425.5	246.3663787841797
426.0	241.09014892578125
426.5	235.2074432373047
427.0	230.49276733398438
427.5	225.32772827148438
428.0	219.78872680664062
428.5	215.4149627685547
429.0	210.52407836914062
429.5	205.27845764160156
430.0	201.19117736816406
430.5	196.97804260253906
431.0	192.38629150390625
431.5	188.36572265625
432.0	184.1042938232422
432.5	179.75408935546875
433.0	176.11717224121094
433.5	172.3763427734375
434.0	168.3826141357422
434.5	164.86911010742188
435.0	161.2676239013672
435.5	157.30935668945312
436.0	154.15850830078125
436.5	150.79443359375
437.0	147.33346557617188
437.5	144.38412475585938
438.0	141.19146728515625
438.5	137.8326873779297
439.0	135.20831298828125
439.5	132.22750854492188
440.0	129.21560668945312
440.5	126.81071472167969
441.0	124.09916687011719
441.5	121.17717742919922
442.0	118.70613861083984
442.5	116.12895965576172
443.0	113.2553939819336
443.5	111.12663269042969
444.0	108.65335845947266
444.5	106.13908386230469
445.0	103.77145385742188
445.5	101.8870849609375
446.0	99.76858520507812
446.5	97.60563659667969
447.0	95.67127990722656
447.5	93.60195922851562
448.0	91.35936737060547
448.5	89.69160461425781
449.0	87.97078704833984
449.5	85.90438079833984
450.0	84.1225357055664
