9.898 12.153 -36.016
14.475 12.786 -43.297
12.151 11.283 -39.677
18.413 17.676 -51.194
23.153 21.819 -63.789
17.855 18.761 -45.848
19.732 17.61 -55.138
15.893 16.58 -45.551
16.546 16.831 -46.6155
14.038 16.887 -47.68
15.157 17.83 -48.487
14.034 15.231 -44.171
17.814 18.584 -53.436
20.378 22.074 -55.247
22.162 22.064 -58.179
20.722 21.069 -52.909
17.022 18.426 -54.228
16.877 18.419 -51.9795
15.192 16.465 -48.425
17.886 18.257 -50.902
17.475 18.432 -51.383
18.601 21.537 -56.631
22.402 23.823 -66.777
18.685 23.319 -57.2495
17.691 19.004 -51.579
17.389 18.84 -54.835
11.475 14.773 -38.834
15.48 17.79 -49.139
15.81 17.05 -44.2
16.505 15.98 -47.224
19.01 19.597 -55.256
19.375 22.386 -62.914
15.749 16.977 -49.388
16.821 18.023 -47.614
18.962 21.876 -54.888
15.077 19.45 -44.114
13.625 15.204 -33.632
15.136 20.24 -50.1335
16.08 21.91 -53.912
16.088 18.35 -46.379
22.467 24.345 -62.15
16.03 20.663 -48.033
14.991 17.166 -43.828
12.72 14.961 -37.796
13.277 14.797 -43.2675
14.1 14.439 -40.965
13.987 15.752 -37.352
12.418 14.623 -42.503
14.213 15.837 -41.697
13.084 18.172 -41.845
14.881 15.188 -41.316
16.135 16.972 -42.619
16.524 15.147 -45.194
15.857 17.39 -45.206
14.674 15.936 -40.686
13.856 17.709 -48.931
14.596 15.47 -45.006
16.048 17.472 -51.711
12.19 16.116 -40.43
16.257 16.188 -49.514
20.801 19.85 -58.834
14.0 19.279 -37.531
14.225 15.967 -38.338
13.596 17.671 -41.029
13.614 16.159 -41.602
13.837 14.97 -35.383
12.847 15.295 -42.178
14.579 16.147 -38.575
13.438 16.692 -41.79
15.014 16.995 -42.267
13.326 14.627 -40.4925
14.165 17.494 -43.186
16.881 18.927 -49.326
14.824 18.369 -44.221
17.996 19.849 -49.2595
18.694 23.401 -52.9775
20.194 25.212 -54.791
25.808 27.221 -74.104
25.198 29.225 -61.35
26.198 29.743 -75.483
22.049 28.268 -58.608
16.175 23.855 -53.8455
20.914 23.645 -54.214
19.295 22.137 -51.501
15.939 18.783 -43.76
19.522 25.559 -59.214
14.044 17.689 -44.304
17.408 21.48 -51.2005
19.295 22.749 -60.899
19.911 21.334 -55.423
16.994 18.128 -48.946
14.569 15.587 -41.858
14.753 17.924 -49.538
17.576 19.358 -53.38
20.883 25.006 -60.7365
16.241 21.253 -46.6035
17.803 18.54 -50.057
17.954 19.884 -53.003
14.667 16.038 -40.508
10.056 13.454 -26.591
10.879 15.634 -30.382
