BFII_nolipid
""
WAVELENGTH	FLUORESCENCE
300.0	66.97064971923828
300.5	72.1816635131836
301.0	78.11180114746094
301.5	83.58817291259766
302.0	91.24401092529297
302.5	100.19100952148438
303.0	108.77056884765625
303.5	118.30184936523438
304.0	127.50457763671875
304.5	137.975341796875
305.0	150.1118927001953
305.5	159.3300323486328
306.0	172.23394775390625
306.5	182.40769958496094
307.0	196.49241638183594
307.5	207.39857482910156
308.0	222.6079864501953
308.5	237.2131805419922
309.0	250.86077880859375
309.5	266.59521484375
310.0	281.1671142578125
310.5	296.1986389160156
311.0	313.34869384765625
311.5	329.5237121582031
312.0	347.6201171875
312.5	364.7868957519531
313.0	384.34246826171875
313.5	402.4827575683594
314.0	422.8545227050781
314.5	444.9797058105469
315.0	462.4995422363281
315.5	485.3921203613281
316.0	503.04534912109375
316.5	526.9876098632812
317.0	549.2825927734375
317.5	570.4680786132812
318.0	591.3033447265625
318.5	614.56201171875
319.0	636.1539306640625
319.5	660.3157958984375
320.0	682.3607177734375
320.5	706.8870239257812
321.0	734.29052734375
321.5	755.362548828125
322.0	783.953857421875
322.5	805.54931640625
323.0	834.4058837890625
323.5	861.631591796875
324.0	886.278076171875
324.5	910.8904418945312
325.0	938.4164428710938
325.5	963.32373046875
326.0	991.1149291992188
326.5	1016.0990600585938
327.0	1043.640625
327.5	1073.8204345703125
328.0	1096.6197509765625
328.5	1126.9761962890625
329.0	1149.9403076171875
329.5	1179.936279296875
330.0	1205.4395751953125
330.5	1232.716064453125
331.0	1256.9302978515625
331.5	1283.1793212890625
332.0	1307.3187255859375
332.5	1333.759033203125
333.0	1361.37939453125
333.5	1381.8873291015625
334.0	1409.7088623046875
334.5	1432.3564453125
335.0	1457.061279296875
335.5	1477.9781494140625
336.0	1500.72900390625
336.5	1520.9239501953125
337.0	1543.119873046875
337.5	1566.7874755859375
338.0	1584.2325439453125
338.5	1606.855224609375
339.0	1624.421142578125
339.5	1643.2078857421875
340.0	1660.3687744140625
340.5	1678.2947998046875
341.0	1694.5693359375
341.5	1711.31689453125
342.0	1728.841796875
342.5	1741.4212646484375
343.0	1757.8883056640625
343.5	1770.4954833984375
344.0	1783.975830078125
344.5	1796.2984619140625
345.0	1808.8389892578125
345.5	1819.802978515625
346.0	1831.2789306640625
346.5	1842.9798583984375
347.0	1851.797607421875
347.5	1860.3560791015625
348.0	1867.8355712890625
348.5	1875.481201171875
349.0	1882.4290771484375
349.5	1889.7664794921875
350.0	1896.0504150390625
350.5	1900.9002685546875
351.0	1905.94970703125
351.5	1909.9437255859375
352.0	1913.622314453125
352.5	1916.5704345703125
353.0	1919.1483154296875
353.5	1921.1343994140625
354.0	1923.5030517578125
354.5	1924.863525390625
355.0	1925.3011474609375
355.5	1925.203125
356.0	1924.3211669921875
356.5	1923.4486083984375
357.0	1922.314697265625
357.5	1920.6678466796875
358.0	1917.9423828125
358.5	1914.6590576171875
359.0	1910.978515625
359.5	1907.48486328125
360.0	1903.667724609375
360.5	1899.2171630859375
361.0	1894.47021484375
361.5	1889.077392578125
362.0	1883.0079345703125
362.5	1876.64794921875
363.0	1869.4483642578125
363.5	1862.517333984375
364.0	1854.5482177734375
364.5	1846.64013671875
365.0	1837.037353515625
365.5	1828.586669921875
366.0	1819.863037109375
366.5	1810.09130859375
367.0	1800.5589599609375
367.5	1788.5194091796875
368.0	1777.2874755859375
368.5	1766.62060546875
369.0	1754.87255859375
369.5	1743.9742431640625
370.0	1731.545654296875
370.5	1719.2171630859375
371.0	1704.4910888671875
371.5	1691.0025634765625
372.0	1678.5213623046875
372.5	1663.98095703125
373.0	1650.22705078125
373.5	1634.6973876953125
374.0	1619.2122802734375
374.5	1605.2432861328125
375.0	1589.6024169921875
375.5	1574.952392578125
376.0	1557.8004150390625
376.5	1541.1417236328125
377.0	1525.9111328125
377.5	1509.2547607421875
378.0	1493.829833984375
378.5	1475.1376953125
379.0	1457.9833984375
379.5	1442.2315673828125
380.0	1424.7088623046875
380.5	1408.8660888671875
381.0	1389.870849609375
381.5	1371.8597412109375
382.0	1355.472900390625
382.5	1338.003662109375
383.0	1322.0609130859375
383.5	1302.49267578125
384.0	1284.271240234375
384.5	1267.899169921875
385.0	1249.947021484375
385.5	1233.0780029296875
386.0	1213.42919921875
386.5	1195.9530029296875
387.0	1179.644287109375
387.5	1162.239013671875
388.0	1146.5211181640625
388.5	1126.9991455078125
389.0	1109.6484375
389.5	1093.697265625
390.0	1074.353759765625
390.5	1060.70556640625
391.0	1041.733154296875
391.5	1024.738525390625
392.0	1009.3700561523438
392.5	991.098876953125
393.0	977.387451171875
393.5	959.6184692382812
394.0	943.2635498046875
394.5	928.6756591796875
395.0	911.0140380859375
395.5	895.3443603515625
396.0	881.4296264648438
396.5	863.92529296875
397.0	851.6527709960938
397.5	835.02001953125
398.0	820.2693481445312
398.5	806.8480834960938
399.0	791.1011352539062
399.5	777.082275390625
400.0	764.2791137695312
400.5	751.0250854492188
401.0	736.5803833007812
401.5	722.2908935546875
402.0	708.807861328125
402.5	696.6646118164062
403.0	682.2185668945312
403.5	669.5458374023438
404.0	658.1490478515625
404.5	646.7926025390625
405.0	633.7186889648438
405.5	619.8251342773438
406.0	608.9847412109375
406.5	597.1746826171875
407.0	584.2578735351562
407.5	572.92919921875
408.0	562.626220703125
408.5	550.5830688476562
409.0	541.7628784179688
409.5	529.880126953125
410.0	520.2185668945312
410.5	509.69732666015625
411.0	498.5719299316406
411.5	489.42279052734375
412.0	479.40966796875
412.5	468.87384033203125
413.0	459.1289978027344
413.5	450.07769775390625
414.0	440.017822265625
414.5	432.535400390625
415.0	422.7842712402344
415.5	414.6638488769531
416.0	406.0487976074219
416.5	396.7143859863281
417.0	389.0450134277344
417.5	380.7207336425781
418.0	371.9444885253906
418.5	364.9525146484375
419.0	356.985595703125
419.5	348.48779296875
420.0	341.27276611328125
420.5	334.7269287109375
421.0	326.8450012207031
421.5	320.8325500488281
422.0	313.1885681152344
422.5	306.1715087890625
423.0	300.9646911621094
423.5	293.9323425292969
424.0	288.09405517578125
424.5	281.72802734375
425.0	274.9313659667969
425.5	269.3798522949219
426.0	263.5335693359375
426.5	257.3128662109375
427.0	252.25546264648438
427.5	246.79678344726562
428.0	240.97511291503906
428.5	236.1968994140625
429.0	230.7025146484375
429.5	225.21414184570312
430.0	220.50161743164062
430.5	215.7494354248047
431.0	210.61026000976562
431.5	206.48538208007812
432.0	201.9083709716797
432.5	196.92601013183594
433.0	192.89154052734375
433.5	188.61654663085938
434.0	183.81460571289062
434.5	180.16781616210938
435.0	176.13433837890625
435.5	171.94300842285156
436.0	168.38291931152344
436.5	164.78941345214844
437.0	160.7216339111328
437.5	157.22401428222656
438.0	153.6040802001953
438.5	149.9163818359375
439.0	146.7746124267578
439.5	143.55615234375
440.0	140.04586791992188
440.5	137.11476135253906
441.0	133.89468383789062
441.5	130.54258728027344
442.0	127.9306640625
442.5	125.08732604980469
443.0	122.09932708740234
443.5	119.61785125732422
444.0	116.85713958740234
444.5	114.00775146484375
445.0	111.16046905517578
445.5	108.82424926757812
446.0	106.3038558959961
446.5	103.55718994140625
447.0	101.47174072265625
447.5	99.13557434082031
448.0	96.69821166992188
448.5	94.80765533447266
449.0	92.7642822265625
449.5	90.43653869628906
450.0	88.64717102050781
