      43    2.047    0.193
      44    2.300    0.318
      45    0.825    0.258
      46    0.764    0.234
      47    1.917    0.293
      48    0.667    0.151
      49    0.422    0.088
      50    1.784    0.250
      51    1.147    0.208
      52    1.540    0.150
      53    0.752    0.083
      54    0.870    0.167
      55    0.237    0.075
      56    1.146    0.174
      57    0.784    0.087
      58    1.072    0.185
      59    1.712    0.213
      60    1.495    0.134
      61    1.262    0.168
      62    2.049    0.293
      63    2.423    0.332
