 750000.000    6.019  696.584
 750500.000    6.215  674.614
 751000.000    5.884  712.626
 751500.000    5.953  704.305
 752000.000    6.132  683.833
 752500.000    6.117  685.412
 753000.000    6.113  685.930
 753500.000    5.807  722.032
 754000.000    5.970  702.327
 754500.000    5.864  715.055
 755000.000    6.044  693.732
 755500.000    5.986  700.433
 756000.000    5.935  706.463
 756500.000    6.171  679.428
 757000.000    6.143  682.589
 757500.000    6.060  691.859
 758000.000    5.879  713.239
 758500.000    5.892  711.642
 759000.000    6.023  696.147
 759500.000    6.125  684.598
 760000.000    5.975  701.775
 760500.000    5.982  700.940
 761000.000    6.077  689.934
 761500.000    6.058  692.128
 762000.000    5.911  709.321
 762500.000    6.118  685.292
 763000.000    5.918  708.479
 763500.000    5.820  720.472
 764000.000    6.143  682.545
 764500.000    5.813  721.246
 765000.000    6.171  679.452
 765500.000    5.986  700.459
 766000.000    5.714  733.844
 766500.000    5.876  713.514
 767000.000    5.815  721.107
 767500.000    5.932  706.814
 768000.000    5.869  714.466
 768500.000    6.044  693.725
 769000.000    5.873  713.932
 769500.000    5.825  719.799
 770000.000    5.976  701.605
 770500.000    5.885  712.459
 771000.000    5.926  707.577
 771500.000    5.893  711.454
 772000.000    5.904  710.136
 772500.000    5.924  707.828
 773000.000    5.751  729.083
 773500.000    5.964  703.060
 774000.000    5.898  710.958
 774500.000    5.870  714.307
 775000.000    5.831  719.093
 775500.000    5.799  723.064
 776000.000    5.976  701.638
 776500.000    6.101  687.219
 777000.000    6.257  670.151
 777500.000    6.001  698.657
 778000.000    6.024  696.044
 778500.000    6.195  676.789
 779000.000    6.023  696.165
 779500.000    6.117  685.415
 780000.000    6.080  689.615
 780500.000    6.225  673.545
 781000.000    6.095  687.888
 781500.000    5.996  699.230
 782000.000    5.995  699.376
 782500.000    6.082  689.368
 783000.000    6.076  690.030
 783500.000    5.906  709.990
 784000.000    6.154  681.384
 784500.000    6.007  697.983
 785000.000    5.922  708.037
 785500.000    5.925  707.632
 786000.000    5.840  717.944
 786500.000    6.080  689.584
 787000.000    6.142  682.676
 787500.000    6.108  686.452
 788000.000    6.037  694.581
 788500.000    6.107  686.554
 789000.000    6.071  690.643
 789500.000    5.960  703.542
 790000.000    6.047  693.425
 790500.000    5.825  719.782
 791000.000    5.882  712.877
 791500.000    6.017  696.826
 792000.000    6.125  684.533
 792500.000    6.199  676.382
 793000.000    6.319  663.574
 793500.000    6.008  697.851
 794000.000    6.076  690.104
 794500.000    6.183  678.186
 795000.000    5.933  706.754
 795500.000    6.083  689.297
 796000.000    6.198  676.546
 796500.000    6.021  696.375
 797000.000    6.064  691.482
 797500.000    6.191  677.251
 798000.000    6.218  674.303
 798500.000    5.840  718.027
 799000.000    6.193  677.055
 799500.000    6.094  688.017
 800000.000    6.104  686.935
 800500.000    6.161  680.520
 801000.000    6.183  678.085
 801500.000    6.205  675.735
 802000.000    6.235  672.498
 802500.000    6.092  688.212
 803000.000    5.922  708.075
 803500.000    6.159  680.758
 804000.000    6.224  673.714
 804500.000    6.025  695.904
 805000.000    5.916  708.719
 805500.000    6.179  678.591
 806000.000    6.152  681.525
 806500.000    6.208  675.377
 807000.000    6.250  670.823
 807500.000    6.377  657.496
 808000.000    6.063  691.568
 808500.000    6.167  679.845
 809000.000    6.302  665.360
 809500.000    6.268  668.989
 810000.000    6.185  677.882
 810500.000    6.097  687.752
 811000.000    6.004  698.371
 811500.000    6.281  667.525
 812000.000    6.236  672.379
 812500.000    6.080  689.658
 813000.000    6.147  682.105
 813500.000    6.183  678.134
 814000.000    6.222  673.898
 814500.000    6.273  668.445
 815000.000    6.144  682.493
 815500.000    6.168  679.769
 816000.000    6.041  694.094
 816500.000    6.229  673.121
 817000.000    6.130  684.005
 817500.000    6.156  681.085
 818000.000    6.069  690.893
 818500.000    5.983  700.803
 819000.000    6.189  677.427
 819500.000    6.094  688.008
 820000.000    6.026  695.757
 820500.000    6.055  692.468
 821000.000    6.008  697.893
 821500.000    6.213  674.902
 822000.000    6.192  677.146
 822500.000    5.843  717.595
 823000.000    6.050  693.058
 823500.000    6.159  680.769
 824000.000    6.188  677.608
 824500.000    6.033  694.954
 825000.000    6.071  690.636
 825500.000    6.102  687.085
 826000.000    6.057  692.257
 826500.000    5.915  708.911
 827000.000    6.150  681.775
 827500.000    6.371  658.108
 828000.000    6.080  689.638
 828500.000    6.109  686.404
 829000.000    6.304  665.089
 829500.000    6.297  665.810
 830000.000    6.140  682.891
 830500.000    6.347  660.609
 831000.000    6.153  681.470
 831500.000    6.187  677.714
 832000.000    6.212  674.952
 832500.000    6.178  678.720
 833000.000    5.910  709.466
 833500.000    6.105  686.810
 834000.000    6.171  679.478
 834500.000    6.055  692.454
 835000.000    6.379  657.311
 835500.000    6.394  655.803
 836000.000    6.034  694.927
 836500.000    6.168  679.739
 837000.000    6.076  690.054
 837500.000    6.098  687.538
 838000.000    5.973  702.037
 838500.000    6.341  661.274
 839000.000    6.316  663.859
 839500.000    6.031  695.282
 840000.000    6.058  692.111
 840500.000    6.216  674.575
 841000.000    6.232  672.800
 841500.000    6.149  681.914
 842000.000    5.975  701.759
 842500.000    6.021  696.402
 843000.000    6.112  685.982
 843500.000    6.051  692.975
 844000.000    6.260  669.756
 844500.000    6.055  692.438
 845000.000    6.144  682.497
 845500.000    6.210  675.204
 846000.000    6.008  697.946
 846500.000    6.358  659.523
 847000.000    6.064  691.488
 847500.000    6.321  663.303
 848000.000    6.143  682.565
 848500.000    6.112  686.050
 849000.000    6.239  672.058
 849500.000    5.962  703.230
 850000.000    5.798  723.147
 850500.000    6.126  684.420
 851000.000    6.178  678.707
 851500.000    6.086  688.969
 852000.000    6.138  683.132
 852500.000    6.140  682.895
 853000.000    6.143  682.541
 853500.000    6.148  681.986
 854000.000    6.138  683.078
 854500.000    6.189  677.431
 855000.000    6.412  653.883
 855500.000    6.141  682.769
 856000.000    6.058  692.147
 856500.000    6.029  695.469
 857000.000    6.140  682.888
 857500.000    6.204  675.883
 858000.000    6.125  684.593
 858500.000    6.086  688.990
 859000.000    6.105  686.858
 859500.000    5.943  705.565
 860000.000    6.085  689.100
 860500.000    6.232  672.823
 861000.000    6.080  689.652
 861500.000    6.352  660.082
 862000.000    6.220  674.106
 862500.000    6.114  685.777
 863000.000    6.130  683.999
 863500.000    6.026  695.750
 864000.000    6.027  695.662
 864500.000    6.147  682.144
 865000.000    6.022  696.238
 865500.000    6.052  692.811
 866000.000    5.905  710.063
 866500.000    6.003  698.526
 867000.000    6.028  695.570
 867500.000    6.075  690.170
 868000.000    6.129  684.113
 868500.000    6.078  689.908
 869000.000    6.212  674.925
 869500.000    6.039  694.361
 870000.000    5.974  701.855
 870500.000    6.075  690.225
 871000.000    6.124  684.620
 871500.000    6.046  693.447
 872000.000    6.061  691.746
 872500.000    6.058  692.083
 873000.000    5.951  704.570
 873500.000    6.123  684.746
 874000.000    6.174  679.152
 874500.000    6.114  685.829
 875000.000    6.095  687.935
 875500.000    6.068  690.998
 876000.000    6.083  689.281
 876500.000    6.153  681.491
 877000.000    6.110  686.245
 877500.000    6.160  680.716
 878000.000    6.319  663.536
 878500.000    6.246  671.286
 879000.000    6.040  694.232
 879500.000    6.238  672.201
 880000.000    6.215  674.682
 880500.000    5.980  701.114
 881000.000    6.211  675.133
 881500.000    6.136  683.372
 882000.000    5.948  704.959
 882500.000    6.333  662.094
 883000.000    6.247  671.233
 883500.000    6.149  681.885
 884000.000    6.276  668.127
 884500.000    6.325  662.940
 885000.000    6.068  690.942
 885500.000    6.340  661.377
 886000.000    6.163  680.386
 886500.000    6.361  659.149
 887000.000    6.362  659.076
 887500.000    6.184  678.049
 888000.000    5.999  698.915
 888500.000    6.239  672.005
 889000.000    6.235  672.467
 889500.000    6.317  663.741
 890000.000    6.193  677.093
 890500.000    5.882  712.821
 891000.000    6.324  663.041
 891500.000    6.007  697.979
 892000.000    6.214  674.709
 892500.000    6.297  665.811
 893000.000    6.150  681.763
 893500.000    6.389  656.226
 894000.000    6.105  686.750
 894500.000    6.255  670.292
 895000.000    6.284  667.281
 895500.000    6.377  657.544
 896000.000    6.051  692.960
 896500.000    6.167  679.891
 897000.000    6.190  677.415
 897500.000    6.305  664.990
 898000.000    6.354  659.897
 898500.000    6.374  657.808
 899000.000    5.891  711.742
 899500.000    6.214  674.747
 900000.000    6.129  684.077
 900500.000    5.994  699.504
 901000.000    6.185  677.941
 901500.000    6.368  658.409
 902000.000    6.228  673.284
 902500.000    6.227  673.387
 903000.000    6.247  671.162
 903500.000    6.341  661.277
 904000.000    6.160  680.646
 904500.000    6.297  665.845
 905000.000    6.268  668.958
 905500.000    6.202  676.086
 906000.000    6.402  654.942
 906500.000    6.332  662.172
 907000.000    6.183  678.096
 907500.000    6.082  689.402
 908000.000    6.003  698.414
 908500.000    6.246  671.258
 909000.000    5.992  699.696
 909500.000    5.921  708.166
 910000.000    6.097  687.720
 910500.000    5.999  698.883
 911000.000    6.138  683.108
 911500.000    6.161  680.505
 912000.000    6.005  698.281
 912500.000    5.906  709.911
 913000.000    5.905  710.035
 913500.000    5.954  704.203
 914000.000    6.071  690.628
 914500.000    6.194  676.958
 915000.000    5.974  701.865
 915500.000    6.115  685.700
 916000.000    6.140  682.887
 916500.000    6.298  665.705
 917000.000    6.142  682.625
 917500.000    6.119  685.266
 918000.000    6.252  670.670
 918500.000    6.409  654.231
 919000.000    6.184  678.065
 919500.000    6.282  667.411
 920000.000    6.210  675.158
 920500.000    6.168  679.740
 921000.000    6.462  648.907
 921500.000    6.355  659.779
 922000.000    6.140  682.841
 922500.000    6.311  664.360
 923000.000    6.195  676.873
 923500.000    6.307  664.839
 924000.000    6.217  674.458
 924500.000    6.296  665.962
 925000.000    6.382  657.017
 925500.000    6.231  672.899
 926000.000    6.026  695.760
 926500.000    6.175  678.980
 927000.000    6.171  679.438
 927500.000    6.405  654.605
 928000.000    6.161  680.548
 928500.000    6.449  650.164
 929000.000    6.280  667.671
 929500.000    6.113  685.893
 930000.000    6.243  671.585
 930500.000    6.183  678.160
 931000.000    6.178  678.733
 931500.000    6.267  669.039
 932000.000    6.113  685.899
 932500.000    6.409  654.256
 933000.000    5.987  700.390
 933500.000    6.186  677.859
 934000.000    6.090  688.524
 934500.000    6.081  689.533
 935000.000    6.075  690.141
 935500.000    6.220  674.052
 936000.000    6.360  659.312
 936500.000    6.389  656.315
 937000.000    6.233  672.669
 937500.000    6.286  666.992
 938000.000    6.212  674.964
 938500.000    6.314  664.116
 939000.000    6.202  676.054
 939500.000    6.189  677.484
 940000.000    6.182  678.243
 940500.000    6.265  669.303
 941000.000    6.327  662.744
 941500.000    6.518  643.292
 942000.000    6.489  646.204
 942500.000    6.396  655.528
 943000.000    6.329  662.472
 943500.000    6.121  685.018
 944000.000    6.357  659.542
 944500.000    6.265  669.243
 945000.000    6.276  668.080
 945500.000    6.170  679.533
 946000.000    6.441  651.000
 946500.000    6.102  687.125
 947000.000    6.340  661.347
 947500.000    6.257  670.109
 948000.000    5.821  720.371
 948500.000    6.169  679.694
 949000.000    6.031  695.196
 949500.000    6.182  678.271
 950000.000    6.219  674.163
 950500.000    6.412  653.967
 951000.000    6.215  674.596
 951500.000    6.243  671.623
 952000.000    6.236  672.342
 952500.000    6.313  664.161
 953000.000    6.333  662.062
 953500.000    6.351  660.184
 954000.000    6.005  698.219
 954500.000    6.223  673.832
 955000.000    6.357  659.612
 955500.000    6.393  655.892
 956000.000    6.132  683.816
 956500.000    6.148  682.029
 957000.000    6.093  688.175
 957500.000    6.157  681.004
 958000.000    6.423  652.831
 958500.000    6.207  675.480
 959000.000    6.217  674.387
 959500.000    6.359  659.417
 960000.000    6.274  668.343
 960500.000    6.283  667.342
 961000.000    6.088  688.671
 961500.000    6.296  665.944
 962000.000    6.235  672.459
 962500.000    6.208  675.399
 963000.000    6.404  654.718
 963500.000    6.387  656.433
 964000.000    6.472  647.857
 964500.000    6.287  666.933
 965000.000    6.405  654.616
 965500.000    6.316  663.854
 966000.000    6.214  674.757
 966500.000    6.263  669.501
 967000.000    6.222  673.835
 967500.000    6.085  689.062
 968000.000    6.122  684.875
 968500.000    6.254  670.484
 969000.000    6.114  685.802
 969500.000    6.407  654.434
 970000.000    6.322  663.176
 970500.000    6.180  678.438
 971000.000    6.127  684.305
 971500.000    6.050  693.057
 972000.000    6.319  663.491
 972500.000    6.360  659.284
 973000.000    6.239  672.038
 973500.000    6.379  657.317
 974000.000    6.283  667.359
 974500.000    6.218  674.290
 975000.000    6.156  681.103
 975500.000    6.026  695.755
 976000.000    6.204  675.803
 976500.000    6.129  684.129
 977000.000    6.169  679.622
 977500.000    6.237  672.250
 978000.000    6.273  668.416
 978500.000    6.292  666.338
 979000.000    6.225  673.592
 979500.000    6.342  661.186
 980000.000    6.209  675.302
 980500.000    6.158  680.883
 981000.000    5.988  700.272
 981500.000    6.096  687.813
 982000.000    6.022  696.318
 982500.000    6.159  680.833
 983000.000    6.157  680.960
 983500.000    6.265  669.268
 984000.000    6.333  662.097
 984500.000    6.286  667.052
 985000.000    5.992  699.723
 985500.000    6.103  687.018
 986000.000    6.312  664.272
 986500.000    6.148  681.950
 987000.000    6.490  646.041
 987500.000    6.196  676.762
 988000.000    6.095  687.974
 988500.000    6.227  673.395
 989000.000    6.418  653.334
 989500.000    6.245  671.451
 990000.000    6.016  697.013
 990500.000    6.310  664.527
 991000.000    6.164  680.240
 991500.000    6.195  676.823
 992000.000    6.174  679.114
 992500.000    6.258  669.996
 993000.000    6.230  673.046
 993500.000    6.094  688.084
 994000.000    6.401  655.087
 994500.000    6.439  651.205
 995000.000    6.136  683.342
 995500.000    5.915  708.901
 996000.000    6.317  663.719
 996500.000    6.115  685.643
 997000.000    6.068  690.936
 997500.000    6.208  675.379
 998000.000    6.497  645.389
 998500.000    6.192  677.120
 999000.000    6.145  682.324
 999500.000    6.082  689.343
1000000.000    6.456  649.412
