 750000.000   26.810
 750500.000   26.868
 751000.000   26.889
 751500.000   26.982
 752000.000   26.387
 752500.000   26.888
 753000.000   27.750
 753500.000   27.236
 754000.000   27.229
 754500.000   26.115
 755000.000   26.245
 755500.000   27.495
 756000.000   27.584
 756500.000   27.458
 757000.000   26.393
 757500.000   27.670
 758000.000   26.470
 758500.000   26.942
 759000.000   26.660
 759500.000   25.992
 760000.000   26.380
 760500.000   26.970
 761000.000   27.174
 761500.000   26.756
 762000.000   27.271
 762500.000   28.001
 763000.000   27.676
 763500.000   26.154
 764000.000   26.454
 764500.000   26.955
 765000.000   27.919
 765500.000   26.892
 766000.000   26.774
 766500.000   26.021
 767000.000   25.043
 767500.000   25.854
 768000.000   26.610
 768500.000   27.209
 769000.000   25.857
 769500.000   27.113
 770000.000   27.379
 770500.000   26.578
 771000.000   28.233
 771500.000   26.737
 772000.000   26.495
 772500.000   27.156
 773000.000   27.266
 773500.000   27.558
 774000.000   27.710
 774500.000   27.401
 775000.000   27.602
 775500.000   27.210
 776000.000   27.032
 776500.000   25.707
 777000.000   26.465
 777500.000   26.374
 778000.000   26.334
 778500.000   27.433
 779000.000   26.945
 779500.000   26.758
 780000.000   26.230
 780500.000   26.899
 781000.000   27.147
 781500.000   26.751
 782000.000   27.147
 782500.000   28.092
 783000.000   27.326
 783500.000   27.590
 784000.000   27.510
 784500.000   28.128
 785000.000   26.805
 785500.000   28.463
 786000.000   28.024
 786500.000   28.167
 787000.000   28.148
 787500.000   28.801
 788000.000   28.338
 788500.000   27.445
 789000.000   26.593
 789500.000   26.648
 790000.000   28.976
 790500.000   26.610
 791000.000   27.307
 791500.000   28.051
 792000.000   26.889
 792500.000   28.470
 793000.000   29.989
 793500.000   29.268
 794000.000   28.279
 794500.000   29.081
 795000.000   26.510
 795500.000   27.679
 796000.000   26.628
 796500.000   27.536
 797000.000   27.515
 797500.000   27.108
 798000.000   26.076
 798500.000   26.109
 799000.000   26.199
 799500.000   26.813
 800000.000   26.464
 800500.000   26.794
 801000.000   24.754
 801500.000   25.632
 802000.000   27.549
 802500.000   26.981
 803000.000   25.662
 803500.000   25.563
 804000.000   26.676
 804500.000   27.081
 805000.000   26.506
 805500.000   26.016
 806000.000   25.842
 806500.000   26.338
 807000.000   26.466
 807500.000   26.166
 808000.000   25.912
 808500.000   25.851
 809000.000   25.633
 809500.000   26.340
 810000.000   26.206
 810500.000   26.304
 811000.000   25.814
 811500.000   26.618
 812000.000   25.833
 812500.000   25.555
 813000.000   26.846
 813500.000   27.324
 814000.000   27.134
 814500.000   26.819
 815000.000   26.579
 815500.000   27.244
 816000.000   25.859
 816500.000   26.422
 817000.000   26.501
 817500.000   26.270
 818000.000   25.809
 818500.000   26.101
 819000.000   27.760
 819500.000   25.778
 820000.000   26.594
 820500.000   26.059
 821000.000   26.062
 821500.000   26.347
 822000.000   25.843
 822500.000   25.778
 823000.000   26.344
 823500.000   27.191
 824000.000   26.083
 824500.000   26.616
 825000.000   26.672
 825500.000   26.510
 826000.000   27.605
 826500.000   26.235
 827000.000   26.686
 827500.000   27.902
 828000.000   27.422
 828500.000   28.193
 829000.000   27.364
 829500.000   26.421
 830000.000   26.273
 830500.000   26.075
 831000.000   25.686
 831500.000   25.390
 832000.000   26.658
 832500.000   26.278
 833000.000   26.263
 833500.000   27.298
 834000.000   26.926
 834500.000   27.395
 835000.000   26.176
 835500.000   27.617
 836000.000   26.421
 836500.000   26.774
 837000.000   25.894
 837500.000   25.510
 838000.000   26.141
 838500.000   26.304
 839000.000   26.084
 839500.000   26.916
 840000.000   25.754
 840500.000   26.463
 841000.000   26.281
 841500.000   26.042
 842000.000   26.572
 842500.000   25.950
 843000.000   27.180
 843500.000   26.720
 844000.000   25.987
 844500.000   26.574
 845000.000   24.724
 845500.000   25.367
 846000.000   25.890
 846500.000   26.424
 847000.000   25.160
 847500.000   26.069
 848000.000   26.723
 848500.000   27.094
 849000.000   28.218
 849500.000   27.739
 850000.000   26.528
 850500.000   27.933
 851000.000   27.706
 851500.000   28.057
 852000.000   27.955
 852500.000   26.897
 853000.000   27.736
 853500.000   27.746
 854000.000   28.502
 854500.000   25.031
 855000.000   26.630
 855500.000   27.223
 856000.000   26.733
 856500.000   26.525
 857000.000   28.092
 857500.000   26.924
 858000.000   28.134
 858500.000   27.184
 859000.000   27.099
 859500.000   26.368
 860000.000   27.605
 860500.000   27.248
 861000.000   25.719
 861500.000   25.290
 862000.000   25.466
 862500.000   27.369
 863000.000   27.982
 863500.000   27.152
 864000.000   27.267
 864500.000   27.160
 865000.000   27.605
 865500.000   27.130
 866000.000   26.506
 866500.000   26.360
 867000.000   26.773
 867500.000   28.364
 868000.000   25.701
 868500.000   26.311
 869000.000   26.757
 869500.000   27.709
 870000.000   26.731
 870500.000   26.227
 871000.000   26.865
 871500.000   26.142
 872000.000   26.398
 872500.000   25.535
 873000.000   25.559
 873500.000   25.870
 874000.000   25.432
 874500.000   24.747
 875000.000   26.526
 875500.000   25.034
 876000.000   26.072
 876500.000   25.770
 877000.000   26.757
 877500.000   25.798
 878000.000   26.310
 878500.000   26.631
 879000.000   26.800
 879500.000   26.807
 880000.000   27.490
 880500.000   26.850
 881000.000   25.202
 881500.000   25.875
 882000.000   26.039
 882500.000   25.625
 883000.000   26.691
 883500.000   26.684
 884000.000   25.810
 884500.000   26.224
 885000.000   26.627
 885500.000   26.041
 886000.000   25.713
 886500.000   25.650
 887000.000   26.719
 887500.000   25.168
 888000.000   27.278
 888500.000   26.788
 889000.000   27.119
 889500.000   26.175
 890000.000   26.474
 890500.000   25.798
 891000.000   27.403
 891500.000   27.019
 892000.000   26.405
 892500.000   26.965
 893000.000   26.636
 893500.000   26.915
 894000.000   27.680
 894500.000   27.617
 895000.000   27.056
 895500.000   27.891
 896000.000   28.233
 896500.000   28.261
 897000.000   28.859
 897500.000   26.823
 898000.000   27.924
 898500.000   25.998
 899000.000   27.906
 899500.000   25.909
 900000.000   26.643
 900500.000   26.475
 901000.000   28.231
 901500.000   26.591
 902000.000   28.124
 902500.000   26.570
 903000.000   27.633
 903500.000   28.037
 904000.000   26.475
 904500.000   26.204
 905000.000   27.015
 905500.000   27.260
 906000.000   27.804
 906500.000   26.800
 907000.000   27.199
 907500.000   26.863
 908000.000   25.521
 908500.000   26.265
 909000.000   26.431
 909500.000   25.166
 910000.000   25.762
 910500.000   26.399
 911000.000   26.413
 911500.000   27.814
 912000.000   26.594
 912500.000   27.159
 913000.000   26.177
 913500.000   25.988
 914000.000   26.824
 914500.000   26.143
 915000.000   25.127
 915500.000   26.124
 916000.000   25.637
 916500.000   25.321
 917000.000   25.465
 917500.000   25.445
 918000.000   25.759
 918500.000   26.361
 919000.000   26.041
 919500.000   26.017
 920000.000   25.446
 920500.000   26.487
 921000.000   25.545
 921500.000   25.903
 922000.000   25.325
 922500.000   25.151
 923000.000   26.015
 923500.000   25.128
 924000.000   26.164
 924500.000   25.833
 925000.000   26.594
 925500.000   25.610
 926000.000   26.876
 926500.000   24.974
 927000.000   26.420
 927500.000   25.057
 928000.000   26.293
 928500.000   25.521
 929000.000   25.284
 929500.000   26.084
 930000.000   26.545
 930500.000   24.316
 931000.000   25.184
 931500.000   25.617
 932000.000   25.384
 932500.000   25.415
 933000.000   26.300
 933500.000   25.337
 934000.000   25.588
 934500.000   25.558
 935000.000   25.076
 935500.000   25.517
 936000.000   23.860
 936500.000   24.472
 937000.000   25.428
 937500.000   24.261
 938000.000   24.626
 938500.000   25.444
 939000.000   24.804
 939500.000   25.493
 940000.000   24.893
 940500.000   25.093
 941000.000   25.044
 941500.000   24.251
 942000.000   25.176
 942500.000   25.996
 943000.000   24.871
 943500.000   25.508
 944000.000   26.215
 944500.000   26.541
 945000.000   26.664
 945500.000   26.123
 946000.000   27.172
 946500.000   25.820
 947000.000   25.634
 947500.000   26.118
 948000.000   25.874
 948500.000   25.620
 949000.000   25.595
 949500.000   26.779
 950000.000   26.325
 950500.000   26.220
 951000.000   26.731
 951500.000   26.912
 952000.000   26.958
 952500.000   25.497
 953000.000   26.384
 953500.000   26.566
 954000.000   25.493
 954500.000   27.170
 955000.000   25.643
 955500.000   25.537
 956000.000   25.739
 956500.000   25.866
 957000.000   25.274
 957500.000   25.684
 958000.000   26.563
 958500.000   27.070
 959000.000   25.977
 959500.000   25.991
 960000.000   25.950
 960500.000   25.732
 961000.000   25.679
 961500.000   26.151
 962000.000   26.682
 962500.000   25.486
 963000.000   26.635
 963500.000   25.629
 964000.000   25.765
 964500.000   26.477
 965000.000   25.624
 965500.000   26.723
 966000.000   26.413
 966500.000   26.216
 967000.000   25.985
 967500.000   25.519
 968000.000   28.065
 968500.000   27.098
 969000.000   27.779
 969500.000   26.694
 970000.000   26.745
 970500.000   24.758
 971000.000   27.436
 971500.000   26.201
 972000.000   26.496
 972500.000   25.724
 973000.000   26.778
 973500.000   26.178
 974000.000   27.706
 974500.000   25.577
 975000.000   26.974
 975500.000   25.430
 976000.000   25.836
 976500.000   28.102
 977000.000   26.871
 977500.000   26.486
 978000.000   27.056
 978500.000   26.289
 979000.000   26.056
 979500.000   27.056
 980000.000   26.431
 980500.000   27.284
 981000.000   26.522
 981500.000   25.855
 982000.000   27.956
 982500.000   26.811
 983000.000   28.024
 983500.000   27.427
 984000.000   26.820
 984500.000   27.330
 985000.000   27.030
 985500.000   27.221
 986000.000   25.853
 986500.000   26.845
 987000.000   27.050
 987500.000   27.951
 988000.000   26.574
 988500.000   27.278
 989000.000   27.309
 989500.000   26.829
 990000.000   25.852
 990500.000   26.858
 991000.000   27.303
 991500.000   27.280
 992000.000   27.523
 992500.000   25.820
 993000.000   26.868
 993500.000   25.583
 994000.000   28.175
 994500.000   28.012
 995000.000   27.826
 995500.000   27.592
 996000.000   27.682
 996500.000   27.219
 997000.000   28.055
 997500.000   26.806
 998000.000   28.445
 998500.000   27.013
 999000.000   26.802
 999500.000   27.705
1000000.000   27.588
