 750000.000    6.718
 750500.000    6.629
 751000.000    4.877
 751500.000    2.698
 752000.000    2.702
 752500.000    2.356
 753000.000    4.528
 753500.000    4.189
 754000.000    4.622
 754500.000    2.019
 755000.000    6.808
 755500.000    4.439
 756000.000    2.617
 756500.000    2.705
 757000.000    2.977
 757500.000    1.997
 758000.000    4.193
 758500.000    4.278
 759000.000    4.805
 759500.000    2.718
 760000.000    2.789
 760500.000    5.491
 761000.000    3.928
 761500.000    5.582
 762000.000    3.050
 762500.000    6.013
 763000.000    1.034
 763500.000    2.361
 764000.000    2.093
 764500.000    3.240
 765000.000    2.782
 765500.000    3.919
 766000.000    2.963
 766500.000    0.890
 767000.000    3.584
 767500.000    3.140
 768000.000    1.839
 768500.000    3.584
 769000.000    1.233
 769500.000    3.573
 770000.000    1.224
 770500.000    4.191
 771000.000    4.964
 771500.000    2.106
 772000.000    3.217
 772500.000    1.577
 773000.000    5.580
 773500.000    4.613
 774000.000    5.667
 774500.000    4.524
 775000.000    5.397
 775500.000    4.090
 776000.000    1.751
 776500.000    2.885
 777000.000    3.243
 777500.000    5.314
 778000.000    0.450
 778500.000    4.274
 779000.000    2.615
 779500.000    4.709
 780000.000    3.145
 780500.000    3.916
 781000.000    2.185
 781500.000    1.744
 782000.000    3.142
 782500.000    2.512
 783000.000   -0.435
 783500.000    2.959
 784000.000    3.910
 784500.000    4.881
 785000.000    2.012
 785500.000    4.343
 786000.000    4.785
 786500.000    1.827
 787000.000    2.881
 787500.000    3.218
 788000.000    4.089
 788500.000    4.091
 789000.000    2.443
 789500.000    3.933
 790000.000    1.999
 790500.000    2.445
 791000.000    3.839
 791500.000    2.345
 792000.000    4.971
 792500.000    6.073
 793000.000    9.291
 793500.000    4.512
 794000.000    2.698
 794500.000    4.950
 795000.000    4.255
 795500.000    4.707
 796000.000    2.524
 796500.000    5.135
 797000.000    4.180
 797500.000    0.785
 798000.000    4.439
 798500.000    2.524
 799000.000    6.615
 799500.000    1.563
 800000.000    3.930
 800500.000    3.126
 801000.000    3.838
 801500.000    2.532
 802000.000    4.523
 802500.000    0.965
 803000.000    4.968
 803500.000    6.638
 804000.000    4.253
 804500.000    6.011
 805000.000    5.227
 805500.000    2.262
 806000.000    5.057
 806500.000    3.059
 807000.000    6.806
 807500.000    2.966
 808000.000    5.404
 808500.000    2.184
 809000.000    3.662
 809500.000    4.430
 810000.000    4.780
 810500.000    4.622
 811000.000    4.191
 811500.000    6.531
 812000.000    4.457
 812500.000    4.450
 813000.000    7.576
 813500.000    4.780
 814000.000    3.752
 814500.000    3.818
 815000.000    4.604
 815500.000    5.131
 816000.000    3.059
 816500.000    5.497
 817000.000    3.919
 817500.000    4.883
 818000.000    5.664
 818500.000    4.627
 819000.000    2.778
 819500.000    5.312
 820000.000    4.265
 820500.000    4.274
 821000.000    2.271
 821500.000    3.392
 822000.000    6.363
 822500.000    2.186
 823000.000    2.349
 823500.000    6.453
 824000.000    4.100
 824500.000    6.884
 825000.000    4.278
 825500.000    6.464
 826000.000    6.352
 826500.000    4.265
 827000.000    6.022
 827500.000    5.223
 828000.000    3.571
 828500.000    4.176
 829000.000    4.446
 829500.000    3.761
 830000.000    4.102
 830500.000    4.196
 831000.000    2.095
 831500.000    5.073
 832000.000    2.695
 832500.000    5.839
 833000.000    4.530
 833500.000    3.296
 834000.000    4.093
 834500.000    4.173
 835000.000    4.886
 835500.000    4.352
 836000.000    2.288
 836500.000    5.318
 837000.000    3.410
 837500.000    5.671
 838000.000    3.055
 838500.000    4.790
 839000.000    3.153
 839500.000    7.055
 840000.000    5.674
 840500.000    0.624
 841000.000    3.848
 841500.000    4.361
 842000.000    1.149
 842500.000    1.490
 843000.000    2.271
 843500.000    2.721
 844000.000    4.902
 844500.000    2.358
 845000.000    4.107
 845500.000    7.339
 846000.000    6.026
 846500.000    5.422
 847000.000    1.320
 847500.000    5.665
 848000.000    4.255
 848500.000    5.495
 849000.000    6.002
 849500.000    3.827
 850000.000    3.921
 850500.000    4.691
 851000.000    7.048
 851500.000    3.726
 852000.000    6.096
 852500.000    3.378
 853000.000    3.555
 853500.000    2.588
 854000.000    4.698
 854500.000    2.966
 855000.000    6.627
 855500.000    6.185
 856000.000    4.785
 856500.000    4.521
 857000.000    1.561
 857500.000    2.611
 858000.000    7.912
 858500.000    6.968
 859000.000    4.193
 859500.000    4.972
 860000.000    6.869
 860500.000    8.533
 861000.000    7.066
 861500.000    5.928
 862000.000    5.239
 862500.000    3.912
 863000.000    6.180
 863500.000    4.178
 864000.000    5.394
 864500.000    2.177
 865000.000    3.131
 865500.000    5.657
 866000.000    6.279
 866500.000    6.798
 867000.000    4.093
 867500.000    7.656
 868000.000    3.593
 868500.000    4.792
 869000.000    7.844
 869500.000    6.015
 870000.000    4.185
 870500.000    3.488
 871000.000    4.624
 871500.000    3.311
 872000.000    3.749
 872500.000    3.135
 873000.000    5.062
 873500.000    7.830
 874000.000    4.791
 874500.000    1.829
 875000.000    5.059
 875500.000    4.092
 876000.000    5.738
 876500.000    4.180
 877000.000    4.963
 877500.000    4.091
 878000.000    5.997
 878500.000    4.877
 879000.000    2.867
 879500.000    3.845
 880000.000    5.910
 880500.000    4.950
 881000.000    4.455
 881500.000    2.358
 882000.000    4.537
 882500.000    4.262
 883000.000    6.961
 883500.000    4.359
 884000.000    2.439
 884500.000    5.137
 885000.000    6.624
 885500.000    5.074
 886000.000    4.443
 886500.000    6.187
 887000.000    4.436
 887500.000    5.062
 888000.000    4.423
 888500.000    4.356
 889000.000    4.796
 889500.000    3.051
 890000.000    0.608
 890500.000    5.846
 891000.000    7.759
 891500.000    4.168
 892000.000    5.676
 892500.000    5.575
 893000.000    5.303
 893500.000    2.785
 894000.000    2.679
 894500.000    4.862
 895000.000    2.262
 895500.000    3.917
 896000.000    4.959
 896500.000    3.825
 897000.000    5.639
 897500.000    2.776
 898000.000    2.342
 898500.000    3.834
 899000.000    3.834
 899500.000    3.939
 900000.000    3.658
 900500.000    2.878
 901000.000    3.648
 901500.000    2.090
 902000.000    3.389
 902500.000    3.135
 903000.000    5.300
 903500.000    2.429
 904000.000    3.142
 904500.000    5.502
 905000.000    5.743
 905500.000    0.510
 906000.000    2.957
 906500.000    2.615
 907000.000    2.608
 907500.000    3.823
 908000.000    3.064
 908500.000    3.932
 909000.000    8.714
 909500.000    5.243
 910000.000    3.062
 910500.000    3.747
 911000.000    6.373
 911500.000    6.867
 912000.000    1.050
 912500.000    2.519
 913000.000    0.617
 913500.000    4.100
 914000.000    3.650
 914500.000    3.653
 915000.000    2.517
 915500.000    2.267
 916000.000    3.312
 916500.000    5.937
 917000.000    2.720
 917500.000    4.368
 918000.000    3.484
 918500.000    2.445
 919000.000    2.613
 919500.000    1.226
 920000.000    3.497
 920500.000    2.860
 921000.000    2.184
 921500.000    4.879
 922000.000    2.184
 922500.000   -0.689
 923000.000    2.968
 923500.000    2.281
 924000.000    2.871
 924500.000    3.392
 925000.000    4.359
 925500.000    1.832
 926000.000    3.305
 926500.000    0.787
 927000.000    4.109
 927500.000    1.919
 928000.000    5.222
 928500.000    3.572
 929000.000    4.716
 929500.000    3.142
 930000.000    5.509
 930500.000    1.577
 931000.000    3.589
 931500.000    1.738
 932000.000    2.709
 932500.000    5.241
 933000.000    5.135
 933500.000    1.493
 934000.000    3.745
 934500.000    1.227
 935000.000    2.010
 935500.000    3.066
 936000.000    3.066
 936500.000    3.669
 937000.000    3.926
 937500.000    4.968
 938000.000    1.314
 938500.000    0.193
 939000.000    2.879
 939500.000    1.227
 940000.000    2.091
 940500.000    1.827
 941000.000    1.328
 941500.000    2.620
 942000.000    3.671
 942500.000    1.398
 943000.000    5.152
 943500.000    3.921
 944000.000    3.486
 944500.000    3.926
 945000.000    1.045
 945500.000    4.547
 946000.000    4.526
 946500.000    2.961
 947000.000    3.836
 947500.000    3.925
 948000.000    4.285
 948500.000    2.796
 949000.000    3.933
 949500.000    3.919
 950000.000    3.486
 950500.000    2.095
 951000.000    4.618
 951500.000    5.051
 952000.000   -0.524
 952500.000    5.848
 953000.000    5.326
 953500.000    5.046
 954000.000    3.410
 954500.000    4.712
 955000.000    3.499
 955500.000    2.193
 956000.000    2.886
 956500.000    4.537
 957000.000    4.022
 957500.000    1.149
 958000.000    2.876
 958500.000    2.881
 959000.000    5.229
 959500.000    2.972
 960000.000    4.459
 960500.000    3.923
 961000.000    5.247
 961500.000    1.839
 962000.000   -0.430
 962500.000    1.144
 963000.000    2.627
 963500.000    1.673
 964000.000    1.839
 964500.000    2.361
 965000.000    2.281
 965500.000    2.090
 966000.000    1.932
 966500.000    0.092
 967000.000    3.069
 967500.000   -0.066
 968000.000   -0.429
 968500.000    0.885
 969000.000    0.359
 969500.000    6.121
 970000.000    2.716
 970500.000   -0.755
 971000.000    4.962
 971500.000    3.495
 972000.000    0.975
 972500.000    0.539
 973000.000    3.318
 973500.000    3.578
 974000.000    4.526
 974500.000    2.462
 975000.000    4.178
 975500.000    3.412
 976000.000    0.177
 976500.000    3.832
 977000.000    4.173
 977500.000    3.749
 978000.000    3.293
 978500.000    6.528
 979000.000    3.218
 979500.000    2.519
 980000.000    3.321
 980500.000    4.684
 981000.000    3.048
 981500.000    1.841
 982000.000    3.571
 982500.000    1.039
 983000.000    2.173
 983500.000    4.980
 984000.000    4.439
 984500.000    6.187
 985000.000    3.995
 985500.000    4.540
 986000.000    3.564
 986500.000    1.923
 987000.000    4.611
 987500.000    3.305
 988000.000    3.138
 988500.000    2.434
 989000.000    4.357
 989500.000    5.758
 990000.000    4.730
 990500.000    3.325
 991000.000    5.758
 991500.000    5.300
 992000.000    2.185
 992500.000    1.564
 993000.000    2.267
 993500.000    3.316
 994000.000    5.312
 994500.000    4.959
 995000.000    3.656
 995500.000    5.056
 996000.000    3.403
 996500.000    0.682
 997000.000    3.486
 997500.000    2.613
 998000.000    4.343
 998500.000    2.445
 999000.000    3.151
 999500.000    3.300
1000000.000    4.539
