 750000.000 1.054857 0.476942 0.986163 1.012648
 750500.000 1.036746 0.488732 0.961110 0.993525
 751000.000 1.037216 0.452067 0.978224 0.995162
 751500.000 1.085529 0.466875 1.025790 1.042366
 752000.000 1.038440 0.454030 0.988639 0.986492
 752500.000 1.062453 0.450676 1.009534 1.017517
 753000.000 1.057631 0.473128 0.993702 1.012853
 753500.000 1.044518 0.468398 0.986898 0.994321
 754000.000 1.029461 0.456912 0.975671 0.979223
 754500.000 1.054763 0.465494 0.995067 1.009063
 755000.000 1.047902 0.438521 0.996542 1.005386
 755500.000 1.043466 0.467373 0.988446 0.991050
 756000.000 1.047342 0.452858 0.991241 1.003100
 756500.000 1.064831 0.439805 1.015461 1.021343
 757000.000 1.059709 0.423672 1.013419 1.019536
 757500.000 1.045564 0.438743 0.999905 0.997046
 758000.000 1.038347 0.455457 0.979586 0.994635
 758500.000 1.056720 0.478913 0.996002 1.005950
 759000.000 1.025836 0.463590 0.965061 0.978990
 759500.000 1.031315 0.462248 0.971731 0.984524
 760000.000 1.052477 0.457790 0.995781 1.007106
 760500.000 1.029262 0.444236 0.980029 0.980285
 761000.000 1.064670 0.452056 1.015302 1.015801
 761500.000 1.057874 0.437255 1.010046 1.013316
 762000.000 1.044201 0.436830 0.999638 0.995297
 762500.000 1.054998 0.426227 1.009294 1.012767
 763000.000 1.031533 0.444743 0.983805 0.981048
 763500.000 1.029529 0.450403 0.978970 0.979088
 764000.000 1.028002 0.445864 0.976582 0.980342
 764500.000 1.032963 0.464253 0.978576 0.980247
 765000.000 1.055055 0.465313 1.002789 1.002087
 765500.000 1.046886 0.472542 0.986468 0.997761
 766000.000 1.035661 0.483881 0.976811 0.978205
 766500.000 1.060830 0.462607 1.002670 1.015562
 767000.000 1.044456 0.430386 0.993582 1.004658
 767500.000 1.051952 0.431304 1.006991 1.006554
 768000.000 1.055754 0.445338 1.005354 1.010034
 768500.000 1.068315 0.500409 0.996367 1.019528
 769000.000 1.055491 0.496465 0.981722 1.008895
 769500.000 1.059805 0.476936 0.991832 1.017437
 770000.000 1.058829 0.469376 0.996637 1.014217
 770500.000 1.072575 0.493409 1.000700 1.027610
 771000.000 1.063534 0.476080 1.001217 1.016426
 771500.000 1.034619 0.462704 0.976736 0.986289
 772000.000 1.024110 0.468454 0.963524 0.974563
 772500.000 1.048505 0.502011 0.972182 1.000786
 773000.000 1.057174 0.503610 0.990560 1.000200
 773500.000 1.063280 0.468185 1.007267 1.013581
 774000.000 1.035244 0.490659 0.973623 0.977124
 774500.000 1.059552 0.447207 1.014811 1.007703
 775000.000 1.083124 0.442249 1.042937 1.031025
 775500.000 1.045491 0.454963 1.000233 0.989266
 776000.000 1.049323 0.441154 1.008541 0.995181
 776500.000 1.040629 0.453801 0.989579 0.990259
 777000.000 1.039485 0.477436 0.975953 0.990267
 777500.000 1.037449 0.450831 0.984616 0.989891
 778000.000 1.055561 0.485837 0.991293 1.004848
 778500.000 1.062055 0.514719 0.986504 1.008858
 779000.000 1.057229 0.515685 0.977436 1.007052
 779500.000 1.046827 0.503155 0.975721 0.993226
 780000.000 1.056011 0.517906 0.966963 1.013447
 780500.000 1.081288 0.493948 1.009914 1.036560
 781000.000 1.094752 0.477931 1.027923 1.054476
 781500.000 1.112205 0.589334 0.986417 1.074090
 782000.000 1.155186 0.607004 1.023987 1.118888
 782500.000 1.116804 0.578088 1.000452 1.076759
 783000.000 1.153723 0.593492 1.026678 1.120649
 783500.000 1.130993 0.558304 1.021359 1.097002
 784000.000 1.151424 0.615044 1.015175 1.114762
 784500.000 1.153835 0.559368 1.052870 1.114112
 785000.000 1.136913 0.488120 1.068585 1.097728
 785500.000 1.150196 0.462132 1.094761 1.110782
 786000.000 1.130513 0.455996 1.076162 1.090900
 786500.000 1.163036 0.469583 1.103013 1.126125
 787000.000 1.154458 0.441084 1.108837 1.114213
 787500.000 1.144284 0.462450 1.092350 1.100764
 788000.000 1.132528 0.516129 1.060798 1.083309
 788500.000 1.106470 0.478381 1.049599 1.057377
 789000.000 1.127699 0.506498 1.053815 1.084594
 789500.000 1.113476 0.483303 1.043592 1.075636
 790000.000 1.112787 0.554892 1.011185 1.070602
 790500.000 1.113222 0.522776 1.020452 1.078846
 791000.000 1.107790 0.505275 1.027007 1.069744
 791500.000 1.113011 0.491150 1.039197 1.075374
 792000.000 1.133449 0.473387 1.078159 1.087608
 792500.000 1.119194 0.473664 1.068751 1.067054
 793000.000 1.152049 0.587418 1.065659 1.083396
 793500.000 1.137391 0.493712 1.082692 1.082287
 794000.000 1.160241 0.495256 1.105820 1.106438
 794500.000 1.165990 0.467069 1.115028 1.121438
 795000.000 1.116588 0.492280 1.051748 1.070056
 795500.000 1.144270 0.502840 1.069881 1.105085
 796000.000 1.097494 0.466322 1.035351 1.058102
 796500.000 1.076660 0.457188 1.020948 1.032976
 797000.000 1.084471 0.492765 1.010384 1.043294
 797500.000 1.058571 0.536684 0.962645 1.013129
 798000.000 1.024964 0.554948 0.925278 0.967987
 798500.000 1.031075 0.522615 0.947818 0.977112
 799000.000 1.058516 0.526240 0.976229 1.005464
 799500.000 1.034676 0.535728 0.951840 0.973706
 800000.000 1.054649 0.484079 0.991240 1.003832
 800500.000 1.055722 0.502156 0.997693 0.990729
 801000.000 1.038079 0.501718 0.977610 0.973538
 801500.000 1.060806 0.570011 0.979019 0.983476
 802000.000 1.063443 0.577483 0.967046 0.996572
 802500.000 1.046961 0.553872 0.970142 0.971754
 803000.000 1.048347 0.522316 0.986929 0.975305
 803500.000 1.044133 0.561564 0.990041 0.940688
 804000.000 1.055052 0.451024 1.000680 1.010686
 804500.000 1.069286 0.477530 1.018446 1.010682
 805000.000 1.073710 0.497384 1.007717 1.021188
 805500.000 1.043561 0.541332 0.978540 0.963046
 806000.000 1.053887 0.617363 0.970392 0.947923
 806500.000 1.049888 0.567965 0.966753 0.973312
 807000.000 1.064586 0.517931 0.992386 1.006779
 807500.000 1.058440 0.471733 0.998160 1.010810
 808000.000 1.046119 0.531887 0.969414 0.982885
 808500.000 1.050331 0.485730 0.997436 0.987713
 809000.000 1.055934 0.496655 0.989418 1.002187
 809500.000 1.063647 0.483782 1.000855 1.013377
 810000.000 1.074122 0.507573 0.998004 1.026565
 810500.000 1.064570 0.531629 0.988367 1.003553
 811000.000 1.052737 0.530645 0.977100 0.990052
 811500.000 1.046023 0.504465 0.971517 0.994987
 812000.000 1.059720 0.495450 0.989735 1.010430
 812500.000 1.064401 0.528459 0.981072 1.011992
 813000.000 1.037948 0.539666 0.947239 0.982940
 813500.000 1.042662 0.603674 0.925579 0.976305
 814000.000 1.027429 0.567431 0.923797 0.967389
 814500.000 1.039339 0.530537 0.957913 0.980501
 815000.000 1.033584 0.554548 0.942867 0.969571
 815500.000 1.058469 0.543501 0.970149 1.002063
 816000.000 1.052146 0.512016 0.972219 1.003321
 816500.000 1.065217 0.534232 0.975469 1.016085
 817000.000 1.053985 0.567333 0.945734 1.002742
 817500.000 1.053548 0.573416 0.943800 1.000180
 818000.000 1.020009 0.567680 0.915825 0.959083
 818500.000 1.031770 0.545997 0.936756 0.976460
 819000.000 1.064702 0.627672 0.935637 0.998896
 819500.000 1.020277 0.621104 0.899605 0.941738
 820000.000 1.044035 0.571361 0.940300 0.984581
 820500.000 1.085042 0.617681 0.947433 1.037051
 821000.000 1.072684 0.650392 0.905602 1.028678
 821500.000 1.065492 0.651923 0.898227 1.019181
 822000.000 1.069447 0.580567 0.947301 1.026156
 822500.000 1.050175 0.610167 0.926276 0.987646
 823000.000 1.079579 0.622010 0.942240 1.027749
 823500.000 1.097861 0.584175 0.992731 1.041068
 824000.000 1.045529 0.500435 0.971572 0.995928
 824500.000 1.083467 0.503951 0.999727 1.046126
 825000.000 1.088417 0.555294 0.993451 1.036343
 825500.000 1.088314 0.610939 0.959919 1.036419
 826000.000 1.098421 0.524410 1.012510 1.054928
 826500.000 1.077414 0.614977 0.938083 1.031235
 827000.000 1.071665 0.538911 0.974569 1.027970
 827500.000 1.129412 0.509710 1.045282 1.094864
 828000.000 1.094929 0.537749 0.995995 1.056674
 828500.000 1.090587 0.502669 1.008735 1.052870
 829000.000 1.105256 0.530898 1.008341 1.069849
 829500.000 1.126252 0.501351 1.043048 1.094343
 830000.000 1.091337 0.542599 0.987424 1.054804
 830500.000 1.107589 0.553925 1.004607 1.066507
 831000.000 1.071237 0.521647 0.983848 1.027144
 831500.000 1.074521 0.527159 0.978506 1.036252
 832000.000 1.074080 0.533881 0.979809 1.030651
 832500.000 1.065697 0.485502 0.998197 1.019466
 833000.000 1.056929 0.500738 0.983778 1.007789
 833500.000 1.089464 0.511906 1.006062 1.048644
 834000.000 1.080317 0.527937 0.997551 1.029731
 834500.000 1.060628 0.526489 0.973440 1.012466
 835000.000 1.116591 0.493157 1.048034 1.073299
 835500.000 1.088984 0.572204 0.976344 1.044561
 836000.000 1.074993 0.546065 0.978487 1.027422
 836500.000 1.067423 0.537033 0.974195 1.020451
 837000.000 1.064088 0.541254 0.966226 1.018831
 837500.000 1.075772 0.537689 0.978764 1.033191
 838000.000 1.059382 0.560666 0.952554 1.011373
 838500.000 1.071479 0.550740 0.970994 1.024690
 839000.000 1.088121 0.555104 0.989421 1.039671
 839500.000 1.075448 0.545104 0.986085 1.021603
 840000.000 1.065746 0.569833 0.954727 1.017553
 840500.000 1.108915 0.585343 0.995387 1.061114
 841000.000 1.080999 0.561006 0.974525 1.035707
 841500.000 1.053132 0.573469 0.945649 0.997525
 842000.000 1.074446 0.573057 0.965215 1.024126
 842500.000 1.086032 0.559198 0.990514 1.032042
 843000.000 1.062436 0.513884 0.994468 1.002246
 843500.000 1.067060 0.543000 0.979723 1.011200
 844000.000 1.048991 0.529673 0.963403 0.996024
 844500.000 1.042173 0.549021 0.946053 0.987832
 845000.000 1.028712 0.588672 0.911589 0.969002
 845500.000 1.027995 0.522162 0.944500 0.974071
 846000.000 1.034296 0.520164 0.949993 0.983096
 846500.000 1.055283 0.563371 0.957265 0.996746
 847000.000 1.031606 0.525959 0.949834 0.974475
 847500.000 1.067108 0.494120 0.991619 1.024685
 848000.000 1.078681 0.511747 0.993655 1.038205
 848500.000 1.077984 0.476537 1.009911 1.037830
 849000.000 1.096287 0.513914 1.018137 1.050228
 849500.000 1.066120 0.537425 0.978643 1.013239
 850000.000 1.056114 0.524176 0.973465 1.004170
 850500.000 1.100896 0.512724 1.029894 1.048988
 851000.000 1.049971 0.514735 0.970649 0.998882
 851500.000 1.057219 0.559700 0.958422 1.001791
 852000.000 1.070140 0.506225 0.999041 1.017866
 852500.000 1.061666 0.530128 0.973378 1.012803
 853000.000 1.067927 0.492178 0.996466 1.022621
 853500.000 1.076104 0.533499 0.985641 1.029509
 854000.000 1.061495 0.543894 0.962277 1.015750
 854500.000 1.027127 0.509527 0.941721 0.981591
 855000.000 1.037019 0.566356 0.922479 0.989490
 855500.000 1.067153 0.549723 0.969082 1.017998
 856000.000 1.054293 0.546486 0.953309 1.007781
 856500.000 1.059065 0.530000 0.961086 1.019142
 857000.000 1.077577 0.563158 0.965261 1.036083
 857500.000 1.038408 0.574718 0.929343 0.981123
 858000.000 1.080773 0.570370 0.968656 1.035628
 858500.000 1.049554 0.608172 0.910812 1.001835
 859000.000 1.076034 0.592453 0.953541 1.027354
 859500.000 1.015807 0.577933 0.901637 0.957482
 860000.000 1.045166 0.542558 0.945174 0.998509
 860500.000 1.061434 0.567947 0.944144 1.019467
 861000.000 0.998120 0.543306 0.894892 0.946822
 861500.000 1.032773 0.504856 0.949982 0.987873
 862000.000 1.024732 0.458057 0.967827 0.976548
 862500.000 1.075315 0.477482 1.008201 1.033512
 863000.000 1.058785 0.484987 0.993948 1.009409
 863500.000 1.086118 0.482591 1.019339 1.042765
 864000.000 1.044571 0.493877 0.983452 0.985477
 864500.000 1.056391 0.469375 0.994907 1.010826
 865000.000 1.052904 0.477814 0.991267 1.003142
 865500.000 1.042029 0.476857 0.980852 0.991052
 866000.000 1.031006 0.497968 0.964206 0.973797
 866500.000 1.049555 0.488028 0.977470 1.004745
 867000.000 1.054324 0.502429 0.970893 1.013967
 867500.000 1.080250 0.517367 1.000935 1.031668
 868000.000 1.070471 0.507597 0.986554 1.029987
 868500.000 1.062708 0.525493 0.981828 1.009241
 869000.000 1.046396 0.511638 0.957560 1.005583
 869500.000 1.087330 0.497947 1.009183 1.047936
 870000.000 1.047613 0.482998 0.986725 0.994019
 870500.000 1.048890 0.483960 0.975613 1.007125
 871000.000 1.017497 0.507310 0.935507 0.968536
 871500.000 1.029169 0.493492 0.955902 0.980355
 872000.000 1.034883 0.531382 0.942713 0.985338
 872500.000 1.029004 0.478768 0.956417 0.986786
 873000.000 1.024526 0.488105 0.944061 0.984788
 873500.000 1.003216 0.510874 0.911977 0.959266
 874000.000 1.020335 0.516391 0.929505 0.975464
 874500.000 1.007898 0.511594 0.917510 0.963414
 875000.000 1.035105 0.514887 0.945006 0.992341
 875500.000 1.009775 0.498733 0.929341 0.962747
 876000.000 1.022286 0.502533 0.944717 0.972166
 876500.000 1.014865 0.497546 0.939923 0.963791
 877000.000 1.036023 0.539159 0.940213 0.985898
 877500.000 1.031261 0.500387 0.955617 0.981533
 878000.000 1.036458 0.527489 0.954421 0.979451
 878500.000 1.030606 0.557609 0.936499 0.967648
 879000.000 1.030812 0.578740 0.921016 0.970534
 879500.000 1.054196 0.569310 0.960286 0.988126
 880000.000 1.068142 0.544632 0.977672 1.014587
 880500.000 1.025000 0.553030 0.924019 0.970359
 881000.000 1.013750 0.546713 0.914809 0.958960
 881500.000 1.040691 0.566283 0.924340 0.995487
 882000.000 1.038607 0.529442 0.943136 0.993778
 882500.000 1.012653 0.507247 0.928282 0.965361
 883000.000 1.027916 0.500367 0.946819 0.983051
 883500.000 1.034060 0.510215 0.950260 0.987545
 884000.000 1.021326 0.528018 0.927190 0.973513
 884500.000 1.016271 0.502834 0.932921 0.970789
 885000.000 1.025026 0.484748 0.952172 0.979665
 885500.000 1.040779 0.499834 0.960500 0.997019
 886000.000 1.024178 0.520644 0.945152 0.966179
 886500.000 1.009332 0.480035 0.934852 0.965982
 887000.000 1.029919 0.480115 0.964353 0.980294
 887500.000 1.013523 0.487710 0.940866 0.965073
 888000.000 1.004983 0.480475 0.937198 0.954351
 888500.000 1.063014 0.479668 0.992524 1.022159
 889000.000 1.057652 0.490361 0.979178 1.018829
 889500.000 1.057614 0.480309 0.987689 1.015317
 890000.000 1.062151 0.505894 0.978506 1.021238
 890500.000 1.052956 0.460803 0.987162 1.015188
 891000.000 1.110111 0.490151 1.038404 1.070589
 891500.000 1.113115 0.537551 1.031687 1.060525
 892000.000 1.061188 0.526333 0.967463 1.019426
 892500.000 1.052008 0.511040 0.978038 0.997858
 893000.000 1.029879 0.548592 0.954727 0.953335
 893500.000 1.085219 0.509110 1.015825 1.031653
 894000.000 1.045780 0.555048 0.964000 0.974648
 894500.000 1.039145 0.529847 0.966833 0.971670
 895000.000 1.080355 0.498326 1.002428 1.039780
 895500.000 1.069290 0.553102 0.976685 1.013375
 896000.000 1.077222 0.486336 1.002420 1.038963
 896500.000 1.081071 0.501689 1.002245 1.039827
 897000.000 1.094348 0.478057 1.029203 1.052331
 897500.000 1.037703 0.463633 0.970143 0.998761
 898000.000 1.043755 0.489754 0.968158 1.000829
 898500.000 1.044888 0.557824 0.930234 1.003534
 899000.000 1.066886 0.569059 0.947300 1.027270
 899500.000 1.045094 0.589374 0.917184 0.997926
 900000.000 1.044983 0.601924 0.908122 0.998489
 900500.000 1.047288 0.573186 0.926942 1.002926
 901000.000 1.066288 0.696952 0.881711 1.005379
 901500.000 1.055586 0.644605 0.898292 1.003035
 902000.000 1.089321 0.678074 0.913148 1.039046
 902500.000 1.046409 0.696075 0.865239 0.978154
 903000.000 1.077089 0.674200 0.905209 1.022884
 903500.000 1.085768 0.773688 0.828943 1.035396
 904000.000 1.040270 0.746080 0.790538 0.991333
 904500.000 1.086618 0.723460 0.859764 1.048279
 905000.000 1.096622 0.693039 0.897369 1.058104
 905500.000 1.071678 0.699987 0.875636 1.019935
 906000.000 1.075748 0.704103 0.865891 1.033895
 906500.000 1.079841 0.720470 0.855479 1.039804
 907000.000 1.084308 0.678992 0.895316 1.043468
 907500.000 1.082004 0.628700 0.931891 1.038161
 908000.000 1.082716 0.655025 0.907975 1.044544
 908500.000 1.072276 0.671185 0.885672 1.031817
 909000.000 1.039823 0.637445 0.864004 1.004801
 909500.000 1.054856 0.631170 0.895570 1.012433
 910000.000 1.067384 0.656606 0.899957 1.018608
 910500.000 1.053269 0.693769 0.845413 1.011293
 911000.000 1.051669 0.692780 0.844954 1.009022
 911500.000 1.048491 0.724825 0.824546 0.996704
 912000.000 1.054498 0.714514 0.850015 0.995429
 912500.000 1.043789 0.729318 0.814702 0.991640
 913000.000 1.050778 0.702587 0.844835 1.000447
 913500.000 1.020154 0.665086 0.829392 0.975293
 914000.000 1.009918 0.684434 0.802538 0.962993
 914500.000 1.037626 0.730729 0.796017 0.992839
 915000.000 1.001276 0.665228 0.798559 0.961707
 915500.000 1.035696 0.665636 0.841457 0.997100
 916000.000 1.020211 0.641434 0.838783 0.983191
 916500.000 1.025062 0.676389 0.816246 0.988810
 917000.000 1.052205 0.675942 0.851878 1.015716
 917500.000 1.057698 0.655288 0.873276 1.022466
 918000.000 1.049108 0.666975 0.854890 1.012701
 918500.000 1.027287 0.584315 0.893515 0.985314
 919000.000 1.047693 0.670003 0.857852 1.005240
 919500.000 1.038759 0.587442 0.911687 0.990847
 920000.000 1.056768 0.605184 0.917780 1.012398
 920500.000 1.052822 0.604541 0.906785 1.014466
 921000.000 1.063577 0.573909 0.939624 1.024757
 921500.000 1.039350 0.607504 0.893517 0.996525
 922000.000 1.044928 0.594622 0.909444 1.001542
 922500.000 1.065819 0.651418 0.898974 1.019530
 923000.000 1.061353 0.621646 0.911411 1.017754
 923500.000 1.018883 0.652982 0.853981 0.959467
 924000.000 1.056327 0.616246 0.910352 1.011510
 924500.000 1.065321 0.652015 0.898807 1.018253
 925000.000 1.036337 0.635078 0.875353 0.989152
 925500.000 1.015488 0.561480 0.896184 0.971610
 926000.000 1.039151 0.625216 0.893893 0.984749
 926500.000 1.030634 0.592481 0.904347 0.977515
 927000.000 1.062726 0.660401 0.914364 0.993267
 927500.000 1.057121 0.586295 0.931181 1.012012
 928000.000 1.039191 0.596862 0.916984 0.981188
 928500.000 1.026671 0.635447 0.872814 0.970829
 929000.000 1.026170 0.636026 0.863075 0.978070
 929500.000 1.049949 0.603595 0.920042 0.996986
 930000.000 1.055206 0.600865 0.919526 1.010125
 930500.000 1.045097 0.668115 0.859828 0.999386
 931000.000 1.062765 0.655485 0.877349 1.029338
 931500.000 1.074158 0.678733 0.885086 1.031298
 932000.000 1.043676 0.635642 0.871169 1.007741
 932500.000 1.052540 0.674240 0.858310 1.012118
 933000.000 1.079485 0.763963 0.820278 1.036379
 933500.000 1.050031 0.706653 0.838316 1.001499
 934000.000 1.065553 0.660962 0.885684 1.024450
 934500.000 1.053258 0.627048 0.887329 1.018902
 935000.000 1.050690 0.633959 0.881626 1.014263
 935500.000 1.023677 0.674114 0.813817 0.989495
 936000.000 1.030592 0.628817 0.856469 0.997642
 936500.000 1.048136 0.659757 0.855993 1.014483
 937000.000 1.009427 0.669912 0.804985 0.970106
 937500.000 1.042917 0.664090 0.846540 1.008814
 938000.000 1.038051 0.659607 0.843225 1.004486
 938500.000 1.056741 0.674086 0.852537 1.025763
 939000.000 1.043975 0.646212 0.858647 1.012376
 939500.000 1.049587 0.667871 0.858976 1.009641
 940000.000 1.033805 0.663292 0.836236 0.999129
 940500.000 1.047250 0.642494 0.869865 1.011929
 941000.000 1.053989 0.636802 0.881319 1.019581
 941500.000 1.025114 0.661374 0.828076 0.989237
 942000.000 1.021275 0.612604 0.862926 0.982895
 942500.000 1.061027 0.628468 0.899831 1.023176
 943000.000 1.021864 0.640777 0.838808 0.987024
 943500.000 1.015550 0.664001 0.819777 0.974553
 944000.000 1.016148 0.691172 0.803592 0.970378
 944500.000 1.066265 0.668925 0.878252 1.027160
 945000.000 1.051015 0.729369 0.831702 0.992753
 945500.000 1.077526 0.735902 0.847253 1.030890
 946000.000 1.062458 0.793999 0.777252 1.011474
 946500.000 1.051748 0.691276 0.856998 1.000020
 947000.000 1.055002 0.719104 0.835729 1.005239
 947500.000 1.062986 0.738856 0.831487 1.011235
 948000.000 1.051919 0.720589 0.830462 1.002074
 948500.000 1.091621 0.748665 0.844831 1.053107
 949000.000 1.061179 0.752779 0.805995 1.017790
 949500.000 1.072831 0.739582 0.837727 1.026237
 950000.000 1.074003 0.734441 0.843586 1.027583
 950500.000 1.072688 0.735453 0.841676 1.025674
 951000.000 1.086054 0.690104 0.892566 1.042167
 951500.000 1.072558 0.710165 0.852168 1.034523
 952000.000 1.057008 0.698950 0.853279 1.008918
 952500.000 1.075256 0.712911 0.849523 1.040394
 953000.000 1.100436 0.716021 0.875290 1.069159
 953500.000 1.062275 0.713548 0.841539 1.019566
 954000.000 1.083426 0.743984 0.837904 1.045003
 954500.000 1.071586 0.794120 0.774812 1.032295
 955000.000 1.083167 0.795263 0.796735 1.038880
 955500.000 1.101337 0.802758 0.804904 1.064705
 956000.000 1.085053 0.764298 0.818428 1.049145
 956500.000 1.101525 0.796834 0.807548 1.067537
 957000.000 1.096814 0.770664 0.830606 1.059326
 957500.000 1.058915 0.803584 0.753067 1.014764
 958000.000 1.066561 0.771789 0.794363 1.023930
 958500.000 1.098616 0.809741 0.796470 1.060127
 959000.000 1.100609 0.788982 0.821142 1.061090
 959500.000 1.116466 0.857632 0.779997 1.071946
 960000.000 1.097126 0.761779 0.833736 1.063931
 960500.000 1.108776 0.811412 0.807677 1.071464
 961000.000 1.096803 0.715604 0.871663 1.064927
 961500.000 1.120425 0.799433 0.845847 1.075246
 962000.000 1.118890 0.788442 0.859681 1.069175
 962500.000 1.110582 0.820317 0.815469 1.062487
 963000.000 1.122482 0.812684 0.841305 1.073166
 963500.000 1.115836 0.856679 0.792228 1.062383
 964000.000 1.115126 0.806660 0.827724 1.072933
 964500.000 1.157059 0.879725 0.810821 1.116344
 965000.000 1.120585 0.863365 0.769449 1.083501
 965500.000 1.135990 0.824788 0.846976 1.087797
 966000.000 1.137740 0.819520 0.854903 1.089236
 966500.000 1.110873 0.746999 0.880650 1.065141
 967000.000 1.101492 0.777111 0.853481 1.046058
 967500.000 1.107962 0.835987 0.807585 1.050758
 968000.000 1.120598 0.841177 0.810083 1.071293
 968500.000 1.090736 0.829270 0.778321 1.042084
 969000.000 1.111649 0.807426 0.850235 1.047230
 969500.000 1.089134 0.783306 0.833781 1.031342
 970000.000 1.096018 0.786705 0.835667 1.041762
 970500.000 1.088817 0.792410 0.809780 1.042779
 971000.000 1.106413 0.754407 0.861180 1.066555
 971500.000 1.106880 0.787722 0.825559 1.071594
 972000.000 1.080146 0.773344 0.811183 1.037955
 972500.000 1.109979 0.830027 0.800494 1.065068
 973000.000 1.072903 0.768824 0.816098 1.022318
 973500.000 1.049711 0.770983 0.786450 0.995423
 974000.000 1.077404 0.793574 0.791447 1.032207
 974500.000 1.041793 0.762264 0.776804 0.993073
 975000.000 1.024849 0.716174 0.802976 0.971059
 975500.000 1.043176 0.708550 0.820716 1.000408
 976000.000 1.071141 0.795644 0.789337 1.019109
 976500.000 1.090123 0.761795 0.843515 1.041579
 977000.000 1.090472 0.770824 0.833605 1.043644
 977500.000 1.043944 0.735150 0.812268 0.989653
 978000.000 1.068164 0.673650 0.894510 1.013902
 978500.000 1.064452 0.653867 0.903620 1.010963
 979000.000 1.036698 0.652969 0.867428 0.985234
 979500.000 1.068750 0.666127 0.891782 1.022475
 980000.000 1.041273 0.688583 0.839515 0.994769
 980500.000 1.054654 0.704432 0.846441 1.005933
 981000.000 1.046306 0.678766 0.851301 1.002034
 981500.000 1.049510 0.678071 0.850077 1.010212
 982000.000 1.069055 0.690608 0.873639 1.022533
 982500.000 1.051280 0.668106 0.862236 1.010229
 983000.000 1.068568 0.711406 0.853835 1.023983
 983500.000 1.055765 0.696264 0.864715 0.998381
 984000.000 1.064568 0.716032 0.858032 1.008805
 984500.000 1.060967 0.716784 0.845773 1.011034
 985000.000 1.047505 0.763092 0.784166 0.998651
 985500.000 1.072760 0.734437 0.837230 1.030183
 986000.000 1.028595 0.701959 0.802850 0.989294
 986500.000 1.067606 0.721039 0.841806 1.025199
 987000.000 1.052110 0.718419 0.823196 1.009995
 987500.000 1.093891 0.737541 0.860398 1.053064
 988000.000 1.038816 0.724223 0.811295 0.987714
 988500.000 1.076596 0.746213 0.832164 1.033821
 989000.000 1.089269 0.771842 0.831008 1.042449
 989500.000 1.055024 0.756377 0.805669 1.002468
 990000.000 1.050105 0.780983 0.767515 1.003208
 990500.000 1.069305 0.782767 0.790043 1.024662
 991000.000 1.082232 0.792830 0.790658 1.043424
 991500.000 1.065078 0.814415 0.743228 1.026217
 992000.000 1.093851 0.800550 0.799351 1.055074
 992500.000 1.072378 0.813552 0.755810 1.032895
 993000.000 1.088594 0.876650 0.728475 1.034835
 993500.000 1.074923 0.882907 0.718115 1.007823
 994000.000 1.140715 0.892597 0.782263 1.092609
 994500.000 1.120672 0.840235 0.798430 1.080892
 995000.000 1.105543 0.834649 0.787258 1.062091
 995500.000 1.104021 0.803109 0.815996 1.061551
 996000.000 1.098093 0.830496 0.782750 1.053184
 996500.000 1.097229 0.780372 0.831327 1.052491
 997000.000 1.118895 0.824100 0.825364 1.069339
 997500.000 1.120106 0.809459 0.861068 1.054805
 998000.000 1.121450 0.813482 0.848853 1.064422
 998500.000 1.104210 0.826051 0.817691 1.042870
 999000.000 1.105817 0.870598 0.766986 1.048549
 999500.000 1.107525 0.871025 0.797721 1.028678
1000000.000 1.096130 0.861393 0.794480 1.014795
