 750000.000   -0.790
 750500.000    0.430
 751000.000    0.947
 751500.000   -0.533
 752000.000   -1.839
 752500.000   -0.524
 753000.000   -1.065
 753500.000   -0.964
 754000.000   -0.373
 754500.000   -1.060
 755000.000   -0.441
 755500.000    0.594
 756000.000   -2.446
 756500.000    3.034
 757000.000    3.481
 757500.000   -1.923
 758000.000   -0.703
 758500.000   -2.971
 759000.000   -1.314
 759500.000   -0.948
 760000.000   -0.613
 760500.000   -1.035
 761000.000    0.336
 761500.000   -1.307
 762000.000   -1.401
 762500.000   -1.486
 763000.000    0.599
 763500.000    2.356
 764000.000    1.818
 764500.000    0.789
 765000.000    0.328
 765500.000    0.596
 766000.000    1.933
 766500.000    0.601
 767000.000    0.688
 767500.000   -0.182
 768000.000   -1.225
 768500.000    1.390
 769000.000   -0.183
 769500.000   -1.396
 770000.000    0.860
 770500.000    2.516
 771000.000    0.879
 771500.000   -1.832
 772000.000    1.476
 772500.000    0.432
 773000.000   -0.606
 773500.000    1.131
 774000.000    1.131
 774500.000    0.863
 775000.000    3.128
 775500.000    0.879
 776000.000   -0.530
 776500.000    0.954
 777000.000   -0.766
 777500.000    1.483
 778000.000   -2.178
 778500.000   -1.390
 779000.000    0.258
 779500.000    0.345
 780000.000    1.921
 780500.000    1.046
 781000.000   -0.412
 781500.000    0.704
 782000.000    0.184
 782500.000   -2.957
 783000.000   -1.832
 783500.000   -0.963
 784000.000   -1.144
 784500.000    1.220
 785000.000    1.738
 785500.000    3.376
 786000.000    0.349
 786500.000   -1.135
 787000.000    1.987
 787500.000    1.641
 788000.000   -0.439
 788500.000    0.347
 789000.000    1.206
 789500.000    1.474
 790000.000   -0.354
 790500.000    3.657
 791000.000    1.218
 791500.000    1.737
 792000.000    0.775
 792500.000    0.345
 793000.000    0.083
 793500.000    0.161
 794000.000   -0.524
 794500.000   -1.649
 795000.000    0.517
 795500.000    1.390
 796000.000    0.248
 796500.000   -0.615
 797000.000    0.681
 797500.000    1.474
 798000.000   -0.877
 798500.000    1.208
 799000.000    0.764
 799500.000   -0.006
 800000.000    1.217
 800500.000    1.383
 801000.000    0.079
 801500.000    0.791
 802000.000   -1.658
 802500.000   -0.262
 803000.000   -0.961
 803500.000    0.077
 804000.000   -0.347
 804500.000    1.052
 805000.000   -1.048
 805500.000   -1.403
 806000.000   -1.749
 806500.000   -3.655
 807000.000    0.086
 807500.000    0.516
 808000.000   -1.215
 808500.000   -0.517
 809000.000   -2.785
 809500.000   -1.752
 810000.000   -0.097
 810500.000   -1.836
 811000.000   -0.872
 811500.000   -1.481
 812000.000    1.222
 812500.000    0.512
 813000.000   -0.957
 813500.000    1.813
 814000.000   -1.750
 814500.000   -0.522
 815000.000   -2.867
 815500.000    2.688
 816000.000    2.869
 816500.000    0.430
 817000.000    1.130
 817500.000    0.347
 818000.000    0.168
 818500.000    1.130
 819000.000    0.519
 819500.000   -0.879
 820000.000    0.603
 820500.000   -0.091
 821000.000    3.729
 821500.000   -0.350
 822000.000   -1.658
 822500.000   -1.030
 823000.000    3.034
 823500.000   -1.390
 824000.000   -0.531
 824500.000    2.430
 825000.000   -0.432
 825500.000    1.557
 826000.000    1.914
 826500.000   -1.388
 827000.000    1.412
 827500.000   -0.776
 828000.000    2.444
 828500.000   -1.126
 829000.000    0.617
 829500.000    0.086
 830000.000    1.744
 830500.000    0.171
 831000.000    2.001
 831500.000    1.133
 832000.000    0.361
 832500.000    1.131
 833000.000   -0.347
 833500.000   -2.600
 834000.000   -0.269
 834500.000    1.303
 835000.000   -0.443
 835500.000    2.611
 836000.000    1.390
 836500.000    1.130
 837000.000    0.608
 837500.000   -2.260
 838000.000    0.775
 838500.000   -1.568
 839000.000   -0.622
 839500.000    0.278
 840000.000    0.874
 840500.000   -0.171
 841000.000    1.568
 841500.000   -0.260
 842000.000   -3.472
 842500.000   -0.522
 843000.000    0.173
 843500.000    0.354
 844000.000    3.213
 844500.000   -0.182
 845000.000   -0.088
 845500.000    0.777
 846000.000   -1.921
 846500.000   -0.267
 847000.000    0.443
 847500.000    1.903
 848000.000    0.516
 848500.000   -2.265
 849000.000   -1.028
 849500.000    0.862
 850000.000    1.302
 850500.000   -0.180
 851000.000    0.336
 851500.000    0.958
 852000.000   -1.477
 852500.000   -1.566
 853000.000    0.184
 853500.000   -0.095
 854000.000   -1.569
 854500.000    1.823
 855000.000    0.608
 855500.000    0.003
 856000.000   -1.566
 856500.000    0.860
 857000.000    0.961
 857500.000    0.331
 858000.000    1.470
 858500.000    1.137
 859000.000    0.086
 859500.000   -0.970
 860000.000   -0.414
 860500.000   -0.013
 861000.000    2.168
 861500.000   -0.689
 862000.000    1.994
 862500.000    2.171
 863000.000   -0.006
 863500.000   -1.754
 864000.000    1.227
 864500.000   -0.446
 865000.000    0.168
 865500.000    0.257
 866000.000    0.684
 866500.000   -0.352
 867000.000   -0.975
 867500.000   -0.356
 868000.000    0.079
 868500.000    0.074
 869000.000    1.568
 869500.000   -0.004
 870000.000    0.672
 870500.000   -0.352
 871000.000   -1.752
 871500.000   -0.086
 872000.000   -0.361
 872500.000    1.926
 873000.000   -0.437
 873500.000    4.001
 874000.000   -0.599
 874500.000    0.422
 875000.000   -1.488
 875500.000   -0.792
 876000.000    0.686
 876500.000   -1.135
 877000.000    1.557
 877500.000    0.416
 878000.000    1.147
 878500.000   -1.041
 879000.000   -1.051
 879500.000   -0.530
 880000.000    1.036
 880500.000    2.173
 881000.000    1.034
 881500.000    0.787
 882000.000   -0.271
 882500.000   -1.754
 883000.000    0.521
 883500.000    0.961
 884000.000    0.954
 884500.000   -0.093
 885000.000   -2.537
 885500.000   -2.182
 886000.000   -0.088
 886500.000   -0.523
 887000.000    4.091
 887500.000    0.347
 888000.000    0.530
 888500.000    0.264
 889000.000   -2.442
 889500.000   -0.102
 890000.000   -0.952
 890500.000   -1.302
 891000.000   -1.302
 891500.000   -0.269
 892000.000   -2.254
 892500.000   -2.283
 893000.000    2.182
 893500.000   -1.477
 894000.000   -1.305
 894500.000    1.474
 895000.000   -0.159
 895500.000   -0.934
 896000.000   -0.679
 896500.000    2.361
 897000.000    1.046
 897500.000    1.133
 898000.000   -2.262
 898500.000   -2.336
 899000.000    1.220
 899500.000    2.968
 900000.000   -1.640
 900500.000   -0.428
 901000.000   -0.785
 901500.000    0.273
 902000.000   -4.001
 902500.000   -1.742
 903000.000    0.629
 903500.000    1.131
 904000.000   -0.517
 904500.000    0.871
 905000.000    2.684
 905500.000    4.191
 906000.000   -0.872
 906500.000    2.874
 907000.000    1.823
 907500.000    3.050
 908000.000    1.653
 908500.000    1.916
 909000.000    0.003
 909500.000    1.059
 910000.000    0.718
 910500.000    1.646
 911000.000    1.502
 911500.000   -0.091
 912000.000    1.743
 912500.000    2.354
 913000.000    4.434
 913500.000    1.566
 914000.000   -0.434
 914500.000    0.949
 915000.000    0.957
 915500.000    0.342
 916000.000    2.098
 916500.000    0.168
 917000.000    2.870
 917500.000    4.359
 918000.000    2.872
 918500.000    2.862
 919000.000    3.733
 919500.000    1.284
 920000.000    3.818
 920500.000    1.827
 921000.000    1.302
 921500.000    4.162
 922000.000    1.564
 922500.000    2.613
 923000.000    1.575
 923500.000    0.581
 924000.000    0.429
 924500.000   -0.610
 925000.000    0.335
 925500.000    0.256
 926000.000    4.267
 926500.000    0.940
 927000.000   -1.578
 927500.000    0.941
 928000.000    0.588
 928500.000   -1.649
 929000.000    1.108
 929500.000    1.735
 930000.000    1.227
 930500.000   -0.620
 931000.000    4.341
 931500.000    1.816
 932000.000    0.615
 932500.000    0.863
 933000.000    0.782
 933500.000    1.392
 934000.000    1.632
 934500.000   -0.432
 935000.000    0.432
 935500.000    3.635
 936000.000   -1.587
 936500.000    0.443
 937000.000    1.738
 937500.000   -0.441
 938000.000   -0.531
 938500.000    0.271
 939000.000    0.441
 939500.000    3.301
 940000.000   -0.620
 940500.000    3.133
 941000.000   -1.312
 941500.000    3.832
 942000.000    4.166
 942500.000    0.682
 943000.000   -0.523
 943500.000    1.740
 944000.000    3.041
 944500.000    0.178
 945000.000    3.211
 945500.000    1.562
 946000.000    3.048
 946500.000    2.079
 947000.000    1.039
 947500.000    0.684
 948000.000    2.073
 948500.000    1.807
 949000.000    0.961
 949500.000    4.959
 950000.000    0.860
 950500.000    1.566
 951000.000    1.282
 951500.000    2.526
 952000.000    1.209
 952500.000    0.535
 953000.000    2.955
 953500.000   -0.267
 954000.000    2.334
 954500.000    3.655
 955000.000    4.279
 955500.000    1.225
 956000.000    3.999
 956500.000    1.307
 957000.000    1.660
 957500.000    1.983
 958000.000    2.333
 958500.000    1.304
 959000.000    0.514
 959500.000   -1.390
 960000.000    3.129
 960500.000    0.505
 961000.000    1.119
 961500.000    3.477
 962000.000   -0.428
 962500.000    0.799
 963000.000    2.170
 963500.000    1.032
 964000.000    0.860
 964500.000    3.554
 965000.000   -2.191
 965500.000   -1.218
 966000.000   -0.457
 966500.000   -0.081
 967000.000    1.316
 967500.000    1.474
 968000.000   -0.095
 968500.000   -0.787
 969000.000   -0.704
 969500.000    0.427
 970000.000    4.868
 970500.000    2.874
 971000.000    1.658
 971500.000   -1.484
 972000.000    0.613
 972500.000    0.366
 973000.000   -1.671
 973500.000    1.216
 974000.000   -0.356
 974500.000   -0.077
 975000.000    0.012
 975500.000   -1.809
 976000.000    0.265
 976500.000    0.878
 977000.000    0.794
 977500.000   -1.316
 978000.000   -0.869
 978500.000   -2.613
 979000.000    0.528
 979500.000    1.901
 980000.000    0.434
 980500.000   -2.877
 981000.000   -0.606
 981500.000   -1.649
 982000.000   -0.776
 982500.000   -0.256
 983000.000    0.437
 983500.000    1.924
 984000.000    0.443
 984500.000   -1.284
 985000.000    1.312
 985500.000    1.062
 986000.000   -1.564
 986500.000   -0.941
 987000.000   -1.397
 987500.000    1.825
 988000.000   -0.505
 988500.000   -2.260
 989000.000   -0.461
 989500.000    2.441
 990000.000   -1.041
 990500.000   -0.782
 991000.000    0.874
 991500.000   -0.260
 992000.000    2.867
 992500.000    0.177
 993000.000   -1.756
 993500.000    2.261
 994000.000   -2.618
 994500.000    0.084
 995000.000    0.084
 995500.000    0.343
 996000.000    1.481
 996500.000    1.303
 997000.000   -0.432
 997500.000    1.987
 998000.000    1.657
 998500.000    1.649
 999000.000   -2.089
 999500.000    2.088
1000000.000   -2.098
