BFII_nolipid
""
WAVELENGTH	FLUORESCENCE
300.0	74.90300750732422
300.5	80.74034881591797
301.0	87.37002563476562
301.5	93.64610290527344
302.0	102.56612396240234
302.5	112.82351684570312
303.0	122.74454498291016
303.5	134.1371612548828
304.0	145.2340087890625
304.5	157.94566345214844
305.0	172.3599853515625
305.5	183.84979248046875
306.0	199.7709503173828
306.5	212.22691345214844
307.0	229.43887329101562
307.5	243.0549774169922
308.0	261.79266357421875
308.5	280.1777038574219
309.0	297.3367004394531
309.5	317.2510986328125
310.0	335.91033935546875
310.5	355.4570007324219
311.0	377.4745178222656
311.5	398.2972717285156
312.0	421.7449645996094
312.5	443.4547119140625
313.0	468.70782470703125
313.5	491.9613037109375
314.0	518.4398193359375
314.5	548.2680053710938
315.0	570.6727905273438
315.5	601.3817749023438
316.0	625.044189453125
316.5	656.8010864257812
317.0	686.5877685546875
317.5	714.3124389648438
318.0	742.5719604492188
318.5	773.71923828125
319.0	802.9097900390625
319.5	835.463623046875
320.0	865.2901000976562
320.5	898.22509765625
321.0	935.7193603515625
321.5	963.7919311523438
322.0	1001.2064208984375
322.5	1029.502197265625
323.0	1068.5662841796875
323.5	1104.0404052734375
324.0	1136.5806884765625
324.5	1169.810546875
325.0	1206.1336669921875
325.5	1239.3787841796875
326.0	1276.119384765625
326.5	1309.6043701171875
327.0	1346.5831298828125
327.5	1386.6676025390625
328.0	1417.31298828125
328.5	1457.1727294921875
329.0	1487.24755859375
329.5	1526.512451171875
330.0	1559.5362548828125
330.5	1595.69580078125
331.0	1627.94091796875
331.5	1663.1785888671875
332.0	1694.61083984375
332.5	1729.2823486328125
333.0	1765.916748046875
333.5	1793.564453125
334.0	1829.700927734375
334.5	1859.409423828125
335.0	1891.6365966796875
335.5	1920.7139892578125
336.0	1951.5081787109375
336.5	1978.416259765625
337.0	2007.8297119140625
337.5	2039.1474609375
338.0	2062.46728515625
338.5	2092.073974609375
339.0	2115.705322265625
339.5	2141.3310546875
340.0	2164.368408203125
340.5	2188.827880859375
341.0	2210.322021484375
341.5	2233.3359375
342.0	2256.9619140625
342.5	2274.105712890625
343.0	2296.846923828125
343.5	2314.80224609375
344.0	2334.1240234375
344.5	2350.48779296875
345.0	2367.75146484375
345.5	2382.13671875
346.0	2397.263671875
346.5	2412.90673828125
347.0	2425.360107421875
347.5	2438.642822265625
348.0	2449.78857421875
348.5	2461.143310546875
349.0	2470.7724609375
349.5	2480.118408203125
350.0	2489.979248046875
350.5	2497.1455078125
351.0	2504.728271484375
351.5	2510.608642578125
352.0	2516.389404296875
352.5	2520.329833984375
353.0	2523.75048828125
353.5	2526.0859375
354.0	2528.835205078125
354.5	2531.489013671875
355.0	2532.32568359375
355.5	2532.849609375
356.0	2532.298828125
356.5	2532.26513671875
357.0	2531.3369140625
357.5	2530.0341796875
358.0	2527.302490234375
358.5	2523.7587890625
359.0	2520.068115234375
359.5	2515.2900390625
360.0	2510.865234375
360.5	2504.800537109375
361.0	2498.90966796875
361.5	2490.889404296875
362.0	2482.811767578125
362.5	2475.085205078125
363.0	2466.300048828125
363.5	2457.873779296875
364.0	2448.2978515625
364.5	2438.8720703125
365.0	2426.540283203125
365.5	2414.259033203125
366.0	2402.381591796875
366.5	2389.72021484375
367.0	2377.500244140625
367.5	2362.842529296875
368.0	2348.2880859375
368.5	2334.462158203125
369.0	2319.328125
369.5	2304.6484375
370.0	2288.231689453125
370.5	2273.161865234375
371.0	2254.973388671875
371.5	2237.749267578125
372.0	2221.304931640625
372.5	2202.296142578125
373.0	2185.142578125
373.5	2164.02490234375
374.0	2144.034423828125
374.5	2124.9873046875
375.0	2103.34033203125
375.5	2083.858154296875
376.0	2060.838134765625
376.5	2038.9527587890625
377.0	2019.9052734375
377.5	1998.2545166015625
378.0	1979.1007080078125
378.5	1954.4525146484375
379.0	1932.29150390625
379.5	1912.319091796875
380.0	1889.1741943359375
380.5	1867.86572265625
381.0	1843.0670166015625
381.5	1819.7689208984375
382.0	1798.029052734375
382.5	1775.321533203125
383.0	1754.0301513671875
383.5	1728.8314208984375
384.0	1705.2620849609375
384.5	1684.130859375
385.0	1660.0797119140625
385.5	1638.3519287109375
386.0	1612.1866455078125
386.5	1588.5068359375
387.0	1566.8548583984375
387.5	1543.4178466796875
388.0	1521.974853515625
388.5	1496.6519775390625
389.0	1473.035888671875
389.5	1451.94775390625
390.0	1427.1650390625
390.5	1408.9681396484375
391.0	1384.1756591796875
391.5	1361.811767578125
392.0	1341.549560546875
392.5	1318.12548828125
393.0	1300.733154296875
393.5	1277.5596923828125
394.0	1256.0347900390625
394.5	1236.4412841796875
395.0	1212.75634765625
395.5	1191.164306640625
396.0	1172.0716552734375
396.5	1149.64599609375
397.0	1132.6739501953125
397.5	1110.53759765625
398.0	1090.5743408203125
398.5	1072.3424072265625
399.0	1050.864013671875
399.5	1032.084716796875
400.0	1014.970458984375
400.5	997.7199096679688
401.0	979.0300903320312
401.5	958.9970092773438
402.0	941.06787109375
402.5	924.9899291992188
403.0	906.3092041015625
403.5	889.0341186523438
404.0	873.4388427734375
404.5	858.3797607421875
405.0	841.7554931640625
405.5	824.1768798828125
406.0	809.8854370117188
406.5	794.2242431640625
407.0	777.4898681640625
407.5	762.5880126953125
408.0	748.5422973632812
408.5	732.3775634765625
409.0	720.3632202148438
409.5	705.0000610351562
410.0	691.8871459960938
410.5	677.5647583007812
411.0	662.5101928710938
411.5	650.513671875
412.0	637.4223022460938
412.5	623.1893310546875
413.0	610.7171630859375
413.5	599.413818359375
414.0	586.3236083984375
414.5	576.472412109375
415.0	563.084228515625
415.5	552.5807495117188
416.0	541.1806030273438
416.5	529.0700073242188
417.0	519.04052734375
417.5	507.9525146484375
418.0	496.2048034667969
418.5	487.04290771484375
419.0	476.6604309082031
419.5	465.7738342285156
420.0	455.59967041015625
420.5	446.79510498046875
421.0	436.4374084472656
421.5	428.974365234375
422.0	418.9072265625
422.5	409.09320068359375
423.0	401.834716796875
423.5	392.2983703613281
424.0	384.3017883300781
424.5	375.88421630859375
425.0	366.8955993652344
425.5	359.7149353027344
426.0	351.92132568359375
426.5	343.7679138183594
427.0	336.89825439453125
427.5	329.6230773925781
428.0	321.8328857421875
428.5	315.3797912597656
429.0	308.2232971191406
429.5	300.4864807128906
430.0	294.4360656738281
430.5	287.8611145019531
431.0	280.7776184082031
431.5	275.070556640625
432.0	268.93389892578125
432.5	262.67010498046875
433.0	257.0569152832031
433.5	251.38400268554688
434.0	244.99502563476562
434.5	239.91116333007812
435.0	234.46652221679688
435.5	228.58236694335938
436.0	223.8211212158203
436.5	218.8629150390625
437.0	213.52516174316406
437.5	209.2815704345703
438.0	204.57264709472656
438.5	199.55531311035156
439.0	195.3413848876953
439.5	190.95907592773438
440.0	186.394287109375
440.5	182.4993896484375
441.0	178.416259765625
441.5	173.9825439453125
442.0	170.208984375
442.5	166.27098083496094
443.0	162.33688354492188
443.5	158.8011932373047
444.0	154.91616821289062
444.5	151.15977478027344
445.0	147.3686065673828
445.5	144.3356170654297
446.0	140.80995178222656
446.5	137.25608825683594
447.0	134.33966064453125
447.5	131.52572631835938
448.0	128.2528839111328
448.5	125.61888885498047
449.0	122.6381607055664
449.5	119.65553283691406
450.0	117.21408081054688
