TRP_lipid
""
WAVELENGTH	FLUORESCENCE
300.0	125.77533721923828
300.5	132.34896850585938
301.0	139.67344665527344
301.5	146.40882873535156
302.0	156.50144958496094
302.5	167.67247009277344
303.0	178.70407104492188
303.5	191.26168823242188
304.0	202.91246032714844
304.5	216.31222534179688
305.0	231.4253387451172
305.5	243.7633514404297
306.0	260.6093444824219
306.5	273.7413330078125
307.0	291.7914733886719
307.5	305.70404052734375
308.0	325.46502685546875
308.5	344.175048828125
309.0	361.2646789550781
309.5	381.06195068359375
310.0	399.3591613769531
310.5	418.33111572265625
311.0	439.50787353515625
311.5	459.263916015625
312.0	481.5292053222656
312.5	502.78558349609375
313.0	526.7820434570312
313.5	549.566650390625
314.0	574.6470336914062
314.5	602.4357299804688
315.0	623.5753173828125
315.5	652.7528686523438
316.0	674.6010131835938
316.5	705.1190795898438
317.0	733.1174926757812
317.5	758.3911743164062
318.0	784.5008544921875
318.5	813.9959716796875
319.0	841.134033203125
319.5	871.3770141601562
320.0	898.7203979492188
320.5	929.5884399414062
321.0	963.9086303710938
321.5	989.464599609375
322.0	1025.56298828125
322.5	1052.785888671875
323.0	1089.30322265625
323.5	1122.8629150390625
324.0	1153.5411376953125
324.5	1184.87841796875
325.0	1219.6185302734375
325.5	1250.5257568359375
326.0	1284.8251953125
326.5	1316.440673828125
327.0	1351.051025390625
327.5	1389.136474609375
328.0	1417.270751953125
328.5	1454.7081298828125
329.0	1483.2706298828125
329.5	1521.010498046875
330.0	1550.6768798828125
330.5	1584.270263671875
331.0	1614.7506103515625
331.5	1647.59619140625
332.0	1677.3018798828125
332.5	1709.521484375
333.0	1744.6322021484375
333.5	1770.5191650390625
334.0	1805.0992431640625
334.5	1832.5081787109375
335.0	1862.8045654296875
335.5	1890.352783203125
336.0	1919.9215087890625
336.5	1945.7249755859375
337.0	1973.5631103515625
337.5	2003.8074951171875
338.0	2026.5943603515625
338.5	2056.14306640625
339.0	2079.79150390625
339.5	2105.527587890625
340.0	2127.24609375
340.5	2150.598388671875
341.0	2171.432373046875
341.5	2194.067138671875
342.0	2217.080810546875
342.5	2234.4765625
343.0	2255.44970703125
343.5	2273.12060546875
344.0	2292.231201171875
344.5	2308.115478515625
345.0	2325.7587890625
345.5	2340.415283203125
346.0	2356.1572265625
346.5	2371.962158203125
347.0	2384.080810546875
347.5	2397.335693359375
348.0	2410.16455078125
348.5	2422.04443359375
349.0	2431.857421875
349.5	2442.704345703125
350.0	2453.558837890625
350.5	2461.692626953125
351.0	2470.558349609375
351.5	2476.97265625
352.0	2483.80322265625
352.5	2489.519287109375
353.0	2495.226806640625
353.5	2499.637939453125
354.0	2504.490966796875
354.5	2508.52587890625
355.0	2510.709716796875
355.5	2512.69775390625
356.0	2514.23388671875
356.5	2514.98046875
357.0	2514.96630859375
357.5	2514.697998046875
358.0	2513.138916015625
358.5	2511.29541015625
359.0	2509.2353515625
359.5	2505.882568359375
360.0	2502.626953125
360.5	2498.277099609375
361.0	2494.5029296875
361.5	2489.570068359375
362.0	2483.302001953125
362.5	2477.6748046875
363.0	2470.427001953125
363.5	2463.53369140625
364.0	2455.444091796875
364.5	2447.98291015625
365.0	2438.1005859375
365.5	2427.699951171875
366.0	2418.049072265625
366.5	2407.009521484375
367.0	2397.009033203125
367.5	2383.09375
368.0	2370.6201171875
368.5	2358.877197265625
369.0	2344.999267578125
369.5	2332.70068359375
370.0	2318.233154296875
370.5	2305.093994140625
371.0	2287.28662109375
371.5	2271.121337890625
372.0	2255.783935546875
372.5	2238.127197265625
373.0	2222.49560546875
373.5	2202.7958984375
374.0	2184.5615234375
374.5	2166.8583984375
375.0	2147.858642578125
375.5	2130.59521484375
376.0	2109.35302734375
376.5	2089.42431640625
377.0	2071.31298828125
377.5	2050.997314453125
378.0	2031.7591552734375
378.5	2008.1754150390625
379.0	1986.84375
379.5	1967.7066650390625
380.0	1945.7786865234375
380.5	1925.4937744140625
381.0	1900.821044921875
381.5	1878.5699462890625
382.0	1858.0426025390625
382.5	1835.6395263671875
383.0	1815.076416015625
383.5	1790.5623779296875
384.0	1768.13916015625
384.5	1747.4085693359375
385.0	1724.003173828125
385.5	1703.4072265625
386.0	1677.4134521484375
386.5	1654.2342529296875
387.0	1633.64208984375
387.5	1609.2760009765625
388.0	1587.756103515625
388.5	1563.2181396484375
389.0	1540.7313232421875
389.5	1520.17724609375
390.0	1496.4248046875
390.5	1478.6461181640625
391.0	1453.732177734375
391.5	1431.5838623046875
392.0	1411.482666015625
392.5	1388.1485595703125
393.0	1370.42822265625
393.5	1346.94677734375
394.0	1325.499267578125
394.5	1306.6988525390625
395.0	1283.165771484375
395.5	1262.650634765625
396.0	1244.2982177734375
396.5	1222.2015380859375
397.0	1205.6451416015625
397.5	1183.3897705078125
398.0	1163.84521484375
398.5	1146.4248046875
399.0	1125.527099609375
399.5	1106.3975830078125
400.0	1089.2742919921875
400.5	1071.947998046875
401.0	1052.9464111328125
401.5	1032.40625
402.0	1014.2684326171875
402.5	998.3247680664062
403.0	978.8828125
403.5	961.8556518554688
404.0	946.510009765625
404.5	930.8374633789062
405.0	914.2471313476562
405.5	896.356201171875
406.0	881.9186401367188
406.5	865.5899658203125
407.0	848.1178588867188
407.5	831.9490966796875
408.0	817.4067993164062
408.5	800.6350708007812
409.0	788.5762329101562
409.5	772.4309692382812
410.0	758.7239990234375
410.5	743.6224365234375
411.0	728.241455078125
411.5	715.1873779296875
412.0	700.6142578125
412.5	685.7850341796875
413.0	672.4921875
413.5	660.1956176757812
414.0	646.0636596679688
414.5	635.5070190429688
415.0	621.76220703125
415.5	610.7503662109375
416.0	598.5313110351562
416.5	585.1386108398438
417.0	574.5486450195312
417.5	563.106201171875
418.0	550.4521484375
418.5	540.1956787109375
419.0	529.7081909179688
419.5	518.033447265625
420.0	507.3834533691406
420.5	498.0609436035156
421.0	486.9539489746094
421.5	479.2632141113281
422.0	468.4388732910156
422.5	457.6993713378906
423.0	450.0621337890625
423.5	439.8027038574219
424.0	431.64117431640625
424.5	422.6474914550781
425.0	413.1155090332031
425.5	405.3952941894531
426.0	396.75970458984375
426.5	387.84527587890625
427.0	380.2832336425781
427.5	372.2642822265625
428.0	364.32098388671875
428.5	357.4851379394531
429.0	350.0722351074219
429.5	342.2745056152344
430.0	335.8125915527344
430.5	328.7569274902344
431.0	321.1587829589844
431.5	315.1715087890625
432.0	308.3146057128906
432.5	301.1931457519531
433.0	295.3742980957031
433.5	289.006591796875
434.0	282.1565246582031
434.5	276.7832946777344
435.0	270.94879150390625
435.5	264.8594970703125
436.0	259.57861328125
436.5	254.1674041748047
437.0	248.6060791015625
437.5	243.83099365234375
438.0	238.7449493408203
438.5	233.06971740722656
439.0	228.50833129882812
439.5	223.50576782226562
440.0	218.37677001953125
440.5	214.0026092529297
441.0	209.27130126953125
441.5	204.23463439941406
442.0	200.4176025390625
442.5	196.00387573242188
443.0	191.31036376953125
443.5	187.5949249267578
444.0	183.27474975585938
444.5	179.20355224609375
445.0	174.95643615722656
445.5	171.50503540039062
446.0	167.68948364257812
446.5	163.7246551513672
447.0	160.5465545654297
447.5	157.02587890625
448.0	153.42788696289062
448.5	150.314453125
449.0	146.79441833496094
449.5	143.42898559570312
450.0	140.66014099121094
