      22    2.985    0.329
      23    2.189    0.249
      24    1.158    0.145
      25    0.818    0.224
      26    2.004    0.394
      27    1.897    0.232
      28    0.460    0.095
      29    2.167    0.269
      30    1.413    0.162
      31    1.566    0.200
      32    0.811    0.106
      33    0.728    0.123
      34    0.354    0.074
      35    1.021    0.121
      36    0.841    0.094
      37    0.914    0.118
      38    1.795    0.127
      39    1.235    0.114
      40    1.244    0.116
      41    2.244    0.144
      42    2.091    0.134
