      43    2.475    0.176
      44    1.901    0.128
      45    1.042    0.085
      46    0.717    0.152
      47    1.631    0.267
      48    1.239    0.206
      49    0.399    0.096
      50    2.035    0.253
      51    0.962    0.192
      52    1.546    0.230
      53    0.778    0.146
      54    0.995    0.129
      55    0.169    0.076
      56    1.204    0.252
      57    0.857    0.140
      58    1.339    0.166
      59    1.750    0.390
      60    1.406    0.211
      61    1.141    0.201
      62    2.222    0.212
      63    2.697    0.254
