 750000.000   25.111
 750500.000   24.980
 751000.000   25.976
 751500.000   25.280
 752000.000   26.320
 752500.000   25.528
 753000.000   26.359
 753500.000   26.406
 754000.000   26.011
 754500.000   25.727
 755000.000   26.600
 755500.000   26.447
 756000.000   24.950
 756500.000   25.985
 757000.000   25.612
 757500.000   25.505
 758000.000   26.554
 758500.000   25.986
 759000.000   25.847
 759500.000   25.962
 760000.000   26.783
 760500.000   24.944
 761000.000   26.075
 761500.000   25.887
 762000.000   26.160
 762500.000   25.392
 763000.000   26.450
 763500.000   26.088
 764000.000   25.665
 764500.000   27.284
 765000.000   25.736
 765500.000   25.487
 766000.000   25.599
 766500.000   24.904
 767000.000   26.096
 767500.000   25.104
 768000.000   25.275
 768500.000   26.071
 769000.000   25.828
 769500.000   26.158
 770000.000   26.343
 770500.000   26.134
 771000.000   26.126
 771500.000   26.452
 772000.000   24.959
 772500.000   26.032
 773000.000   26.547
 773500.000   26.896
 774000.000   26.118
 774500.000   26.179
 775000.000   25.810
 775500.000   25.607
 776000.000   26.238
 776500.000   26.281
 777000.000   27.216
 777500.000   25.990
 778000.000   25.455
 778500.000   25.644
 779000.000   25.253
 779500.000   27.539
 780000.000   26.483
 780500.000   26.745
 781000.000   26.038
 781500.000   26.487
 782000.000   26.735
 782500.000   27.792
 783000.000   27.533
 783500.000   26.132
 784000.000   26.619
 784500.000   26.842
 785000.000   26.281
 785500.000   27.598
 786000.000   26.897
 786500.000   26.078
 787000.000   25.882
 787500.000   26.873
 788000.000   24.969
 788500.000   25.604
 789000.000   25.841
 789500.000   24.913
 790000.000   25.431
 790500.000   27.238
 791000.000   25.999
 791500.000   26.023
 792000.000   26.483
 792500.000   25.991
 793000.000   26.200
 793500.000   26.363
 794000.000   25.245
 794500.000   25.539
 795000.000   25.340
 795500.000   25.710
 796000.000   25.471
 796500.000   27.357
 797000.000   26.862
 797500.000   27.069
 798000.000   26.131
 798500.000   26.694
 799000.000   27.381
 799500.000   26.381
 800000.000   27.039
 800500.000   26.963
 801000.000   27.615
 801500.000   27.729
 802000.000   27.609
 802500.000   27.242
 803000.000   27.539
 803500.000   28.158
 804000.000   26.645
 804500.000   26.574
 805000.000   27.550
 805500.000   26.777
 806000.000   26.921
 806500.000   27.832
 807000.000   27.077
 807500.000   26.626
 808000.000   26.435
 808500.000   27.451
 809000.000   25.851
 809500.000   27.194
 810000.000   26.810
 810500.000   25.938
 811000.000   26.611
 811500.000   26.219
 812000.000   27.347
 812500.000   26.708
 813000.000   27.718
 813500.000   27.282
 814000.000   27.433
 814500.000   27.602
 815000.000   26.275
 815500.000   27.226
 816000.000   28.323
 816500.000   27.673
 817000.000   27.645
 817500.000   27.294
 818000.000   27.871
 818500.000   26.384
 819000.000   27.253
 819500.000   26.084
 820000.000   26.003
 820500.000   26.733
 821000.000   26.230
 821500.000   25.849
 822000.000   25.727
 822500.000   25.805
 823000.000   26.752
 823500.000   25.897
 824000.000   25.904
 824500.000   26.313
 825000.000   26.456
 825500.000   26.734
 826000.000   27.984
 826500.000   26.362
 827000.000   26.684
 827500.000   25.893
 828000.000   25.795
 828500.000   26.149
 829000.000   26.253
 829500.000   25.749
 830000.000   25.483
 830500.000   26.182
 831000.000   27.257
 831500.000   26.279
 832000.000   25.911
 832500.000   27.276
 833000.000   26.145
 833500.000   26.180
 834000.000   26.233
 834500.000   26.615
 835000.000   27.427
 835500.000   25.792
 836000.000   25.716
 836500.000   25.394
 837000.000   26.316
 837500.000   25.862
 838000.000   26.058
 838500.000   26.119
 839000.000   27.171
 839500.000   26.065
 840000.000   26.079
 840500.000   27.538
 841000.000   25.864
 841500.000   26.451
 842000.000   26.578
 842500.000   25.174
 843000.000   25.999
 843500.000   27.282
 844000.000   26.704
 844500.000   27.807
 845000.000   27.379
 845500.000   26.808
 846000.000   25.951
 846500.000   26.575
 847000.000   26.298
 847500.000   27.325
 848000.000   27.581
 848500.000   26.385
 849000.000   26.059
 849500.000   27.102
 850000.000   27.825
 850500.000   25.560
 851000.000   26.783
 851500.000   27.587
 852000.000   27.923
 852500.000   27.590
 853000.000   27.745
 853500.000   27.247
 854000.000   26.567
 854500.000   28.070
 855000.000   26.575
 855500.000   27.502
 856000.000   26.140
 856500.000   26.649
 857000.000   25.328
 857500.000   25.972
 858000.000   26.814
 858500.000   27.769
 859000.000   27.521
 859500.000   25.729
 860000.000   26.192
 860500.000   26.413
 861000.000   26.729
 861500.000   26.703
 862000.000   27.968
 862500.000   27.841
 863000.000   26.549
 863500.000   26.506
 864000.000   26.417
 864500.000   25.742
 865000.000   25.983
 865500.000   25.906
 866000.000   25.517
 866500.000   24.889
 867000.000   25.841
 867500.000   26.194
 868000.000   24.920
 868500.000   25.527
 869000.000   26.009
 869500.000   25.333
 870000.000   25.374
 870500.000   25.075
 871000.000   25.612
 871500.000   24.515
 872000.000   26.332
 872500.000   26.207
 873000.000   25.935
 873500.000   24.442
 874000.000   25.534
 874500.000   25.848
 875000.000   25.005
 875500.000   24.563
 876000.000   24.473
 876500.000   25.698
 877000.000   24.747
 877500.000   24.965
 878000.000   24.952
 878500.000   25.509
 879000.000   25.293
 879500.000   25.279
 880000.000   25.083
 880500.000   24.356
 881000.000   25.510
 881500.000   24.551
 882000.000   25.788
 882500.000   25.371
 883000.000   25.163
 883500.000   25.090
 884000.000   25.096
 884500.000   26.407
 885000.000   26.498
 885500.000   26.105
 886000.000   25.541
 886500.000   25.710
 887000.000   26.261
 887500.000   25.336
 888000.000   25.085
 888500.000   26.122
 889000.000   26.352
 889500.000   24.577
 890000.000   25.280
 890500.000   25.705
 891000.000   25.082
 891500.000   25.650
 892000.000   26.042
 892500.000   27.103
 893000.000   26.769
 893500.000   26.057
 894000.000   25.791
 894500.000   26.036
 895000.000   25.120
 895500.000   25.330
 896000.000   26.105
 896500.000   24.704
 897000.000   25.183
 897500.000   25.052
 898000.000   25.641
 898500.000   25.699
 899000.000   26.888
 899500.000   25.648
 900000.000   25.278
 900500.000   26.108
 901000.000   25.080
 901500.000   25.050
 902000.000   24.800
 902500.000   26.353
 903000.000   26.022
 903500.000   26.011
 904000.000   24.045
 904500.000   24.032
 905000.000   25.161
 905500.000   24.826
 906000.000   25.247
 906500.000   24.945
 907000.000   25.677
 907500.000   25.378
 908000.000   25.122
 908500.000   25.260
 909000.000   25.292
 909500.000   25.030
 910000.000   25.387
 910500.000   24.215
 911000.000   24.428
 911500.000   24.165
 912000.000   24.925
 912500.000   25.024
 913000.000   25.364
 913500.000   25.172
 914000.000   24.686
 914500.000   25.699
 915000.000   25.461
 915500.000   24.944
 916000.000   26.299
 916500.000   26.031
 917000.000   24.821
 917500.000   24.782
 918000.000   25.050
 918500.000   25.030
 919000.000   26.294
 919500.000   24.454
 920000.000   25.196
 920500.000   24.529
 921000.000   24.695
 921500.000   25.744
 922000.000   25.192
 922500.000   24.027
 923000.000   25.156
 923500.000   24.692
 924000.000   24.845
 924500.000   25.434
 925000.000   24.097
 925500.000   26.658
 926000.000   25.669
 926500.000   26.272
 927000.000   27.304
 927500.000   26.200
 928000.000   26.387
 928500.000   27.064
 929000.000   26.907
 929500.000   27.251
 930000.000   27.294
 930500.000   26.663
 931000.000   26.932
 931500.000   25.848
 932000.000   28.002
 932500.000   26.241
 933000.000   24.887
 933500.000   26.790
 934000.000   26.287
 934500.000   26.582
 935000.000   27.488
 935500.000   27.306
 936000.000   27.303
 936500.000   27.180
 937000.000   27.246
 937500.000   26.258
 938000.000   26.456
 938500.000   27.159
 939000.000   27.756
 939500.000   27.546
 940000.000   28.077
 940500.000   27.073
 941000.000   27.969
 941500.000   27.994
 942000.000   26.643
 942500.000   27.333
 943000.000   28.487
 943500.000   26.512
 944000.000   28.019
 944500.000   25.457
 945000.000   27.820
 945500.000   27.861
 946000.000   28.020
 946500.000   27.470
 947000.000   26.725
 947500.000   26.926
 948000.000   28.335
 948500.000   26.251
 949000.000   27.064
 949500.000   27.347
 950000.000   26.758
 950500.000   26.159
 951000.000   27.604
 951500.000   26.866
 952000.000   26.584
 952500.000   27.241
 953000.000   26.868
 953500.000   25.499
 954000.000   26.418
 954500.000   26.320
 955000.000   26.694
 955500.000   27.826
 956000.000   27.157
 956500.000   27.666
 957000.000   27.273
 957500.000   27.064
 958000.000   25.721
 958500.000   27.137
 959000.000   26.558
 959500.000   27.015
 960000.000   27.416
 960500.000   27.232
 961000.000   26.728
 961500.000   27.629
 962000.000   27.235
 962500.000   25.582
 963000.000   27.146
 963500.000   26.074
 964000.000   26.887
 964500.000   25.884
 965000.000   27.315
 965500.000   26.464
 966000.000   25.290
 966500.000   25.295
 967000.000   27.351
 967500.000   27.058
 968000.000   28.047
 968500.000   26.551
 969000.000   26.255
 969500.000   27.225
 970000.000   27.425
 970500.000   25.702
 971000.000   27.009
 971500.000   26.823
 972000.000   26.911
 972500.000   26.693
 973000.000   26.636
 973500.000   27.522
 974000.000   27.375
 974500.000   26.802
 975000.000   27.628
 975500.000   27.490
 976000.000   28.072
 976500.000   28.274
 977000.000   27.308
 977500.000   28.359
 978000.000   27.290
 978500.000   26.983
 979000.000   26.077
 979500.000   26.808
 980000.000   25.350
 980500.000   26.730
 981000.000   25.988
 981500.000   26.544
 982000.000   25.712
 982500.000   27.221
 983000.000   26.281
 983500.000   26.585
 984000.000   26.768
 984500.000   27.103
 985000.000   26.898
 985500.000   26.663
 986000.000   26.079
 986500.000   26.591
 987000.000   25.992
 987500.000   26.906
 988000.000   27.044
 988500.000   26.797
 989000.000   28.075
 989500.000   26.790
 990000.000   26.707
 990500.000   27.420
 991000.000   27.479
 991500.000   26.095
 992000.000   25.954
 992500.000   26.328
 993000.000   26.621
 993500.000   27.373
 994000.000   27.075
 994500.000   26.979
 995000.000   25.763
 995500.000   27.070
 996000.000   26.064
 996500.000   27.918
 997000.000   27.745
 997500.000   27.857
 998000.000   27.518
 998500.000   27.553
 999000.000   27.967
 999500.000   28.723
1000000.000   28.961
