 750000.000 1.027055 0.899749 0.638155 0.944929
 750500.000 1.034698 0.903338 0.653749 0.947519
 751000.000 1.026494 0.892139 0.622824 0.961021
 751500.000 1.044715 0.903364 0.654747 0.968556
 752000.000 1.041373 0.889239 0.658612 0.971802
 752500.000 1.041061 0.907596 0.632540 0.971482
 753000.000 1.077853 0.914374 0.686237 1.008231
 753500.000 1.025973 0.881721 0.632425 0.963248
 754000.000 1.052043 0.876160 0.695932 0.980618
 754500.000 0.991030 0.849582 0.630093 0.919497
 755000.000 1.045311 0.911390 0.636900 0.974207
 755500.000 1.024733 0.869323 0.647145 0.962099
 756000.000 1.042326 0.889526 0.640348 0.985692
 756500.000 1.073508 0.964057 0.596469 1.009782
 757000.000 1.024229 0.907390 0.610305 0.949874
 757500.000 1.002203 0.865807 0.614490 0.938937
 758000.000 1.025058 0.889313 0.628302 0.956998
 758500.000 1.003897 0.854090 0.676964 0.909871
 759000.000 0.965659 0.797029 0.675454 0.879491
 759500.000 0.975495 0.831532 0.647562 0.890167
 760000.000 0.982774 0.794214 0.696889 0.902917
 760500.000 0.962817 0.769097 0.711464 0.869679
 761000.000 0.977085 0.810109 0.697469 0.875587
 761500.000 0.992006 0.842978 0.645273 0.917148
 762000.000 0.994267 0.860661 0.634705 0.912988
 762500.000 1.020428 0.860492 0.666213 0.947766
 763000.000 1.026731 0.876288 0.654163 0.955271
 763500.000 1.070023 0.923360 0.663380 0.998617
 764000.000 1.066687 0.933391 0.632533 1.002160
 764500.000 1.060286 0.907393 0.681964 0.979784
 765000.000 1.056233 0.950729 0.611003 0.976752
 765500.000 1.043564 0.893780 0.672554 0.962746
 766000.000 1.074752 0.928753 0.670837 0.998789
 766500.000 1.024135 0.880435 0.681583 0.926275
 767000.000 1.069041 0.917159 0.687410 0.985892
 767500.000 1.063500 0.933436 0.672505 0.968761
 768000.000 1.048611 0.889721 0.681535 0.971121
 768500.000 1.063183 0.902420 0.689946 0.985051
 769000.000 1.056762 0.907822 0.685243 0.969428
 769500.000 1.058831 0.915095 0.678993 0.971501
 770000.000 1.030606 0.878078 0.666103 0.953721
 770500.000 1.062119 0.926288 0.660916 0.980497
 771000.000 1.033825 0.890165 0.664693 0.950462
 771500.000 1.062042 0.911741 0.697101 0.968838
 772000.000 1.041407 0.884188 0.699141 0.947877
 772500.000 1.040294 0.895745 0.681832 0.947190
 773000.000 1.078179 0.944521 0.696763 0.973313
 773500.000 1.072578 0.900140 0.722763 0.983977
 774000.000 1.032859 0.849214 0.742730 0.927784
 774500.000 1.036357 0.846175 0.738066 0.941977
 775000.000 1.022786 0.834836 0.705604 0.947287
 775500.000 1.010411 0.841755 0.707816 0.912309
 776000.000 0.992204 0.824442 0.698476 0.895190
 776500.000 1.014187 0.858475 0.704756 0.907463
 777000.000 1.020093 0.880422 0.678892 0.919316
 777500.000 0.988652 0.845134 0.673764 0.886936
 778000.000 1.002955 0.857980 0.683588 0.899120
 778500.000 1.053532 0.922497 0.707415 0.931891
 779000.000 0.989163 0.841097 0.714030 0.860001
 779500.000 1.033996 0.880260 0.711529 0.925832
 780000.000 1.010027 0.856213 0.701311 0.902980
 780500.000 0.997985 0.836382 0.689696 0.903733
 781000.000 1.003422 0.860406 0.693816 0.889963
 781500.000 0.985171 0.842173 0.666833 0.887244
 782000.000 1.009965 0.872884 0.681775 0.901840
 782500.000 0.993151 0.845513 0.691665 0.882841
 783000.000 1.014184 0.867360 0.688777 0.911270
 783500.000 1.024665 0.903601 0.673209 0.911138
 784000.000 1.028128 0.903688 0.684628 0.910344
 784500.000 0.999290 0.837928 0.699037 0.897988
 785000.000 1.064516 0.907256 0.740993 0.945623
 785500.000 0.994533 0.838090 0.689858 0.894368
 786000.000 1.013848 0.843099 0.722108 0.907481
 786500.000 1.008095 0.884333 0.687244 0.882134
 787000.000 1.030764 0.924043 0.641410 0.927193
 787500.000 1.009972 0.828147 0.731967 0.904702
 788000.000 1.028928 0.887594 0.710965 0.907794
 788500.000 1.013618 0.872054 0.706154 0.892026
 789000.000 1.029446 0.897440 0.700543 0.907390
 789500.000 1.052751 0.888240 0.728642 0.946933
 790000.000 1.040874 0.888361 0.673068 0.961577
 790500.000 1.059617 0.922508 0.669568 0.972746
 791000.000 1.073579 0.935603 0.719501 0.955044
 791500.000 1.052801 0.911574 0.695477 0.949801
 792000.000 1.025037 0.878330 0.698984 0.917257
 792500.000 1.053732 0.908546 0.695134 0.955006
 793000.000 1.023025 0.911669 0.652533 0.914451
 793500.000 1.015245 0.879690 0.661652 0.921849
 794000.000 1.030795 0.912958 0.643933 0.936447
 794500.000 1.026651 0.899823 0.655864 0.931764
 795000.000 1.060928 0.921623 0.689608 0.962387
 795500.000 1.013448 0.864676 0.699398 0.904064
 796000.000 1.041032 0.881113 0.713686 0.939034
 796500.000 0.994718 0.845720 0.683779 0.892261
 797000.000 0.999938 0.859927 0.704840 0.873773
 797500.000 1.023488 0.838960 0.747353 0.912505
 798000.000 1.042655 0.890181 0.695836 0.947443
 798500.000 1.013007 0.848089 0.710274 0.910287
 799000.000 1.035061 0.889422 0.682285 0.941340
 799500.000 1.058737 0.936690 0.644300 0.974340
 800000.000 1.059418 0.942884 0.644319 0.969824
 800500.000 1.059500 0.917172 0.709564 0.948892
 801000.000 1.045851 0.906561 0.687750 0.944858
 801500.000 1.053222 0.936080 0.659401 0.952627
 802000.000 1.040312 0.922182 0.685509 0.918779
 802500.000 1.073871 0.941937 0.707669 0.958310
 803000.000 1.038360 0.931713 0.661310 0.922478
 803500.000 1.059367 0.947648 0.671685 0.946214
 804000.000 1.047984 0.942641 0.655681 0.937042
 804500.000 1.055270 0.931916 0.686907 0.941744
 805000.000 1.024754 0.885768 0.688892 0.917107
 805500.000 1.044648 0.909963 0.666957 0.953791
 806000.000 1.076403 0.969270 0.687504 0.951390
 806500.000 1.061070 0.938451 0.696291 0.941395
 807000.000 1.023161 0.904553 0.678034 0.903200
 807500.000 1.045467 0.937842 0.659179 0.933777
 808000.000 1.035168 0.924307 0.674951 0.912822
 808500.000 1.072228 0.968103 0.658002 0.963926
 809000.000 1.073079 0.956111 0.649418 0.983414
 809500.000 1.096976 0.984603 0.631456 1.019085
 810000.000 1.087645 0.959617 0.670019 0.998074
 810500.000 1.092995 0.960352 0.674252 1.006174
 811000.000 1.068373 0.951321 0.645375 0.980470
 811500.000 1.044917 0.923295 0.677923 0.933622
 812000.000 1.046102 0.932196 0.658076 0.941596
 812500.000 1.059999 0.949810 0.675683 0.942607
 813000.000 1.029733 0.893151 0.670797 0.934350
 813500.000 1.031495 0.895459 0.672898 0.934518
 814000.000 1.043506 0.900497 0.680815 0.950477
 814500.000 1.023421 0.893432 0.683263 0.910885
 815000.000 1.043491 0.941272 0.677946 0.912220
 815500.000 1.023867 0.880411 0.697891 0.913473
 816000.000 1.040166 0.915964 0.679455 0.929108
 816500.000 1.021534 0.871335 0.710776 0.906994
 817000.000 0.999258 0.857676 0.688174 0.887605
 817500.000 1.021737 0.868696 0.693260 0.923390
 818000.000 1.012060 0.851652 0.696186 0.915721
 818500.000 1.023255 0.863650 0.701076 0.925582
 819000.000 1.017435 0.895416 0.661545 0.911556
 819500.000 1.025929 0.901917 0.687986 0.904589
 820000.000 1.038665 0.915707 0.676293 0.928309
 820500.000 1.025541 0.883839 0.689644 0.920155
 821000.000 1.028778 0.921737 0.641591 0.924948
 821500.000 1.054153 0.953472 0.665421 0.933052
 822000.000 1.028915 0.922429 0.636363 0.928169
 822500.000 1.036891 0.941851 0.622657 0.935681
 823000.000 1.024822 0.924076 0.626750 0.924007
 823500.000 1.003129 0.893278 0.627127 0.906257
 824000.000 1.028388 0.913898 0.639625 0.933183
 824500.000 1.027691 0.899812 0.655617 0.934239
 825000.000 1.047669 0.956596 0.622965 0.944490
 825500.000 1.025607 0.877743 0.669635 0.940688
 826000.000 1.048701 0.899889 0.690577 0.955432
 826500.000 1.101607 0.970459 0.673719 1.015573
 827000.000 1.064107 0.943615 0.669827 0.962066
 827500.000 1.035494 0.894652 0.697239 0.926258
 828000.000 1.060172 0.929130 0.687764 0.954791
 828500.000 1.014113 0.876473 0.662234 0.922003
 829000.000 1.024193 0.869528 0.673083 0.942773
 829500.000 1.024953 0.880516 0.673205 0.934102
 830000.000 0.985619 0.801870 0.702903 0.897677
 830500.000 1.050253 0.920209 0.647827 0.969329
 831000.000 1.023281 0.879413 0.691116 0.918259
 831500.000 1.026462 0.884955 0.700781 0.912694
 832000.000 1.046207 0.926387 0.666556 0.941600
 832500.000 1.038032 0.918419 0.680413 0.921176
 833000.000 1.027717 0.903406 0.669436 0.920933
 833500.000 1.023240 0.911179 0.665231 0.906234
 834000.000 1.041597 0.890264 0.698156 0.943322
 834500.000 1.046212 0.918073 0.689866 0.932924
 835000.000 1.041033 0.913386 0.687246 0.927856
 835500.000 1.011490 0.890625 0.671047 0.895939
 836000.000 1.005859 0.890988 0.663091 0.888794
 836500.000 1.040381 0.925020 0.669540 0.927813
 837000.000 1.012415 0.885198 0.667164 0.906249
 837500.000 1.043358 0.929558 0.676723 0.924748
 838000.000 1.029122 0.888431 0.665759 0.941084
 838500.000 1.025961 0.878618 0.680531 0.932792
 839000.000 1.034744 0.851764 0.708353 0.956098
 839500.000 1.034366 0.845496 0.698365 0.968116
 840000.000 1.070807 0.910108 0.680927 1.000649
 840500.000 1.107904 0.953805 0.689211 1.034478
 841000.000 1.086901 0.923318 0.693648 1.014419
 841500.000 1.090424 0.949642 0.670607 1.013170
 842000.000 1.106480 0.953305 0.691425 1.030407
 842500.000 1.061402 0.911563 0.671102 0.985811
 843000.000 1.086655 0.964043 0.657680 0.999858
 843500.000 1.087925 0.934340 0.678939 1.016469
 844000.000 1.084501 0.937699 0.668898 1.012708
 844500.000 1.074473 0.897617 0.688655 1.014408
 845000.000 1.083262 0.933135 0.686135 1.002693
 845500.000 1.061945 0.909119 0.681636 0.982003
 846000.000 1.048057 0.897311 0.680641 0.963539
 846500.000 1.070530 0.906492 0.683559 1.001543
 847000.000 1.067617 0.931427 0.683879 0.971785
 847500.000 1.058208 0.906384 0.676193 0.980222
 848000.000 1.055784 0.909311 0.673578 0.974068
 848500.000 1.107722 0.991851 0.646912 1.025589
 849000.000 1.104905 0.988308 0.660179 1.014416
 849500.000 1.063014 0.933798 0.635926 0.991775
 850000.000 1.083404 0.934447 0.692249 0.997562
 850500.000 1.086164 0.931885 0.680146 1.014149
 851000.000 1.072669 0.926739 0.684236 0.987022
 851500.000 1.076143 0.928369 0.676483 0.998332
 852000.000 1.059395 0.926068 0.657173 0.977323
 852500.000 1.055814 0.911330 0.659819 0.981633
 853000.000 1.071202 0.922399 0.676906 0.992938
 853500.000 1.068022 0.899773 0.685866 1.000668
 854000.000 1.074757 0.922422 0.661514 1.010813
 854500.000 1.059444 0.892183 0.694536 0.983094
 855000.000 1.088582 0.940137 0.684190 1.008985
 855500.000 1.076446 0.908804 0.692172 1.006203
 856000.000 1.067296 0.899299 0.686811 0.998896
 856500.000 1.058114 0.914331 0.660742 0.983173
 857000.000 1.032435 0.886692 0.666200 0.949631
 857500.000 1.043860 0.894275 0.676732 0.959997
 858000.000 1.042471 0.882527 0.676653 0.967874
 858500.000 1.078322 0.936087 0.674038 0.997481
 859000.000 1.053396 0.849756 0.718072 0.990745
 859500.000 1.051903 0.846744 0.746464 0.968926
 860000.000 1.010377 0.785072 0.742088 0.935248
 860500.000 1.032365 0.825573 0.737564 0.951831
 861000.000 0.995950 0.818072 0.694434 0.912334
 861500.000 1.008850 0.838905 0.686517 0.927626
 862000.000 1.006810 0.799650 0.714603 0.936610
 862500.000 1.005382 0.821290 0.682384 0.938841
 863000.000 1.029084 0.853841 0.674014 0.966793
 863500.000 1.052890 0.897006 0.666761 0.983850
 864000.000 1.058069 0.908242 0.652426 0.994211
 864500.000 1.047543 0.877072 0.683240 0.979093
 865000.000 1.024768 0.827127 0.699117 0.963014
 865500.000 1.031972 0.834585 0.714529 0.960650
 866000.000 1.015262 0.873696 0.630850 0.948789
 866500.000 1.010417 0.842594 0.665056 0.943197
 867000.000 1.024530 0.870389 0.650678 0.958312
 867500.000 0.980178 0.786011 0.697018 0.904350
 868000.000 0.992389 0.826643 0.676105 0.910613
 868500.000 1.004090 0.862910 0.635419 0.931677
 869000.000 0.989637 0.839011 0.630727 0.925747
 869500.000 0.991736 0.836820 0.637417 0.927639
 870000.000 0.999216 0.812393 0.672784 0.940343
 870500.000 0.984649 0.815826 0.654856 0.919053
 871000.000 1.018780 0.857345 0.672327 0.942741
 871500.000 1.025972 0.880861 0.653742 0.949705
 872000.000 0.983965 0.821857 0.647148 0.917672
 872500.000 0.976245 0.824512 0.655926 0.892217
 873000.000 0.961178 0.801589 0.653796 0.881892
 873500.000 1.005922 0.821330 0.694359 0.931150
 874000.000 0.988629 0.804342 0.689877 0.912073
 874500.000 1.020065 0.872121 0.676146 0.929137
 875000.000 0.998083 0.846712 0.669732 0.909329
 875500.000 1.014960 0.881071 0.665111 0.917404
 876000.000 0.992537 0.824265 0.697952 0.896499
 876500.000 1.008978 0.838925 0.703689 0.914931
 877000.000 0.995402 0.845291 0.681101 0.896235
 877500.000 1.041144 0.898994 0.708233 0.926380
 878000.000 1.015542 0.844239 0.735496 0.899420
 878500.000 1.000637 0.825632 0.729956 0.887721
 879000.000 1.000997 0.857548 0.674478 0.902042
 879500.000 0.987402 0.824237 0.700705 0.882933
 880000.000 0.979206 0.790257 0.707932 0.889951
 880500.000 0.980498 0.802347 0.701265 0.887255
 881000.000 0.987698 0.824126 0.691326 0.891056
 881500.000 0.994644 0.835108 0.668656 0.913305
 882000.000 1.000454 0.825375 0.677300 0.928353
 882500.000 1.015766 0.843929 0.696990 0.930348
 883000.000 1.003389 0.823065 0.703403 0.917259
 883500.000 1.017041 0.843647 0.702343 0.929364
 884000.000 1.014122 0.847538 0.678314 0.937260
 884500.000 1.010756 0.851298 0.675550 0.928537
 885000.000 1.005344 0.850610 0.647245 0.937534
 885500.000 0.993992 0.813918 0.681581 0.921426
 886000.000 0.962686 0.767327 0.687976 0.889621
 886500.000 0.938240 0.731471 0.685047 0.869625
 887000.000 0.977865 0.793358 0.694104 0.895120
 887500.000 1.000234 0.826989 0.703171 0.906960
 888000.000 1.004729 0.841004 0.692369 0.912303
 888500.000 1.025353 0.830614 0.738331 0.931475
 889000.000 0.992635 0.805475 0.706522 0.907018
 889500.000 1.002889 0.823592 0.720834 0.902035
 890000.000 0.994951 0.797164 0.728841 0.901761
 890500.000 0.983658 0.822876 0.715886 0.863451
 891000.000 0.984450 0.843962 0.702648 0.855743
 891500.000 1.015591 0.868288 0.710332 0.896859
 892000.000 0.987568 0.828059 0.675819 0.898983
 892500.000 0.986736 0.826518 0.665281 0.906403
 893000.000 1.004713 0.811198 0.729776 0.910101
 893500.000 0.997798 0.823623 0.704126 0.903908
 894000.000 0.971688 0.821463 0.665511 0.877865
 894500.000 0.989652 0.834596 0.694365 0.883249
 895000.000 0.997737 0.841108 0.692299 0.896781
 895500.000 1.001133 0.843313 0.675665 0.914788
 896000.000 0.974459 0.821570 0.689932 0.864962
 896500.000 0.970317 0.811795 0.656912 0.890217
 897000.000 0.970897 0.806070 0.680719 0.878723
 897500.000 0.949953 0.763188 0.683830 0.868760
 898000.000 0.970143 0.790932 0.687769 0.885299
 898500.000 1.007990 0.816535 0.704658 0.932103
 899000.000 0.994246 0.775525 0.714548 0.930072
 899500.000 1.004694 0.820501 0.693692 0.929726
 900000.000 0.993481 0.743359 0.757747 0.920460
 900500.000 0.975911 0.775139 0.707959 0.895969
 901000.000 0.949422 0.745320 0.710417 0.861749
 901500.000 1.007950 0.839224 0.697779 0.916915
 902000.000 0.998018 0.814113 0.693615 0.920976
 902500.000 0.979935 0.768398 0.707335 0.910925
 903000.000 0.996124 0.814762 0.682725 0.924432
 903500.000 0.983271 0.797572 0.700474 0.898253
 904000.000 1.017106 0.843522 0.693922 0.935925
 904500.000 1.004342 0.819605 0.697220 0.927112
 905000.000 1.006007 0.821129 0.691929 0.933317
 905500.000 0.988970 0.796225 0.697905 0.913826
 906000.000 1.021229 0.831693 0.717342 0.937831
 906500.000 1.017399 0.852446 0.688142 0.932737
 907000.000 1.009915 0.832496 0.685592 0.936360
 907500.000 1.003743 0.828745 0.694147 0.919969
 908000.000 1.000652 0.798426 0.733043 0.909820
 908500.000 1.013734 0.824718 0.717482 0.927562
 909000.000 1.024114 0.851104 0.701289 0.938847
 909500.000 1.008615 0.830349 0.718018 0.910813
 910000.000 0.986043 0.772299 0.712327 0.916900
 910500.000 0.989356 0.819099 0.684235 0.904739
 911000.000 0.969780 0.787161 0.691575 0.884900
 911500.000 0.999906 0.810094 0.702967 0.921526
 912000.000 0.963973 0.766390 0.708001 0.877422
 912500.000 0.970764 0.773913 0.700771 0.891483
 913000.000 0.962458 0.759727 0.698844 0.887178
 913500.000 0.983264 0.766533 0.721298 0.908719
 914000.000 0.990003 0.760832 0.731757 0.919717
 914500.000 0.986570 0.746281 0.733075 0.923204
 915000.000 1.001418 0.748361 0.758373 0.933007
 915500.000 1.032493 0.800677 0.740178 0.971152
 916000.000 1.001061 0.779145 0.731584 0.928421
 916500.000 1.058761 0.769876 0.810031 0.996540
 917000.000 1.018796 0.764840 0.758430 0.956919
 917500.000 1.033873 0.833553 0.719255 0.962107
 918000.000 1.017567 0.823051 0.712729 0.941004
 918500.000 1.046313 0.811759 0.775256 0.964139
 919000.000 1.048874 0.829078 0.741143 0.981636
 919500.000 1.016526 0.787263 0.733962 0.952978
 920000.000 1.045518 0.792886 0.774441 0.978667
 920500.000 1.035497 0.808819 0.760236 0.955176
 921000.000 1.061450 0.851533 0.759638 0.975292
 921500.000 1.008266 0.790536 0.747811 0.921429
 922000.000 1.026765 0.786573 0.762687 0.952945
 922500.000 1.026589 0.784589 0.763962 0.953179
 923000.000 1.014494 0.807791 0.727042 0.936632
 923500.000 1.023604 0.814653 0.738740 0.941345
 924000.000 1.054399 0.799835 0.791882 0.978111
 924500.000 1.072694 0.881190 0.738084 0.989990
 925000.000 1.026931 0.787375 0.784216 0.934998
 925500.000 1.065095 0.790331 0.806173 0.997155
 926000.000 0.998613 0.787950 0.743069 0.906333
 926500.000 0.997315 0.801755 0.727107 0.904311
 927000.000 0.994593 0.815979 0.723773 0.888123
 927500.000 1.011390 0.811231 0.740348 0.916303
 928000.000 0.998409 0.802729 0.739374 0.895876
 928500.000 1.001764 0.808852 0.759096 0.881246
 929000.000 1.019669 0.794548 0.765396 0.928608
 929500.000 1.010763 0.778128 0.775751 0.914335
 930000.000 1.005013 0.794590 0.738932 0.917992
 930500.000 1.007794 0.805221 0.738651 0.915047
 931000.000 1.062316 0.878469 0.740452 0.968015
 931500.000 1.022178 0.819448 0.760851 0.916138
 932000.000 1.014590 0.841366 0.715459 0.915973
 932500.000 0.986983 0.805885 0.732064 0.873442
 933000.000 1.005229 0.808187 0.742389 0.903695
 933500.000 1.019669 0.801746 0.788504 0.902727
 934000.000 1.000049 0.782955 0.775957 0.886041
 934500.000 1.020274 0.814402 0.816518 0.867158
 935000.000 1.025167 0.819500 0.810371 0.879574
 935500.000 1.032383 0.821824 0.805109 0.898907
 936000.000 1.011274 0.801714 0.797324 0.875717
 936500.000 1.035185 0.873312 0.761536 0.894765
 937000.000 1.039539 0.893656 0.741672 0.901434
 937500.000 1.020208 0.870704 0.718940 0.898136
 938000.000 1.017279 0.853509 0.717357 0.909193
 938500.000 1.045144 0.884392 0.725773 0.935819
 939000.000 0.992573 0.831679 0.703607 0.885240
 939500.000 1.005385 0.857110 0.697001 0.895071
 940000.000 1.003748 0.837324 0.718648 0.893004
 940500.000 1.025867 0.890669 0.673144 0.926495
 941000.000 1.040171 0.890284 0.695074 0.942432
 941500.000 1.024139 0.852540 0.745651 0.902720
 942000.000 1.006445 0.852375 0.714731 0.887964
 942500.000 1.033165 0.864965 0.760722 0.898886
 943000.000 1.041587 0.857759 0.763671 0.922422
 943500.000 1.028722 0.858112 0.762443 0.893792
 944000.000 1.013360 0.833456 0.730838 0.908308
 944500.000 1.023179 0.825584 0.762672 0.911337
 945000.000 1.033165 0.831071 0.785630 0.909377
 945500.000 1.038910 0.821207 0.772707 0.941918
 946000.000 1.056347 0.866103 0.768381 0.944031
 946500.000 1.018699 0.830229 0.741450 0.914585
 947000.000 1.049096 0.837996 0.770951 0.951105
 947500.000 1.045888 0.842235 0.747283 0.959152
 948000.000 1.026736 0.826135 0.743983 0.934003
 948500.000 1.016597 0.805693 0.760575 0.916145
 949000.000 1.021115 0.831510 0.750077 0.911771
 949500.000 1.018555 0.854229 0.726901 0.903779
 950000.000 1.023838 0.854091 0.739663 0.905491
 950500.000 0.999695 0.827013 0.708067 0.901927
 951000.000 0.986935 0.802696 0.717126 0.888533
 951500.000 1.017823 0.840493 0.700003 0.935679
 952000.000 1.053308 0.869507 0.713701 0.976474
 952500.000 1.030938 0.832816 0.732068 0.946658
 953000.000 1.011759 0.865708 0.694816 0.902824
 953500.000 0.997891 0.829454 0.702765 0.899834
 954000.000 1.013238 0.849865 0.697460 0.919012
 954500.000 0.999068 0.845947 0.677351 0.906557
 955000.000 1.024600 0.842895 0.726447 0.928123
 955500.000 1.023269 0.851592 0.732900 0.912035
 956000.000 1.038038 0.886802 0.718360 0.923355
 956500.000 1.022770 0.867296 0.681875 0.935394
 957000.000 1.020240 0.839721 0.720371 0.926127
 957500.000 1.022340 0.845364 0.731037 0.917227
 958000.000 0.992774 0.799287 0.743800 0.882668
 958500.000 1.013566 0.853641 0.711462 0.905401
 959000.000 1.023820 0.855639 0.713972 0.924415
 959500.000 0.996635 0.816963 0.728356 0.888049
 960000.000 1.007743 0.827979 0.716684 0.912090
 960500.000 0.986541 0.801151 0.732707 0.876257
 961000.000 1.032992 0.822660 0.767108 0.932160
 961500.000 0.979135 0.787199 0.715700 0.886285
 962000.000 1.019211 0.826479 0.735352 0.923998
 962500.000 1.026415 0.835945 0.733144 0.933140
 963000.000 1.035497 0.863802 0.700945 0.952382
 963500.000 1.014956 0.839967 0.708310 0.923593
 964000.000 1.014484 0.831313 0.721043 0.920527
 964500.000 0.997548 0.800091 0.713192 0.917286
 965000.000 0.968422 0.747691 0.736276 0.880078
 965500.000 0.993189 0.761905 0.771916 0.892465
 966000.000 1.016689 0.770147 0.803202 0.910523
 966500.000 1.018388 0.804127 0.733885 0.942879
 967000.000 1.054506 0.835413 0.744566 0.985734
 967500.000 1.035043 0.857642 0.717405 0.944674
 968000.000 1.029484 0.816884 0.730367 0.958613
 968500.000 1.048914 0.850234 0.734427 0.968587
 969000.000 1.014492 0.807103 0.731903 0.933428
 969500.000 0.998250 0.797969 0.724773 0.911569
 970000.000 1.028054 0.824075 0.722494 0.955349
 970500.000 1.056933 0.849721 0.726041 0.992499
 971000.000 1.029338 0.807480 0.741240 0.957922
 971500.000 1.004915 0.757049 0.768960 0.924816
 972000.000 1.068904 0.821249 0.778609 1.002212
 972500.000 1.049260 0.787084 0.787732 0.980750
 973000.000 1.038938 0.804632 0.753904 0.971071
 973500.000 1.041903 0.775216 0.793351 0.969927
 974000.000 1.066490 0.827130 0.796798 0.977635
 974500.000 1.046225 0.792479 0.790431 0.967662
 975000.000 1.071339 0.845115 0.794819 0.974463
 975500.000 1.058434 0.803725 0.802075 0.975328
 976000.000 1.065404 0.809850 0.806144 0.982062
 976500.000 1.081113 0.842868 0.810940 0.984662
 977000.000 1.044096 0.811028 0.774254 0.960749
 977500.000 1.043813 0.811847 0.784473 0.951103
 978000.000 1.017313 0.793011 0.770620 0.920397
 978500.000 1.073649 0.810396 0.836227 0.974385
 979000.000 1.039117 0.771849 0.816626 0.947049
 979500.000 1.058588 0.799255 0.824564 0.960470
 980000.000 1.088269 0.816410 0.852373 0.987721
 980500.000 1.050551 0.810425 0.811398 0.944542
 981000.000 1.083343 0.849996 0.830166 0.967262
 981500.000 1.092639 0.861712 0.812295 0.992648
 982000.000 1.086278 0.855276 0.796972 0.996664
 982500.000 1.073697 0.867583 0.750195 0.995066
 983000.000 1.074435 0.848442 0.781715 0.988883
 983500.000 1.077814 0.846627 0.800394 0.982832
 984000.000 1.073161 0.868605 0.789793 0.961821
 984500.000 1.052122 0.852516 0.774946 0.941592
 985000.000 1.069044 0.855336 0.796155 0.959295
 985500.000 1.081011 0.866865 0.790217 0.980446
 986000.000 1.078303 0.869792 0.767009 0.990270
 986500.000 1.102112 0.909000 0.779910 0.997378
 987000.000 1.073261 0.845751 0.772152 0.996125
 987500.000 1.060555 0.825054 0.781296 0.978987
 988000.000 1.054147 0.840812 0.751862 0.974779
 988500.000 0.993231 0.748135 0.768854 0.906738
 989000.000 1.004590 0.801008 0.750927 0.901607
 989500.000 1.024624 0.845840 0.702334 0.943925
 990000.000 1.053668 0.839604 0.750321 0.975969
 990500.000 1.035385 0.825548 0.742856 0.954295
 991000.000 1.018966 0.814223 0.731273 0.937477
 991500.000 0.982378 0.767242 0.731332 0.898125
 992000.000 0.978220 0.786134 0.705707 0.893196
 992500.000 1.002164 0.807988 0.709167 0.923528
 993000.000 1.011730 0.839515 0.681181 0.937231
 993500.000 1.026907 0.847145 0.703883 0.946557
 994000.000 1.027871 0.822920 0.725643 0.953564
 994500.000 1.023643 0.798745 0.739454 0.954414
 995000.000 1.017978 0.800130 0.731711 0.947074
 995500.000 1.030996 0.833074 0.724158 0.952621
 996000.000 1.037093 0.839856 0.710513 0.970019
 996500.000 1.024089 0.827151 0.705660 0.956756
 997000.000 1.049914 0.839689 0.733370 0.980677
 997500.000 1.033867 0.828375 0.716416 0.968663
 998000.000 0.999210 0.796305 0.738306 0.904236
 998500.000 0.999237 0.767180 0.748325 0.921083
 999000.000 1.000413 0.796623 0.725219 0.917115
 999500.000 0.993246 0.753578 0.764453 0.905984
1000000.000 0.998509 0.766043 0.762666 0.908604
