 750000.000    6.189  665.399
 750500.000    6.323  651.296
 751000.000    6.234  660.627
 751500.000    6.106  674.467
 752000.000    6.122  672.636
 752500.000    5.932  694.211
 753000.000    6.395  643.993
 753500.000    5.900  697.988
 754000.000    6.269  656.920
 754500.000    5.980  688.611
 755000.000    6.108  674.177
 755500.000    6.276  656.167
 756000.000    6.042  681.577
 756500.000    5.896  698.476
 757000.000    6.080  677.375
 757500.000    6.103  674.720
 758000.000    5.963  690.559
 758500.000    6.123  672.587
 759000.000    6.138  670.961
 759500.000    6.026  683.406
 760000.000    6.049  680.745
 760500.000    6.309  652.734
 761000.000    6.203  663.899
 761500.000    6.234  660.540
 762000.000    6.152  669.366
 762500.000    6.121  672.793
 763000.000    6.280  655.789
 763500.000    6.011  685.109
 764000.000    6.155  669.074
 764500.000    6.188  665.550
 765000.000    6.080  677.334
 765500.000    6.087  676.579
 766000.000    6.275  656.242
 766500.000    6.266  657.206
 767000.000    6.356  647.945
 767500.000    6.254  658.443
 768000.000    6.166  667.884
 768500.000    6.215  662.598
 769000.000    6.179  666.514
 769500.000    6.336  649.924
 770000.000    6.182  666.190
 770500.000    6.243  659.685
 771000.000    6.174  667.026
 771500.000    6.359  647.583
 772000.000    6.021  684.002
 772500.000    6.263  657.527
 773000.000    6.351  648.448
 773500.000    6.158  668.726
 774000.000    6.088  676.397
 774500.000    6.293  654.372
 775000.000    5.981  688.537
 775500.000    6.279  655.898
 776000.000    6.074  678.026
 776500.000    6.162  668.338
 777000.000    6.276  656.126
 777500.000    6.229  661.116
 778000.000    6.113  673.690
 778500.000    6.217  662.399
 779000.000    6.249  659.032
 779500.000    6.165  667.971
 780000.000    6.300  653.683
 780500.000    6.457  637.794
 781000.000    6.429  640.572
 781500.000    6.305  653.125
 782000.000    6.364  647.117
 782500.000    6.185  665.805
 783000.000    6.042  681.569
 783500.000    6.026  683.434
 784000.000    6.061  679.405
 784500.000    6.310  652.677
 785000.000    6.315  652.136
 785500.000    6.067  678.749
 786000.000    6.511  632.522
 786500.000    6.432  640.291
 787000.000    5.985  688.077
 787500.000    6.175  666.854
 788000.000    6.217  662.390
 788500.000    6.321  651.455
 789000.000    6.242  659.775
 789500.000    6.169  667.599
 790000.000    6.062  679.315
 790500.000    6.281  655.627
 791000.000    6.109  674.105
 791500.000    6.139  670.837
 792000.000    6.241  659.810
 792500.000    6.060  679.534
 793000.000    6.215  662.567
 793500.000    6.267  657.071
 794000.000    6.084  676.854
 794500.000    6.149  669.714
 795000.000    6.172  667.212
 795500.000    6.228  661.274
 796000.000    6.351  648.394
 796500.000    6.139  670.853
 797000.000    6.146  670.021
 797500.000    6.071  678.310
 798000.000    6.259  657.971
 798500.000    6.331  650.442
 799000.000    6.182  666.111
 799500.000    6.129  671.873
 800000.000    5.944  692.765
 800500.000    5.992  687.296
 801000.000    6.130  671.808
 801500.000    6.133  671.459
 802000.000    6.192  665.122
 802500.000    6.105  674.560
 803000.000    6.039  681.875
 803500.000    6.173  667.074
 804000.000    6.085  676.732
 804500.000    6.097  675.390
 805000.000    6.318  651.796
 805500.000    6.064  679.111
 806000.000    6.410  642.427
 806500.000    6.129  671.867
 807000.000    6.169  667.569
 807500.000    6.122  672.730
 808000.000    6.238  660.136
 808500.000    5.903  697.685
 809000.000    6.216  662.555
 809500.000    6.505  633.090
 810000.000    6.192  665.101
 810500.000    6.038  682.061
 811000.000    6.214  662.730
 811500.000    5.969  689.938
 812000.000    6.136  671.177
 812500.000    5.974  689.360
 813000.000    6.123  672.572
 813500.000    6.237  660.274
 814000.000    6.100  675.140
 814500.000    5.979  688.712
 815000.000    6.241  659.846
 815500.000    5.992  687.279
 816000.000    6.263  657.503
 816500.000    6.083  676.984
 817000.000    6.182  666.154
 817500.000    6.054  680.249
 818000.000    6.045  681.267
 818500.000    6.264  657.433
 819000.000    6.330  650.610
 819500.000    6.067  678.828
 820000.000    6.403  643.132
 820500.000    6.024  683.577
 821000.000    6.153  669.340
 821500.000    6.156  668.947
 822000.000    6.076  677.763
 822500.000    6.233  660.718
 823000.000    6.128  671.992
 823500.000    6.138  670.952
 824000.000    5.995  686.908
 824500.000    6.212  662.974
 825000.000    6.283  655.439
 825500.000    6.029  683.040
 826000.000    6.198  664.397
 826500.000    6.174  666.976
 827000.000    6.142  670.437
 827500.000    6.306  653.025
 828000.000    6.081  677.206
 828500.000    6.050  680.633
 829000.000    6.257  658.180
 829500.000    6.434  640.084
 830000.000    6.404  643.050
 830500.000    6.078  677.504
 831000.000    6.254  658.439
 831500.000    6.277  656.089
 832000.000    6.131  671.706
 832500.000    6.064  679.119
 833000.000    6.197  664.539
 833500.000    6.128  671.983
 834000.000    6.074  678.001
 834500.000    6.253  658.618
 835000.000    6.071  678.356
 835500.000    6.295  654.178
 836000.000    6.003  686.007
 836500.000    5.987  687.846
 837000.000    6.048  680.958
 837500.000    6.009  685.289
 838000.000    6.215  662.561
 838500.000    6.136  671.183
 839000.000    6.140  670.747
 839500.000    6.333  650.239
 840000.000    6.132  671.587
 840500.000    5.941  693.147
 841000.000    6.339  649.631
 841500.000    6.165  668.004
 842000.000    6.342  649.323
 842500.000    6.376  645.859
 843000.000    6.186  665.690
 843500.000    5.998  686.579
 844000.000    6.371  646.337
 844500.000    6.073  678.058
 845000.000    6.239  660.072
 845500.000    6.308  652.801
 846000.000    6.319  651.673
 846500.000    6.062  679.322
 847000.000    6.114  673.506
 847500.000    6.149  669.728
 848000.000    6.154  669.181
 848500.000    6.370  646.510
 849000.000    6.197  664.581
 849500.000    6.382  645.312
 850000.000    6.122  672.700
 850500.000    6.260  657.886
 851000.000    6.012  685.029
 851500.000    6.250  658.918
 852000.000    6.087  676.595
 852500.000    6.283  655.392
 853000.000    6.144  670.278
 853500.000    6.149  669.757
 854000.000    6.103  674.759
 854500.000    6.199  664.361
 855000.000    6.133  671.450
 855500.000    6.123  672.573
 856000.000    6.091  676.105
 856500.000    6.226  661.424
 857000.000    6.060  679.538
 857500.000    6.199  664.370
 858000.000    6.089  676.330
 858500.000    6.260  657.804
 859000.000    6.267  657.164
 859500.000    6.149  669.741
 860000.000    6.187  665.659
 860500.000    6.268  656.971
 861000.000    6.101  674.944
 861500.000    6.174  666.961
 862000.000    6.181  666.259
 862500.000    6.234  660.629
 863000.000    6.038  681.982
 863500.000    6.166  667.828
 864000.000    6.075  677.844
 864500.000    6.244  659.544
 865000.000    6.051  680.612
 865500.000    6.276  656.197
 866000.000    6.377  645.749
 866500.000    6.341  649.431
 867000.000    6.194  664.853
 867500.000    6.081  677.179
 868000.000    6.195  664.753
 868500.000    6.294  654.259
 869000.000    6.011  685.091
 869500.000    6.180  666.353
 870000.000    6.158  668.692
 870500.000    6.155  669.068
 871000.000    6.164  668.076
 871500.000    6.217  662.387
 872000.000    6.049  680.804
 872500.000    6.118  673.141
 873000.000    5.982  688.448
 873500.000    6.105  674.507
 874000.000    6.157  668.866
 874500.000    6.288  654.926
 875000.000    6.411  642.380
 875500.000    6.495  634.045
 876000.000    6.060  679.568
 876500.000    6.107  674.296
 877000.000    6.217  662.410
 877500.000    6.329  650.716
 878000.000    6.158  668.739
 878500.000    6.119  673.029
 879000.000    6.143  670.398
 879500.000    5.995  686.935
 880000.000    6.282  655.529
 880500.000    6.095  675.643
 881000.000    6.232  660.788
 881500.000    6.207  663.484
 882000.000    5.989  687.647
 882500.000    6.259  657.955
 883000.000    6.140  670.744
 883500.000    6.147  669.938
 884000.000    6.103  674.820
 884500.000    6.195  664.746
 885000.000    6.091  676.064
 885500.000    6.027  683.259
 886000.000    6.146  670.099
 886500.000    6.002  686.111
 887000.000    6.254  658.466
 887500.000    6.138  670.927
 888000.000    6.166  667.851
 888500.000    6.252  658.738
 889000.000    6.291  654.620
 889500.000    6.083  676.941
 890000.000    6.159  668.605
 890500.000    6.294  654.312
 891000.000    6.319  651.706
 891500.000    6.120  672.916
 892000.000    6.125  672.338
 892500.000    6.107  674.342
 893000.000    6.411  642.329
 893500.000    6.060  679.614
 894000.000    6.181  666.301
 894500.000    6.207  663.440
 895000.000    6.188  665.480
 895500.000    6.100  675.151
 896000.000    5.874  701.126
 896500.000    6.158  668.692
 897000.000    6.006  685.707
 897500.000    5.895  698.626
 898000.000    6.057  679.918
 898500.000    5.927  694.841
 899000.000    6.149  669.675
 899500.000    6.178  666.609
 900000.000    6.061  679.412
 900500.000    5.983  688.350
 901000.000    5.965  690.377
 901500.000    6.146  670.014
 902000.000    6.107  674.340
 902500.000    5.949  692.254
 903000.000    6.157  668.893
 903500.000    6.400  643.425
 904000.000    6.102  674.896
 904500.000    6.144  670.308
 905000.000    6.037  682.106
 905500.000    6.030  682.991
 906000.000    6.342  649.361
 906500.000    6.052  680.474
 907000.000    6.141  670.640
 907500.000    6.027  683.235
 908000.000    6.230  660.989
 908500.000    6.352  648.357
 909000.000    6.066  678.852
 909500.000    6.062  679.379
 910000.000    6.078  677.494
 910500.000    6.008  685.415
 911000.000    5.994  687.087
 911500.000    5.983  688.351
 912000.000    6.013  684.818
 912500.000    5.924  695.195
 913000.000    5.940  693.244
 913500.000    6.122  672.688
 914000.000    5.886  699.694
 914500.000    5.904  697.500
 915000.000    6.052  680.495
 915500.000    6.113  673.700
 916000.000    6.207  663.480
 916500.000    6.207  663.417
 917000.000    6.146  670.036
 917500.000    6.085  676.796
 918000.000    6.010  685.249
 918500.000    6.215  662.649
 919000.000    5.965  690.387
 919500.000    6.265  657.276
 920000.000    6.113  673.667
 920500.000    6.162  668.259
 921000.000    5.847  704.339
 921500.000    6.189  665.390
 922000.000    6.093  675.832
 922500.000    6.252  658.730
 923000.000    6.132  671.618
 923500.000    6.236  660.348
 924000.000    6.229  661.102
 924500.000    6.339  649.654
 925000.000    6.022  683.862
 925500.000    6.129  671.958
 926000.000    6.258  658.052
 926500.000    5.973  689.418
 927000.000    6.125  672.401
 927500.000    6.292  654.465
 928000.000    6.223  661.796
 928500.000    6.152  669.366
 929000.000    6.112  673.796
 929500.000    6.049  680.818
 930000.000    6.101  674.998
 930500.000    6.017  684.448
 931000.000    6.079  677.446
 931500.000    6.071  678.351
 932000.000    5.997  686.723
 932500.000    6.087  676.549
 933000.000    6.006  685.615
 933500.000    6.094  675.718
 934000.000    5.890  699.129
 934500.000    6.124  672.476
 935000.000    5.961  690.795
 935500.000    6.332  650.409
 936000.000    6.210  663.104
 936500.000    6.120  672.875
 937000.000    6.028  683.223
 937500.000    6.165  668.004
 938000.000    6.026  683.383
 938500.000    6.183  665.998
 939000.000    6.052  680.441
 939500.000    6.182  666.172
 940000.000    6.105  674.587
 940500.000    6.406  642.901
 941000.000    6.037  682.167
 941500.000    6.209  663.299
 942000.000    6.067  678.811
 942500.000    5.902  697.707
 943000.000    6.056  679.979
 943500.000    5.928  694.736
 944000.000    6.269  656.941
 944500.000    5.999  686.517
 945000.000    6.271  656.686
 945500.000    6.127  672.136
 946000.000    6.370  646.525
 946500.000    6.207  663.479
 947000.000    6.282  655.496
 947500.000    6.219  662.172
 948000.000    6.377  645.730
 948500.000    6.085  676.755
 949000.000    6.022  683.861
 949500.000    6.311  652.496
 950000.000    6.380  645.457
 950500.000    6.197  664.579
 951000.000    6.281  655.639
 951500.000    6.212  662.981
 952000.000    6.103  674.772
 952500.000    6.118  673.087
 953000.000    6.094  675.746
 953500.000    6.083  676.942
 954000.000    5.944  692.776
 954500.000    6.169  667.604
 955000.000    6.036  682.277
 955500.000    5.893  698.850
 956000.000    6.182  666.121
 956500.000    5.984  688.188
 957000.000    6.114  673.532
 957500.000    5.962  690.704
 958000.000    5.957  691.336
 958500.000    6.174  667.025
 959000.000    6.215  662.595
 959500.000    6.044  681.407
 960000.000    6.191  665.219
 960500.000    5.928  694.722
 961000.000    5.987  687.842
 961500.000    5.905  697.402
 962000.000    6.004  685.917
 962500.000    5.841  704.985
 963000.000    6.057  679.873
 963500.000    6.224  661.602
 964000.000    6.094  675.725
 964500.000    5.896  698.475
 965000.000    5.986  687.918
 965500.000    6.026  683.437
 966000.000    5.898  698.275
 966500.000    6.073  678.060
 967000.000    6.211  662.987
 967500.000    6.280  655.757
 968000.000    6.162  668.305
 968500.000    6.250  658.949
 969000.000    6.007  685.596
 969500.000    6.132  671.567
 970000.000    6.096  675.586
 970500.000    6.205  663.708
 971000.000    6.135  671.281
 971500.000    6.083  677.042
 972000.000    6.367  646.753
 972500.000    6.114  673.576
 973000.000    6.037  682.116
 973500.000    6.019  684.180
 974000.000    6.303  653.356
 974500.000    6.061  679.397
 975000.000    6.163  668.167
 975500.000    6.431  640.316
 976000.000    6.243  659.646
 976500.000    6.192  665.018
 977000.000    6.086  676.629
 977500.000    6.209  663.232
 978000.000    6.182  666.121
 978500.000    6.310  652.583
 979000.000    6.073  678.056
 979500.000    6.242  659.700
 980000.000    6.422  641.262
 980500.000    6.180  666.338
 981000.000    6.282  655.535
 981500.000    6.113  673.691
 982000.000    6.151  669.496
 982500.000    6.225  661.547
 983000.000    6.183  666.025
 983500.000    6.003  686.055
 984000.000    6.034  682.471
 984500.000    5.951  691.966
 985000.000    6.192  665.044
 985500.000    6.141  670.593
 986000.000    6.222  661.885
 986500.000    6.346  648.935
 987000.000    6.260  657.828
 987500.000    5.988  687.758
 988000.000    6.185  665.836
 988500.000    6.176  666.816
 989000.000    6.034  682.516
 989500.000    6.177  666.735
 990000.000    6.134  671.381
 990500.000    6.113  673.658
 991000.000    6.058  679.738
 991500.000    6.094  675.718
 992000.000    5.939  693.406
 992500.000    6.169  667.502
 993000.000    6.188  665.449
 993500.000    6.039  681.933
 994000.000    6.096  675.510
 994500.000    6.090  676.252
 995000.000    6.243  659.617
 995500.000    6.051  680.578
 996000.000    6.043  681.477
 996500.000    6.000  686.309
 997000.000    6.029  683.101
 997500.000    5.813  708.460
 998000.000    6.077  677.605
 998500.000    5.890  699.183
 999000.000    6.149  669.768
 999500.000    6.277  656.069
1000000.000    6.115  673.448
