 750000.000   25.649
 750500.000   25.706
 751000.000   25.111
 751500.000   25.106
 752000.000   26.344
 752500.000   26.833
 753000.000   24.810
 753500.000   25.924
 754000.000   25.607
 754500.000   25.812
 755000.000   25.564
 755500.000   25.809
 756000.000   25.933
 756500.000   26.500
 757000.000   25.958
 757500.000   26.025
 758000.000   27.181
 758500.000   26.155
 759000.000   24.198
 759500.000   25.639
 760000.000   25.003
 760500.000   24.528
 761000.000   23.938
 761500.000   26.229
 762000.000   25.334
 762500.000   25.342
 763000.000   25.274
 763500.000   24.606
 764000.000   25.068
 764500.000   25.965
 765000.000   24.981
 765500.000   25.028
 766000.000   24.601
 766500.000   24.620
 767000.000   24.771
 767500.000   24.637
 768000.000   24.525
 768500.000   24.557
 769000.000   24.122
 769500.000   25.981
 770000.000   24.784
 770500.000   24.472
 771000.000   26.595
 771500.000   25.978
 772000.000   24.905
 772500.000   25.473
 773000.000   24.811
 773500.000   25.466
 774000.000   24.681
 774500.000   24.802
 775000.000   24.537
 775500.000   26.223
 776000.000   25.448
 776500.000   23.918
 777000.000   24.936
 777500.000   24.443
 778000.000   24.344
 778500.000   25.384
 779000.000   25.873
 779500.000   26.388
 780000.000   24.417
 780500.000   26.097
 781000.000   25.191
 781500.000   25.495
 782000.000   25.045
 782500.000   25.040
 783000.000   24.654
 783500.000   25.250
 784000.000   25.466
 784500.000   24.131
 785000.000   24.849
 785500.000   24.319
 786000.000   24.897
 786500.000   23.711
 787000.000   24.792
 787500.000   24.995
 788000.000   24.943
 788500.000   26.249
 789000.000   26.261
 789500.000   26.284
 790000.000   25.992
 790500.000   25.193
 791000.000   24.422
 791500.000   25.889
 792000.000   24.405
 792500.000   25.069
 793000.000   25.773
 793500.000   24.944
 794000.000   25.456
 794500.000   26.068
 795000.000   25.383
 795500.000   25.300
 796000.000   25.482
 796500.000   25.052
 797000.000   26.399
 797500.000   25.076
 798000.000   25.408
 798500.000   25.878
 799000.000   25.285
 799500.000   27.172
 800000.000   26.621
 800500.000   26.690
 801000.000   26.083
 801500.000   25.557
 802000.000   24.595
 802500.000   24.990
 803000.000   25.234
 803500.000   24.340
 804000.000   24.672
 804500.000   26.920
 805000.000   24.769
 805500.000   25.097
 806000.000   24.977
 806500.000   25.857
 807000.000   27.326
 807500.000   24.325
 808000.000   25.065
 808500.000   25.016
 809000.000   26.415
 809500.000   24.634
 810000.000   25.328
 810500.000   25.364
 811000.000   25.476
 811500.000   23.828
 812000.000   24.900
 812500.000   24.794
 813000.000   25.490
 813500.000   24.204
 814000.000   24.036
 814500.000   23.116
 815000.000   23.876
 815500.000   24.445
 816000.000   24.442
 816500.000   24.919
 817000.000   23.238
 817500.000   23.802
 818000.000   23.337
 818500.000   23.617
 819000.000   24.005
 819500.000   23.279
 820000.000   23.938
 820500.000   23.772
 821000.000   24.703
 821500.000   24.143
 822000.000   24.102
 822500.000   24.491
 823000.000   23.023
 823500.000   24.294
 824000.000   24.498
 824500.000   24.327
 825000.000   24.428
 825500.000   25.041
 826000.000   24.561
 826500.000   25.201
 827000.000   25.147
 827500.000   25.185
 828000.000   23.822
 828500.000   24.150
 829000.000   23.975
 829500.000   23.555
 830000.000   25.126
 830500.000   23.257
 831000.000   24.117
 831500.000   24.401
 832000.000   23.617
 832500.000   24.048
 833000.000   25.706
 833500.000   25.094
 834000.000   24.505
 834500.000   23.094
 835000.000   23.657
 835500.000   24.906
 836000.000   23.491
 836500.000   24.614
 837000.000   24.734
 837500.000   23.447
 838000.000   24.979
 838500.000   25.458
 839000.000   26.014
 839500.000   26.906
 840000.000   25.850
 840500.000   25.996
 841000.000   26.664
 841500.000   26.125
 842000.000   25.817
 842500.000   25.590
 843000.000   25.100
 843500.000   24.174
 844000.000   24.943
 844500.000   24.724
 845000.000   24.799
 845500.000   24.697
 846000.000   25.253
 846500.000   25.814
 847000.000   26.028
 847500.000   24.362
 848000.000   25.416
 848500.000   25.644
 849000.000   25.646
 849500.000   25.842
 850000.000   26.150
 850500.000   26.104
 851000.000   24.680
 851500.000   24.863
 852000.000   25.656
 852500.000   24.999
 853000.000   25.476
 853500.000   24.224
 854000.000   26.077
 854500.000   26.372
 855000.000   26.038
 855500.000   24.868
 856000.000   24.868
 856500.000   23.784
 857000.000   23.738
 857500.000   24.127
 858000.000   25.231
 858500.000   24.794
 859000.000   24.814
 859500.000   24.034
 860000.000   24.391
 860500.000   24.290
 861000.000   25.762
 861500.000   24.734
 862000.000   25.273
 862500.000   25.959
 863000.000   26.515
 863500.000   25.443
 864000.000   25.749
 864500.000   26.583
 865000.000   25.557
 865500.000   25.788
 866000.000   26.300
 866500.000   26.885
 867000.000   25.217
 867500.000   25.722
 868000.000   25.444
 868500.000   25.250
 869000.000   25.798
 869500.000   27.041
 870000.000   26.711
 870500.000   26.810
 871000.000   26.492
 871500.000   26.555
 872000.000   27.244
 872500.000   26.475
 873000.000   27.884
 873500.000   27.221
 874000.000   26.518
 874500.000   26.473
 875000.000   26.130
 875500.000   26.424
 876000.000   28.058
 876500.000   27.429
 877000.000   26.410
 877500.000   27.111
 878000.000   26.581
 878500.000   25.874
 879000.000   25.774
 879500.000   25.744
 880000.000   24.810
 880500.000   24.752
 881000.000   24.463
 881500.000   26.119
 882000.000   25.576
 882500.000   24.605
 883000.000   26.121
 883500.000   24.674
 884000.000   25.059
 884500.000   24.914
 885000.000   25.264
 885500.000   24.911
 886000.000   25.739
 886500.000   25.531
 887000.000   24.381
 887500.000   25.848
 888000.000   26.035
 888500.000   25.175
 889000.000   25.511
 889500.000   24.856
 890000.000   25.977
 890500.000   25.751
 891000.000   25.193
 891500.000   25.288
 892000.000   24.813
 892500.000   25.004
 893000.000   25.134
 893500.000   25.388
 894000.000   24.834
 894500.000   24.925
 895000.000   24.969
 895500.000   25.376
 896000.000   25.534
 896500.000   25.046
 897000.000   25.441
 897500.000   25.502
 898000.000   25.813
 898500.000   25.369
 899000.000   23.767
 899500.000   24.815
 900000.000   25.503
 900500.000   25.258
 901000.000   25.726
 901500.000   25.590
 902000.000   24.879
 902500.000   26.288
 903000.000   25.442
 903500.000   26.722
 904000.000   25.718
 904500.000   26.474
 905000.000   25.355
 905500.000   26.330
 906000.000   26.514
 906500.000   26.155
 907000.000   25.227
 907500.000   25.363
 908000.000   24.771
 908500.000   24.714
 909000.000   25.917
 909500.000   25.295
 910000.000   24.546
 910500.000   24.943
 911000.000   25.860
 911500.000   26.183
 912000.000   25.137
 912500.000   24.702
 913000.000   25.647
 913500.000   24.653
 914000.000   24.577
 914500.000   24.805
 915000.000   24.254
 915500.000   24.445
 916000.000   25.129
 916500.000   24.136
 917000.000   24.530
 917500.000   24.870
 918000.000   25.410
 918500.000   24.498
 919000.000   24.655
 919500.000   24.493
 920000.000   24.655
 920500.000   25.023
 921000.000   24.028
 921500.000   23.828
 922000.000   24.346
 922500.000   24.222
 923000.000   23.656
 923500.000   23.468
 924000.000   23.874
 924500.000   24.413
 925000.000   24.647
 925500.000   23.708
 926000.000   24.065
 926500.000   24.615
 927000.000   23.740
 927500.000   25.007
 928000.000   24.287
 928500.000   24.866
 929000.000   24.933
 929500.000   24.368
 930000.000   24.509
 930500.000   25.588
 931000.000   25.697
 931500.000   24.311
 932000.000   24.269
 932500.000   24.305
 933000.000   24.847
 933500.000   24.197
 934000.000   25.018
 934500.000   25.134
 935000.000   24.806
 935500.000   23.922
 936000.000   22.992
 936500.000   23.810
 937000.000   24.877
 937500.000   24.032
 938000.000   24.707
 938500.000   24.286
 939000.000   24.563
 939500.000   23.552
 940000.000   24.005
 940500.000   23.803
 941000.000   23.365
 941500.000   23.845
 942000.000   23.858
 942500.000   24.956
 943000.000   25.414
 943500.000   25.075
 944000.000   24.233
 944500.000   24.713
 945000.000   24.530
 945500.000   24.670
 946000.000   24.408
 946500.000   24.797
 947000.000   24.358
 947500.000   24.967
 948000.000   24.522
 948500.000   24.447
 949000.000   23.796
 949500.000   24.700
 950000.000   24.514
 950500.000   23.740
 951000.000   23.532
 951500.000   23.183
 952000.000   23.250
 952500.000   23.452
 953000.000   23.328
 953500.000   24.625
 954000.000   24.815
 954500.000   25.126
 955000.000   25.186
 955500.000   25.312
 956000.000   24.652
 956500.000   23.334
 957000.000   25.522
 957500.000   24.070
 958000.000   24.774
 958500.000   25.145
 959000.000   24.215
 959500.000   23.951
 960000.000   24.844
 960500.000   23.537
 961000.000   23.996
 961500.000   23.802
 962000.000   24.356
 962500.000   23.437
 963000.000   24.402
 963500.000   24.889
 964000.000   22.931
 964500.000   24.134
 965000.000   23.954
 965500.000   24.102
 966000.000   24.510
 966500.000   23.915
 967000.000   23.921
 967500.000   24.499
 968000.000   23.659
 968500.000   24.808
 969000.000   24.930
 969500.000   23.837
 970000.000   24.073
 970500.000   23.968
 971000.000   24.502
 971500.000   24.462
 972000.000   24.881
 972500.000   23.992
 973000.000   23.654
 973500.000   23.913
 974000.000   25.366
 974500.000   23.799
 975000.000   24.381
 975500.000   24.208
 976000.000   24.374
 976500.000   24.402
 977000.000   25.158
 977500.000   24.349
 978000.000   23.186
 978500.000   24.429
 979000.000   24.233
 979500.000   25.305
 980000.000   24.356
 980500.000   24.211
 981000.000   24.970
 981500.000   23.923
 982000.000   23.791
 982500.000   25.002
 983000.000   24.561
 983500.000   24.785
 984000.000   24.619
 984500.000   25.930
 985000.000   25.193
 985500.000   25.602
 986000.000   24.637
 986500.000   25.137
 987000.000   25.453
 987500.000   24.814
 988000.000   23.822
 988500.000   24.720
 989000.000   26.259
 989500.000   25.340
 990000.000   25.492
 990500.000   23.297
 991000.000   25.182
 991500.000   24.371
 992000.000   24.980
 992500.000   24.759
 993000.000   24.773
 993500.000   25.348
 994000.000   25.789
 994500.000   24.933
 995000.000   25.200
 995500.000   24.980
 996000.000   25.638
 996500.000   25.495
 997000.000   25.573
 997500.000   24.856
 998000.000   25.018
 998500.000   25.698
 999000.000   24.743
 999500.000   26.217
1000000.000   25.741
