       1    1.553    0.107
       2    2.159    0.155
       3    1.006    0.096
       4    0.751    0.103
       5    1.323    0.158
       6    0.641    0.094
       7    0.467    0.077
       8    1.210    0.127
       9    1.019    0.139
      10    2.301    0.157
      11    1.079    0.137
      12    0.688    0.115
      13    0.363    0.149
      14    2.301    0.258
      15    1.064    0.196
      16    1.240    0.228
      17    2.056    0.235
      18    1.539    0.243
      19    1.220    0.216
      20    2.090    0.250
      21    2.524    0.295
