      64    3.200    0.166
      65    2.285    0.272
      66    1.049    0.156
      67    0.956    0.190
      68    2.331    0.326
      69    0.549    0.137
      70    0.498    0.080
      71    1.744    0.163
      72    1.431    0.147
      73    1.315    0.235
      74    0.632    0.134
      75    1.064    0.174
      76    0.224    0.094
      77    1.398    0.164
      78    0.871    0.199
      79    1.084    0.134
      80    1.608    0.329
      81    1.494    0.129
      82    1.368    0.147
      83    1.764    0.174
      84    2.796    0.186
