 750000.000    6.362  661.892
 750500.000    6.441  653.804
 751000.000    6.476  650.330
 751500.000    6.262  672.479
 752000.000    6.224  676.648
 752500.000    6.392  658.863
 753000.000    6.421  655.885
 753500.000    6.502  647.697
 754000.000    6.336  664.681
 754500.000    6.241  674.814
 755000.000    6.382  659.844
 755500.000    6.243  674.557
 756000.000    6.196  679.679
 756500.000    6.230  676.001
 757000.000    6.394  658.608
 757500.000    6.318  666.527
 758000.000    6.446  653.268
 758500.000    6.125  687.517
 759000.000    6.095  690.962
 759500.000    6.193  680.047
 760000.000    6.318  666.550
 760500.000    6.511  646.780
 761000.000    6.425  655.447
 761500.000    6.313  667.094
 762000.000    6.393  658.713
 762500.000    6.143  685.499
 763000.000    6.341  664.129
 763500.000    6.540  643.894
 764000.000    6.454  652.479
 764500.000    6.495  648.357
 765000.000    6.466  651.294
 765500.000    6.448  653.116
 766000.000    6.314  666.937
 766500.000    6.711  627.484
 767000.000    6.689  629.534
 767500.000    6.550  642.917
 768000.000    6.305  667.889
 768500.000    6.428  655.185
 769000.000    6.502  647.704
 769500.000    6.539  644.034
 770000.000    6.592  638.813
 770500.000    6.509  646.971
 771000.000    6.269  671.754
 771500.000    6.351  663.061
 772000.000    6.347  663.530
 772500.000    6.277  670.881
 773000.000    6.670  631.332
 773500.000    6.322  666.098
 774000.000    6.518  646.077
 774500.000    6.210  678.109
 775000.000    6.521  645.811
 775500.000    6.307  667.693
 776000.000    6.606  637.484
 776500.000    6.129  687.112
 777000.000    6.274  671.276
 777500.000    6.400  658.016
 778000.000    6.380  660.110
 778500.000    6.256  673.189
 779000.000    6.657  632.614
 779500.000    6.466  651.286
 780000.000    6.282  670.326
 780500.000    6.301  668.358
 781000.000    6.402  657.827
 781500.000    6.329  665.406
 782000.000    6.246  674.251
 782500.000    6.160  683.630
 783000.000    6.319  666.479
 783500.000    6.198  679.497
 784000.000    6.213  677.774
 784500.000    6.488  649.040
 785000.000    6.174  682.138
 785500.000    6.513  646.613
 786000.000    6.463  651.556
 786500.000    6.590  639.072
 787000.000    6.416  656.348
 787500.000    6.465  651.397
 788000.000    6.306  667.815
 788500.000    6.206  678.604
 789000.000    6.266  672.083
 789500.000    6.507  647.201
 790000.000    6.124  687.662
 790500.000    6.352  663.003
 791000.000    6.335  664.801
 791500.000    6.680  630.437
 792000.000    6.317  666.678
 792500.000    6.393  658.772
 793000.000    6.471  650.840
 793500.000    6.468  651.132
 794000.000    6.545  643.450
 794500.000    6.381  659.952
 795000.000    6.534  644.500
 795500.000    6.351  663.070
 796000.000    6.566  641.360
 796500.000    6.342  664.063
 797000.000    6.455  652.375
 797500.000    6.624  635.758
 798000.000    6.405  657.452
 798500.000    6.543  643.663
 799000.000    6.775  621.547
 799500.000    6.594  638.654
 800000.000    6.494  648.499
 800500.000    6.384  659.672
 801000.000    6.557  642.275
 801500.000    6.390  659.077
 802000.000    6.482  649.727
 802500.000    6.479  650.012
 803000.000    6.618  636.288
 803500.000    6.526  645.325
 804000.000    6.346  663.600
 804500.000    6.526  645.343
 805000.000    6.606  637.519
 805500.000    6.441  653.831
 806000.000    6.413  656.636
 806500.000    6.738  625.039
 807000.000    6.537  644.226
 807500.000    6.369  661.203
 808000.000    6.337  664.571
 808500.000    6.744  624.467
 809000.000    6.648  633.500
 809500.000    6.332  665.129
 810000.000    6.316  666.747
 810500.000    6.529  644.970
 811000.000    6.431  654.874
 811500.000    6.458  652.088
 812000.000    6.462  651.747
 812500.000    6.573  640.704
 813000.000    6.586  639.452
 813500.000    6.270  671.641
 814000.000    6.394  658.636
 814500.000    6.557  642.283
 815000.000    6.412  656.739
 815500.000    6.328  665.538
 816000.000    6.457  652.249
 816500.000    6.434  654.551
 817000.000    6.273  671.344
 817500.000    6.633  634.860
 818000.000    6.523  645.582
 818500.000    6.482  649.655
 819000.000    6.455  652.370
 819500.000    6.438  654.092
 820000.000    6.540  643.885
 820500.000    6.150  684.725
 821000.000    6.282  670.378
 821500.000    6.347  663.504
 822000.000    6.410  656.970
 822500.000    6.316  666.773
 823000.000    6.401  657.893
 823500.000    6.416  656.347
 824000.000    6.531  644.823
 824500.000    6.575  640.471
 825000.000    6.182  681.162
 825500.000    6.235  675.471
 826000.000    6.478  650.091
 826500.000    6.332  665.027
 827000.000    6.450  652.931
 827500.000    6.356  662.553
 828000.000    6.363  661.874
 828500.000    6.324  665.961
 829000.000    6.664  631.943
 829500.000    6.321  666.249
 830000.000    6.621  636.059
 830500.000    6.419  656.070
 831000.000    6.455  652.385
 831500.000    6.268  671.898
 832000.000    6.408  657.153
 832500.000    6.524  645.479
 833000.000    6.475  650.425
 833500.000    6.463  651.560
 834000.000    6.371  661.004
 834500.000    6.396  658.382
 835000.000    6.567  641.305
 835500.000    6.332  665.116
 836000.000    6.569  641.082
 836500.000    6.490  648.844
 837000.000    6.448  653.120
 837500.000    6.480  649.888
 838000.000    6.342  664.016
 838500.000    6.323  665.973
 839000.000    6.263  672.433
 839500.000    6.293  669.199
 840000.000    6.600  638.047
 840500.000    6.425  655.452
 841000.000    6.542  643.769
 841500.000    6.401  657.959
 842000.000    6.277  670.860
 842500.000    6.406  657.356
 843000.000    6.387  659.357
 843500.000    6.566  641.376
 844000.000    6.423  655.678
 844500.000    6.322  666.124
 845000.000    6.534  644.556
 845500.000    6.480  649.854
 846000.000    6.720  626.708
 846500.000    6.586  639.430
 847000.000    6.269  671.741
 847500.000    6.403  657.752
 848000.000    6.435  654.419
 848500.000    6.374  660.676
 849000.000    6.608  637.302
 849500.000    6.553  642.679
 850000.000    6.260  672.749
 850500.000    6.425  655.404
 851000.000    6.327  665.589
 851500.000    6.715  627.118
 852000.000    6.486  649.274
 852500.000    6.410  657.024
 853000.000    6.417  656.261
 853500.000    6.480  649.937
 854000.000    6.453  652.626
 854500.000    6.458  652.130
 855000.000    6.356  662.563
 855500.000    6.392  658.788
 856000.000    6.606  637.509
 856500.000    6.331  665.134
 857000.000    6.327  665.569
 857500.000    6.444  653.522
 858000.000    6.546  643.373
 858500.000    6.468  651.097
 859000.000    6.467  651.190
 859500.000    6.435  654.454
 860000.000    6.610  637.079
 860500.000    6.525  645.425
 861000.000    6.301  668.303
 861500.000    6.447  653.248
 862000.000    6.439  654.032
 862500.000    6.506  647.252
 863000.000    6.476  650.308
 863500.000    6.738  624.999
 864000.000    6.646  633.670
 864500.000    6.538  644.166
 865000.000    6.484  649.513
 865500.000    6.389  659.108
 866000.000    6.535  644.459
 866500.000    6.458  652.097
 867000.000    6.274  671.229
 867500.000    6.567  641.253
 868000.000    6.491  648.741
 868500.000    6.515  646.416
 869000.000    6.731  625.672
 869500.000    6.368  661.360
 870000.000    6.363  661.888
 870500.000    6.484  649.452
 871000.000    6.306  667.860
 871500.000    6.592  638.801
 872000.000    6.627  635.441
 872500.000    6.514  646.506
 873000.000    6.483  649.583
 873500.000    6.490  648.915
 874000.000    6.289  669.658
 874500.000    6.452  652.674
 875000.000    6.486  649.279
 875500.000    6.410  656.999
 876000.000    6.555  642.465
 876500.000    6.224  676.612
 877000.000    6.143  685.580
 877500.000    6.464  651.474
 878000.000    6.658  632.535
 878500.000    6.442  653.704
 879000.000    6.498  648.110
 879500.000    6.580  640.033
 880000.000    6.355  662.674
 880500.000    6.577  640.316
 881000.000    6.238  675.072
 881500.000    6.266  672.072
 882000.000    6.674  630.952
 882500.000    6.267  672.028
 883000.000    6.381  659.992
 883500.000    6.355  662.718
 884000.000    6.386  659.454
 884500.000    6.444  653.523
 885000.000    6.856  614.258
 885500.000    6.653  633.006
 886000.000    6.552  642.714
 886500.000    6.570  640.963
 887000.000    6.497  648.167
 887500.000    6.569  641.034
 888000.000    6.551  642.819
 888500.000    6.739  624.916
 889000.000    6.653  632.966
 889500.000    6.450  652.876
 890000.000    6.812  618.188
 890500.000    6.359  662.295
 891000.000    6.534  644.467
 891500.000    6.291  669.385
 892000.000    6.575  640.464
 892500.000    6.393  658.705
 893000.000    6.700  628.563
 893500.000    6.608  637.307
 894000.000    6.487  649.146
 894500.000    6.506  647.328
 895000.000    6.374  660.688
 895500.000    6.582  639.784
 896000.000    6.462  651.660
 896500.000    6.433  654.633
 897000.000    6.231  675.908
 897500.000    6.442  653.759
 898000.000    6.355  662.682
 898500.000    6.260  672.699
 899000.000    6.491  648.812
 899500.000    6.515  646.361
 900000.000    6.277  670.876
 900500.000    6.705  628.084
 901000.000    6.442  653.758
 901500.000    6.526  645.355
 902000.000    6.452  652.752
 902500.000    6.561  641.839
 903000.000    6.460  651.851
 903500.000    6.469  650.990
 904000.000    6.508  647.133
 904500.000    6.482  649.666
 905000.000    6.157  684.022
 905500.000    6.657  632.593
 906000.000    6.383  659.784
 906500.000    6.480  649.859
 907000.000    6.337  664.566
 907500.000    6.578  640.175
 908000.000    6.505  647.353
 908500.000    6.531  644.837
 909000.000    6.710  627.613
 909500.000    6.561  641.907
 910000.000    6.421  655.808
 910500.000    6.372  660.868
 911000.000    6.426  655.320
 911500.000    6.577  640.319
 912000.000    6.550  642.909
 912500.000    6.161  683.569
 913000.000    6.445  653.431
 913500.000    6.526  645.316
 914000.000    6.692  629.320
 914500.000    6.588  639.248
 915000.000    6.492  648.672
 915500.000    6.501  647.769
 916000.000    6.543  643.650
 916500.000    6.939  606.904
 917000.000    6.576  640.380
 917500.000    6.643  633.946
 918000.000    6.395  658.534
 918500.000    6.485  649.336
 919000.000    6.552  642.722
 919500.000    6.504  647.492
 920000.000    6.508  647.098
 920500.000    6.656  632.724
 921000.000    6.682  630.246
 921500.000    6.625  635.666
 922000.000    6.545  643.410
 922500.000    6.425  655.417
 923000.000    6.307  667.740
 923500.000    6.930  607.719
 924000.000    6.444  653.515
 924500.000    6.391  658.916
 925000.000    6.341  664.092
 925500.000    6.230  675.930
 926000.000    6.566  641.390
 926500.000    6.361  662.004
 927000.000    6.333  664.956
 927500.000    6.307  667.735
 928000.000    6.583  639.752
 928500.000    6.420  655.966
 929000.000    6.288  669.775
 929500.000    6.287  669.798
 930000.000    6.330  665.275
 930500.000    6.308  667.585
 931000.000    6.387  659.398
 931500.000    6.426  655.298
 932000.000    6.174  682.059
 932500.000    6.247  674.118
 933000.000    6.373  660.830
 933500.000    6.407  657.324
 934000.000    6.310  667.383
 934500.000    6.224  676.608
 935000.000    6.689  629.569
 935500.000    6.688  629.634
 936000.000    6.738  625.017
 936500.000    6.499  648.013
 937000.000    6.412  656.810
 937500.000    6.543  643.608
 938000.000    6.657  632.623
 938500.000    6.390  659.000
 939000.000    6.562  641.785
 939500.000    6.584  639.605
 940000.000    6.251  673.676
 940500.000    6.494  648.527
 941000.000    6.395  658.520
 941500.000    6.609  637.221
 942000.000    6.475  650.355
 942500.000    6.350  663.185
 943000.000    6.784  620.773
 943500.000    6.615  636.594
 944000.000    6.537  644.182
 944500.000    6.303  668.089
 945000.000    6.527  645.170
 945500.000    6.431  654.807
 946000.000    6.561  641.883
 946500.000    6.469  651.019
 947000.000    6.349  663.287
 947500.000    6.472  650.657
 948000.000    6.420  655.929
 948500.000    6.296  668.880
 949000.000    6.544  643.485
 949500.000    6.014  700.209
 950000.000    6.405  657.448
 950500.000    6.432  654.739
 951000.000    6.276  671.064
 951500.000    6.642  634.022
 952000.000    6.458  652.115
 952500.000    6.618  636.370
 953000.000    6.365  661.668
 953500.000    6.468  651.084
 954000.000    6.413  656.673
 954500.000    6.398  658.242
 955000.000    6.650  633.260
 955500.000    6.378  660.237
 956000.000    6.500  647.885
 956500.000    6.531  644.861
 957000.000    6.410  656.972
 957500.000    6.415  656.502
 958000.000    6.401  657.886
 958500.000    6.543  643.653
 959000.000    6.486  649.315
 959500.000    6.615  636.644
 960000.000    6.423  655.671
 960500.000    6.551  642.798
 961000.000    6.449  652.984
 961500.000    6.390  659.078
 962000.000    6.579  640.102
 962500.000    6.410  657.003
 963000.000    6.365  661.599
 963500.000    6.472  650.732
 964000.000    6.533  644.645
 964500.000    6.560  641.990
 965000.000    6.424  655.518
 965500.000    6.488  649.125
 966000.000    6.813  618.139
 966500.000    6.248  673.987
 967000.000    6.487  649.210
 967500.000    6.388  659.273
 968000.000    6.681  630.379
 968500.000    6.346  663.650
 969000.000    6.590  639.027
 969500.000    6.522  645.728
 970000.000    6.489  649.029
 970500.000    6.569  641.069
 971000.000    6.319  666.427
 971500.000    6.494  648.502
 972000.000    6.667  631.631
 972500.000    6.755  623.423
 973000.000    6.640  634.228
 973500.000    6.533  644.584
 974000.000    6.559  642.042
 974500.000    6.572  640.822
 975000.000    6.574  640.551
 975500.000    6.532  644.733
 976000.000    6.714  627.252
 976500.000    6.827  616.846
 977000.000    6.739  624.887
 977500.000    6.613  636.860
 978000.000    6.594  638.619
 978500.000    6.565  641.429
 979000.000    6.654  632.928
 979500.000    6.406  657.348
 980000.000    6.694  629.099
 980500.000    6.367  661.445
 981000.000    6.227  676.279
 981500.000    6.311  667.342
 982000.000    6.224  676.668
 982500.000    6.318  666.537
 983000.000    6.437  654.244
 983500.000    6.363  661.848
 984000.000    6.402  657.821
 984500.000    6.447  653.226
 985000.000    6.316  666.731
 985500.000    6.245  674.347
 986000.000    6.378  660.269
 986500.000    6.183  681.080
 987000.000    6.461  651.818
 987500.000    6.508  647.068
 988000.000    6.288  669.685
 988500.000    6.372  660.885
 989000.000    6.389  659.148
 989500.000    6.428  655.168
 990000.000    6.315  666.820
 990500.000    6.236  675.367
 991000.000    6.157  683.955
 991500.000    6.341  664.169
 992000.000    6.603  637.754
 992500.000    6.429  655.066
 993000.000    6.153  684.422
 993500.000    6.462  651.663
 994000.000    6.349  663.273
 994500.000    6.344  663.841
 995000.000    6.261  672.635
 995500.000    6.358  662.343
 996000.000    6.255  673.249
 996500.000    6.448  653.149
 997000.000    6.280  670.541
 997500.000    6.345  663.756
 998000.000    6.423  655.659
 998500.000    6.318  666.542
 999000.000    6.525  645.429
 999500.000    6.567  641.289
1000000.000    6.504  647.464
