       1    2.780    0.123
       2    1.966    0.153
       3    0.967    0.109
       4    0.518    0.088
       5    1.587    0.107
       6    1.682    0.156
       7    0.456    0.071
       8    1.996    0.134
       9    0.713    0.111
      10    1.590    0.203
      11    0.986    0.124
      12    0.802    0.122
      13    0.248    0.093
      14    1.274    0.190
      15    0.772    0.102
      16    0.876    0.115
      17    1.525    0.253
      18    1.324    0.179
      19    1.185    0.120
      20    2.045    0.256
      21    2.057    0.165
