 750000.000   27.160
 750500.000   26.818
 751000.000   27.197
 751500.000   27.219
 752000.000   26.421
 752500.000   26.492
 753000.000   27.175
 753500.000   25.776
 754000.000   26.878
 754500.000   26.778
 755000.000   27.359
 755500.000   26.720
 756000.000   27.379
 756500.000   26.489
 757000.000   27.113
 757500.000   26.268
 758000.000   27.114
 758500.000   26.382
 759000.000   27.067
 759500.000   26.020
 760000.000   25.936
 760500.000   26.399
 761000.000   26.623
 761500.000   26.488
 762000.000   26.106
 762500.000   27.002
 763000.000   26.653
 763500.000   26.520
 764000.000   26.172
 764500.000   26.587
 765000.000   26.475
 765500.000   26.853
 766000.000   26.689
 766500.000   27.367
 767000.000   25.886
 767500.000   26.503
 768000.000   27.163
 768500.000   26.369
 769000.000   26.355
 769500.000   26.554
 770000.000   26.228
 770500.000   26.252
 771000.000   26.661
 771500.000   26.771
 772000.000   27.666
 772500.000   25.762
 773000.000   26.366
 773500.000   27.102
 774000.000   27.122
 774500.000   26.087
 775000.000   26.809
 775500.000   26.173
 776000.000   27.074
 776500.000   26.645
 777000.000   25.293
 777500.000   25.055
 778000.000   25.992
 778500.000   26.231
 779000.000   26.346
 779500.000   26.157
 780000.000   26.404
 780500.000   26.053
 781000.000   26.578
 781500.000   26.341
 782000.000   27.056
 782500.000   26.328
 783000.000   26.709
 783500.000   27.546
 784000.000   26.742
 784500.000   26.119
 785000.000   25.979
 785500.000   26.028
 786000.000   26.327
 786500.000   26.263
 787000.000   25.926
 787500.000   26.298
 788000.000   26.473
 788500.000   25.844
 789000.000   26.736
 789500.000   26.046
 790000.000   26.786
 790500.000   25.959
 791000.000   26.395
 791500.000   27.845
 792000.000   26.555
 792500.000   26.732
 793000.000   26.080
 793500.000   26.417
 794000.000   27.451
 794500.000   25.977
 795000.000   27.336
 795500.000   27.008
 796000.000   26.426
 796500.000   26.979
 797000.000   26.713
 797500.000   27.284
 798000.000   27.163
 798500.000   27.015
 799000.000   26.593
 799500.000   27.206
 800000.000   26.692
 800500.000   26.696
 801000.000   26.092
 801500.000   26.674
 802000.000   26.778
 802500.000   25.650
 803000.000   26.924
 803500.000   26.705
 804000.000   27.168
 804500.000   26.767
 805000.000   25.920
 805500.000   27.073
 806000.000   25.872
 806500.000   26.525
 807000.000   26.407
 807500.000   26.555
 808000.000   26.692
 808500.000   27.691
 809000.000   25.943
 809500.000   26.098
 810000.000   27.393
 810500.000   26.257
 811000.000   25.015
 811500.000   26.225
 812000.000   25.680
 812500.000   25.499
 813000.000   26.282
 813500.000   26.068
 814000.000   26.267
 814500.000   26.885
 815000.000   26.023
 815500.000   26.355
 816000.000   26.590
 816500.000   26.137
 817000.000   26.183
 817500.000   26.502
 818000.000   26.755
 818500.000   26.231
 819000.000   26.214
 819500.000   26.186
 820000.000   26.472
 820500.000   25.885
 821000.000   26.270
 821500.000   26.544
 822000.000   26.802
 822500.000   26.086
 823000.000   26.691
 823500.000   25.954
 824000.000   27.327
 824500.000   26.375
 825000.000   26.526
 825500.000   26.743
 826000.000   26.312
 826500.000   27.038
 827000.000   27.082
 827500.000   26.045
 828000.000   26.972
 828500.000   26.602
 829000.000   26.227
 829500.000   25.669
 830000.000   27.062
 830500.000   27.541
 831000.000   26.825
 831500.000   27.553
 832000.000   25.765
 832500.000   26.376
 833000.000   27.398
 833500.000   27.031
 834000.000   26.644
 834500.000   26.862
 835000.000   26.283
 835500.000   26.783
 836000.000   27.460
 836500.000   26.923
 837000.000   27.206
 837500.000   27.239
 838000.000   26.682
 838500.000   26.887
 839000.000   27.012
 839500.000   26.504
 840000.000   27.652
 840500.000   27.188
 841000.000   27.052
 841500.000   27.413
 842000.000   26.906
 842500.000   26.591
 843000.000   26.984
 843500.000   27.961
 844000.000   27.129
 844500.000   27.194
 845000.000   27.072
 845500.000   26.833
 846000.000   27.953
 846500.000   25.959
 847000.000   27.328
 847500.000   26.489
 848000.000   27.086
 848500.000   27.996
 849000.000   26.874
 849500.000   27.069
 850000.000   26.391
 850500.000   27.034
 851000.000   27.113
 851500.000   26.472
 852000.000   27.761
 852500.000   26.456
 853000.000   27.183
 853500.000   25.704
 854000.000   26.626
 854500.000   27.069
 855000.000   27.490
 855500.000   26.548
 856000.000   27.462
 856500.000   27.047
 857000.000   27.388
 857500.000   26.376
 858000.000   27.039
 858500.000   27.262
 859000.000   27.108
 859500.000   26.472
 860000.000   26.389
 860500.000   26.556
 861000.000   26.419
 861500.000   26.375
 862000.000   26.426
 862500.000   26.324
 863000.000   26.904
 863500.000   26.718
 864000.000   27.211
 864500.000   27.054
 865000.000   27.649
 865500.000   26.521
 866000.000   27.235
 866500.000   26.442
 867000.000   26.274
 867500.000   27.102
 868000.000   26.569
 868500.000   27.230
 869000.000   26.588
 869500.000   27.893
 870000.000   26.466
 870500.000   27.116
 871000.000   25.911
 871500.000   26.566
 872000.000   26.781
 872500.000   27.205
 873000.000   26.370
 873500.000   26.784
 874000.000   26.977
 874500.000   26.471
 875000.000   26.743
 875500.000   25.892
 876000.000   27.008
 876500.000   26.969
 877000.000   25.783
 877500.000   26.623
 878000.000   26.264
 878500.000   26.965
 879000.000   26.959
 879500.000   26.627
 880000.000   26.723
 880500.000   26.776
 881000.000   27.661
 881500.000   26.893
 882000.000   27.055
 882500.000   27.083
 883000.000   27.930
 883500.000   26.869
 884000.000   26.928
 884500.000   26.827
 885000.000   26.830
 885500.000   27.263
 886000.000   26.698
 886500.000   26.684
 887000.000   27.415
 887500.000   26.305
 888000.000   27.531
 888500.000   27.851
 889000.000   26.448
 889500.000   26.836
 890000.000   26.402
 890500.000   26.144
 891000.000   26.691
 891500.000   26.765
 892000.000   26.687
 892500.000   26.295
 893000.000   26.848
 893500.000   26.481
 894000.000   27.123
 894500.000   26.644
 895000.000   26.862
 895500.000   26.479
 896000.000   26.629
 896500.000   26.850
 897000.000   26.444
 897500.000   26.516
 898000.000   26.749
 898500.000   26.310
 899000.000   26.649
 899500.000   26.322
 900000.000   26.090
 900500.000   26.901
 901000.000   26.359
 901500.000   26.506
 902000.000   26.083
 902500.000   26.726
 903000.000   26.119
 903500.000   27.310
 904000.000   26.981
 904500.000   26.030
 905000.000   27.777
 905500.000   26.848
 906000.000   26.859
 906500.000   26.685
 907000.000   26.947
 907500.000   26.478
 908000.000   27.470
 908500.000   26.587
 909000.000   26.494
 909500.000   26.444
 910000.000   26.483
 910500.000   27.119
 911000.000   26.488
 911500.000   27.364
 912000.000   26.320
 912500.000   26.306
 913000.000   26.157
 913500.000   25.597
 914000.000   26.674
 914500.000   26.230
 915000.000   27.561
 915500.000   26.744
 916000.000   26.921
 916500.000   27.369
 917000.000   26.693
 917500.000   26.764
 918000.000   26.788
 918500.000   27.555
 919000.000   27.733
 919500.000   27.240
 920000.000   27.329
 920500.000   26.841
 921000.000   27.168
 921500.000   26.911
 922000.000   27.496
 922500.000   26.679
 923000.000   26.928
 923500.000   27.164
 924000.000   27.359
 924500.000   25.798
 925000.000   26.880
 925500.000   27.180
 926000.000   26.681
 926500.000   25.855
 927000.000   26.001
 927500.000   26.600
 928000.000   27.047
 928500.000   27.848
 929000.000   26.050
 929500.000   27.213
 930000.000   26.520
 930500.000   26.957
 931000.000   26.267
 931500.000   26.833
 932000.000   26.445
 932500.000   26.760
 933000.000   26.375
 933500.000   26.188
 934000.000   26.071
 934500.000   26.312
 935000.000   26.413
 935500.000   26.232
 936000.000   26.351
 936500.000   26.214
 937000.000   26.517
 937500.000   25.829
 938000.000   26.041
 938500.000   25.920
 939000.000   26.058
 939500.000   26.449
 940000.000   26.599
 940500.000   25.759
 941000.000   25.512
 941500.000   26.585
 942000.000   25.624
 942500.000   25.995
 943000.000   26.010
 943500.000   25.686
 944000.000   25.529
 944500.000   26.393
 945000.000   27.089
 945500.000   26.567
 946000.000   26.421
 946500.000   27.365
 947000.000   26.664
 947500.000   26.131
 948000.000   26.063
 948500.000   26.914
 949000.000   26.283
 949500.000   27.282
 950000.000   25.818
 950500.000   26.581
 951000.000   26.766
 951500.000   27.100
 952000.000   27.799
 952500.000   27.332
 953000.000   26.880
 953500.000   26.124
 954000.000   26.042
 954500.000   25.915
 955000.000   26.755
 955500.000   26.128
 956000.000   26.260
 956500.000   27.167
 957000.000   26.061
 957500.000   26.974
 958000.000   26.431
 958500.000   26.287
 959000.000   26.641
 959500.000   26.542
 960000.000   26.694
 960500.000   26.495
 961000.000   27.297
 961500.000   26.804
 962000.000   26.589
 962500.000   25.911
 963000.000   26.746
 963500.000   26.559
 964000.000   26.287
 964500.000   26.251
 965000.000   26.261
 965500.000   26.233
 966000.000   26.485
 966500.000   25.906
 967000.000   26.324
 967500.000   27.005
 968000.000   26.162
 968500.000   26.496
 969000.000   26.644
 969500.000   26.613
 970000.000   26.618
 970500.000   27.030
 971000.000   26.843
 971500.000   25.749
 972000.000   26.196
 972500.000   27.029
 973000.000   27.656
 973500.000   26.478
 974000.000   26.571
 974500.000   26.221
 975000.000   25.899
 975500.000   26.575
 976000.000   26.418
 976500.000   26.217
 977000.000   26.141
 977500.000   26.549
 978000.000   26.405
 978500.000   26.107
 979000.000   26.144
 979500.000   26.354
 980000.000   26.494
 980500.000   26.368
 981000.000   26.256
 981500.000   26.906
 982000.000   26.471
 982500.000   27.111
 983000.000   27.120
 983500.000   26.828
 984000.000   25.692
 984500.000   25.871
 985000.000   26.351
 985500.000   27.191
 986000.000   25.976
 986500.000   26.404
 987000.000   26.571
 987500.000   26.670
 988000.000   26.133
 988500.000   27.220
 989000.000   26.257
 989500.000   26.529
 990000.000   26.467
 990500.000   26.130
 991000.000   26.248
 991500.000   25.891
 992000.000   25.848
 992500.000   26.262
 993000.000   26.154
 993500.000   26.014
 994000.000   26.192
 994500.000   27.149
 995000.000   25.972
 995500.000   26.804
 996000.000   26.718
 996500.000   26.506
 997000.000   27.089
 997500.000   27.291
 998000.000   26.552
 998500.000   27.434
 999000.000   27.617
 999500.000   27.427
1000000.000   27.009
