45.72 37.501 -112.282
48.753 36.86 -121.907
48.067 37.533 -116.6345
43.624 37.397 -113.9765
44.653 39.608 -110.8885
47.381 38.812 -117.842
48.286 35.735 -114.8835
40.148 32.473 -96.7265
43.906 38.545 -112.574
47.892 43.876 -135.0795
44.383 37.228 -121.0015
48.883 38.61 -123.2215
45.394 40.544 -122.57
43.44 39.639 -119.154
36.95 35.71 -102.337
41.745 36.495 -106.18
36.929 36.345 -99.265
42.278 36.291 -103.5205
40.04 36.533 -107.7705
37.15 32.149 -93.458
39.413 36.119 -102.907
40.948 35.759 -101.2665
46.039 39.941 -111.986
45.695 45.088 -121.525
43.64 38.926 -108.8295
43.591 39.876 -114.583
43.369 39.591 -110.368
50.133 41.743 -130.846
44.204 38.869 -120.3845
45.329 41.529 -116.838
41.796 38.398 -107.419
45.02 35.454 -107.846
46.532 41.225 -109.149
47.612 42.955 -120.492
37.828 34.556 -95.329
52.478 47.93 -130.6095
53.843 50.719 -135.931
47.536 45.988 -121.813
54.942 46.694 -131.984
54.705 49.758 -136.9755
60.213 51.843 -150.344
56.195 47.839 -139.7065
49.438 43.198 -130.44
58.864 50.543 -143.061
58.273 58.795 -153.699
47.594 41.409 -125.019
48.521 42.097 -124.4785
49.694 45.133 -129.1865
45.362 39.81 -112.699
45.485 42.582 -112.483
42.012 36.494 -109.758
44.368 35.28 -114.1305
46.069 38.596 -116.4755
41.422 35.26 -107.9705
45.219 39.384 -117.917
46.086 37.941 -110.183
48.238 39.774 -117.6725
47.051 38.322 -124.695
45.949 40.258 -111.2185
43.272 38.695 -110.859
42.337 37.766 -109.246
47.955 38.367 -102.1855
36.759 29.826 -92.7665
43.088 37.592 -105.5525
41.245 35.442 -100.325
46.726 39.347 -110.625
41.118 36.807 -111.252
38.642 36.116 -103.2245
38.465 33.72 -100.986
33.599 33.579 -93.177
35.697 31.553 -93.08
40.564 35.082 -95.326
41.525 35.386 -107.633
34.047 33.745 -103.852
37.586 34.605 -98.017
37.922 34.862 -102.962
35.468 34.756 -98.991
36.249 34.267 -98.067
37.868 39.302 -106.688
44.979 39.505 -115.829
44.521 44.376 -126.669
43.674 40.837 -120.7255
41.643 42.698 -115.1985
42.819 40.511 -116.3855
38.691 34.971 -105.5135
39.498 36.131 -107.8995
37.401 39.975 -103.908
39.673 37.152 -104.546
35.244 34.107 -94.6085
36.089 35.401 -99.3375
39.617 34.683 -95.4685
44.803 38.722 -121.4245
45.986 41.473 -121.865
37.426 33.802 -103.086
37.492 35.351 -100.3915
36.254 35.406 -102.4045
35.491 34.076 -89.9945
36.228 33.318 -102.7765
39.639 39.293 -110.3615
41.371 40.499 -114.2145
43.78 42.372 -112.1795
