33.296 43.935 -85.959
37.71 42.234 -95.638
36.027 39.571 -89.5345
42.539 44.186 -98.8345
35.848 36.445 -92.484
32.762 37.029 -89.5765
34.846 42.586 -101.053
33.362 37.319 -84.0535
31.939 35.433 -72.3445
38.465 42.503 -96.486
46.705 50.334 -108.396
35.181 42.082 -90.539
32.002 39.89 -86.568
32.035 41.371 -85.456
32.974 35.079 -80.2605
37.157 44.799 -95.737
33.466 39.785 -85.884
34.115 37.65 -89.762
33.056 38.709 -88.737
32.315 37.716 -92.954
31.756 37.353 -88.4505
35.699 35.007 -87.9935
29.542 36.761 -72.305
30.406 34.854 -72.538
26.39 33.884 -68.384
24.907 33.809 -74.0
27.438 36.679 -78.2625
22.709 31.887 -66.0685
24.058 26.77 -72.072
24.755 28.934 -70.4945
23.205 28.421 -60.068
24.816 30.717 -65.0915
27.859 28.654 -71.0525
24.719 30.852 -66.3445
27.816 38.761 -78.277
23.454 28.522 -72.7075
32.191 38.106 -91.07
21.5 30.467 -57.621
24.847 34.441 -73.565
26.285 31.635 -70.36
23.53 33.109 -65.523
20.648 27.812 -53.3995
22.777 27.763 -62.8145
26.484 35.441 -76.421
29.873 36.86 -76.728
30.446 34.835 -67.2145
23.191 27.962 -64.7235
23.164 29.451 -69.038
22.927 27.074 -57.44
24.39 30.687 -62.773
24.581 32.962 -62.4465
21.743 25.671 -55.748
18.498 23.432 -45.041
18.659 24.966 -42.487
22.576 32.169 -56.949
20.591 24.413 -51.318
20.402 27.889 -61.131
25.834 31.102 -78.828
21.438 24.247 -63.043
16.943 25.581 -59.413
21.2 24.533 -65.196
25.484 29.262 -70.171
27.188 30.236 -81.933
27.774 31.397 -79.052
24.119 26.256 -60.854
31.845 36.08 -90.3255
27.021 32.097 -72.669
28.05 29.59 -76.5085
15.4 19.755 -48.186
9.241 14.395 -31.542
8.419 12.597 -29.069
11.841 22.389 -32.876
10.857 18.154 -33.403
8.63 13.53 -30.082
14.61 21.949 -47.565
15.222 22.705 -42.774
16.892 23.243 -50.346
17.059 27.723 -52.815
18.285 28.318 -57.605
20.557 27.87 -52.6685
17.04 26.862 -48.107
22.251 36.62 -60.903
22.387 32.546 -62.01
18.256 27.162 -48.6495
16.183 25.516 -44.765
20.709 31.674 -60.5515
20.713 26.191 -53.199
23.711 31.011 -58.729
22.3 30.371 -65.049
24.834 27.789 -59.5015
22.367 28.938 -58.757
17.432 22.367 -46.8555
13.092 19.055 -39.201
15.161 18.296 -36.1935
20.281 24.59 -57.036
20.479 22.914 -49.755
25.084 30.1 -68.9885
27.678 35.218 -79.8365
29.341 37.482 -75.914
28.535 31.625 -72.84
28.741 33.27 -75.108
