36.51 33.458 -82.663
31.625 31.091 -65.603
36.579 42.45 -83.6415
39.806 32.852 -77.6095
49.96 48.842 -101.008
44.022 43.109 -89.316
48.082 44.668 -90.5605
49.032 43.862 -105.8415
51.923 47.506 -110.381
50.76 46.883 -106.075
55.31 50.51 -119.307
59.415 56.538 -131.1725
52.346 44.079 -111.9095
51.85 43.579 -106.6635
48.691 42.253 -109.6185
58.715 49.717 -123.09
48.515 43.125 -112.5405
62.982 50.362 -135.6035
49.777 42.062 -112.24
56.067 45.958 -122.9535
64.693 51.492 -133.865
71.293 52.754 -155.3795
59.017 48.568 -135.52
62.112 55.0 -143.8075
53.766 43.733 -113.0035
53.135 40.152 -105.42
54.846 41.825 -109.2625
45.265 34.738 -100.4585
40.396 42.023 -103.375
46.19 42.829 -113.539
56.368 49.075 -125.6255
54.236 47.94 -115.9855
59.996 54.928 -138.6925
53.4 47.206 -127.031
63.553 52.884 -134.0275
65.597 49.855 -142.174
57.535 46.663 -121.334
56.414 47.988 -126.6645
61.829 49.919 -130.611
60.018 47.727 -130.504
54.682 48.144 -124.048
58.708 46.261 -124.1845
53.826 44.924 -117.037
49.854 43.097 -107.9815
45.97 43.643 -103.4355
43.044 47.997 -106.441
49.493 47.901 -113.3635
49.873 46.902 -121.811
44.492 40.446 -101.734
41.848 43.982 -105.1915
49.861 50.375 -113.372
40.281 43.479 -104.7235
48.547 46.888 -111.933
49.834 54.172 -113.42
38.869 34.555 -91.8075
39.347 37.076 -89.7945
42.966 37.913 -91.5495
52.902 47.037 -122.8905
48.686 42.829 -115.969
50.063 51.234 -121.474
48.923 45.655 -112.616
51.736 53.843 -117.3105
48.272 47.609 -111.759
55.336 49.205 -126.2325
50.961 44.121 -111.6575
41.715 41.318 -92.384
57.915 52.259 -126.1565
53.204 49.893 -125.0205
47.545 44.162 -106.6855
54.057 49.088 -128.9515
51.362 51.827 -120.9035
48.621 42.181 -105.8965
47.966 51.2 -113.984
47.51 42.284 -100.344
42.019 44.711 -101.567
39.258 38.258 -96.7365
46.24 45.797 -104.4295
44.715 49.563 -105.234
57.458 53.648 -131.63
47.613 49.335 -108.4345
40.563 45.616 -92.6005
55.45 52.93 -131.1715
52.192 50.648 -120.61
50.612 50.134 -121.7885
54.611 49.573 -105.432
49.617 47.696 -115.9995
55.689 45.963 -119.523
52.142 44.786 -117.817
41.687 39.367 -90.6485
48.367 42.995 -100.301
47.948 40.164 -103.798
48.84 46.278 -127.782
51.531 56.152 -133.6365
42.638 49.075 -108.9005
37.77 36.294 -96.582
50.732 44.735 -105.3545
42.289 36.786 -99.048
50.834 46.72 -108.9445
37.862 37.478 -84.8175
53.507 52.93 -124.535
36.24 33.638 -82.448
