      43    1.590    0.117
      44    1.980    0.129
      45    1.001    0.088
      46    0.728    0.098
      47    1.481    0.133
      48    1.373    0.211
      49    0.438    0.075
      50    1.287    0.133
      51    0.795    0.272
      52    2.147    0.229
      53    0.674    0.266
      54    0.869    0.343
      55    0.419    0.171
      56    1.671    0.285
      57    0.803    0.211
      58    1.544    0.301
      59    1.965    0.225
      60    1.118    0.245
      61    1.413    0.284
      62    2.109    0.269
      63    2.673    0.213
