 750000.000    5.913  720.875
 750500.000    6.053  704.236
 751000.000    6.100  698.825
 751500.000    6.026  707.458
 752000.000    5.897  722.929
 752500.000    6.012  709.005
 753000.000    6.013  708.980
 753500.000    6.141  694.150
 754000.000    6.090  699.951
 754500.000    6.223  685.021
 755000.000    6.219  685.487
 755500.000    6.243  682.792
 756000.000    6.063  703.091
 756500.000    6.155  692.584
 757000.000    6.226  684.724
 757500.000    6.097  699.207
 758000.000    6.307  675.843
 758500.000    6.121  696.369
 759000.000    6.431  662.869
 759500.000    6.191  688.603
 760000.000    6.210  686.476
 760500.000    6.365  669.705
 761000.000    6.149  693.272
 761500.000    6.190  688.627
 762000.000    6.096  699.222
 762500.000    6.228  684.453
 763000.000    5.965  714.617
 763500.000    6.197  687.852
 764000.000    6.105  698.206
 764500.000    6.275  679.385
 765000.000    6.060  703.427
 765500.000    6.256  681.384
 766000.000    6.229  684.358
 766500.000    6.210  686.457
 767000.000    6.152  692.918
 767500.000    6.239  683.268
 768000.000    6.246  682.442
 768500.000    6.075  701.720
 769000.000    6.280  678.834
 769500.000    5.965  714.660
 770000.000    6.047  704.986
 770500.000    6.264  680.544
 771000.000    6.053  704.213
 771500.000    6.247  682.337
 772000.000    6.352  671.145
 772500.000    6.106  698.167
 773000.000    6.637  642.239
 773500.000    6.125  695.954
 774000.000    6.169  691.049
 774500.000    6.253  681.700
 775000.000    6.434  662.582
 775500.000    6.450  660.876
 776000.000    6.256  681.373
 776500.000    6.085  700.563
 777000.000    6.290  677.758
 777500.000    6.693  636.926
 778000.000    6.383  667.792
 778500.000    6.269  679.942
 779000.000    6.078  701.301
 779500.000    6.446  661.298
 780000.000    6.364  669.824
 780500.000    6.204  687.126
 781000.000    6.221  685.235
 781500.000    6.303  676.350
 782000.000    6.480  657.794
 782500.000    6.071  702.103
 783000.000    6.299  676.735
 783500.000    6.348  671.556
 784000.000    6.361  670.143
 784500.000    6.420  663.965
 785000.000    6.231  684.099
 785500.000    6.308  675.804
 786000.000    6.253  681.759
 786500.000    6.157  692.358
 787000.000    6.237  683.440
 787500.000    6.240  683.170
 788000.000    6.304  676.219
 788500.000    6.353  670.988
 789000.000    6.231  684.156
 789500.000    6.023  707.743
 790000.000    6.152  692.880
 790500.000    6.216  685.803
 791000.000    5.997  710.772
 791500.000    6.230  684.232
 792000.000    6.220  685.318
 792500.000    6.104  698.419
 793000.000    6.417  664.247
 793500.000    6.480  657.790
 794000.000    6.297  676.993
 794500.000    6.056  703.903
 795000.000    6.114  697.170
 795500.000    6.015  708.640
 796000.000    6.154  692.651
 796500.000    6.559  649.930
 797000.000    6.129  695.495
 797500.000    6.266  680.325
 798000.000    6.091  699.856
 798500.000    6.198  687.764
 799000.000    6.286  678.183
 799500.000    6.191  688.575
 800000.000    6.054  704.092
 800500.000    6.158  692.259
 801000.000    6.309  675.668
 801500.000    6.009  709.460
 802000.000    6.099  698.963
 802500.000    5.980  712.896
 803000.000    6.177  690.083
 803500.000    6.070  702.273
 804000.000    6.212  686.272
 804500.000    6.250  682.045
 805000.000    6.065  702.842
 805500.000    6.049  704.725
 806000.000    6.038  705.964
 806500.000    6.135  694.798
 807000.000    5.964  714.716
 807500.000    6.124  696.026
 808000.000    6.220  685.312
 808500.000    6.054  704.161
 809000.000    6.242  682.949
 809500.000    6.021  707.965
 810000.000    6.341  672.219
 810500.000    6.422  663.790
 811000.000    6.101  698.653
 811500.000    6.096  699.327
 812000.000    5.947  716.839
 812500.000    6.088  700.230
 813000.000    6.050  704.583
 813500.000    6.146  693.617
 814000.000    6.158  692.194
 814500.000    6.261  680.874
 815000.000    6.056  703.882
 815500.000    6.100  698.790
 816000.000    6.167  691.207
 816500.000    6.286  678.170
 817000.000    6.344  671.981
 817500.000    6.153  692.774
 818000.000    6.128  695.584
 818500.000    6.185  689.250
 819000.000    6.228  684.466
 819500.000    6.155  692.584
 820000.000    6.176  690.266
 820500.000    6.046  705.009
 821000.000    6.154  692.741
 821500.000    5.996  710.999
 822000.000    6.279  678.950
 822500.000    5.952  716.149
 823000.000    6.268  680.086
 823500.000    6.108  697.924
 824000.000    6.109  697.828
 824500.000    6.010  709.264
 825000.000    6.089  700.135
 825500.000    6.175  690.329
 826000.000    6.164  691.613
 826500.000    5.944  717.155
 827000.000    6.063  703.076
 827500.000    6.172  690.696
 828000.000    6.249  682.143
 828500.000    6.033  706.636
 829000.000    6.234  683.780
 829500.000    6.169  691.014
 830000.000    6.169  690.961
 830500.000    6.262  680.775
 831000.000    6.193  688.324
 831500.000    6.089  700.133
 832000.000    6.259  681.019
 832500.000    6.008  709.572
 833000.000    5.994  711.134
 833500.000    5.916  720.548
 834000.000    6.178  689.952
 834500.000    6.053  704.261
 835000.000    6.189  688.734
 835500.000    6.279  678.933
 836000.000    6.129  695.536
 836500.000    6.049  704.728
 837000.000    6.305  676.101
 837500.000    6.324  674.077
 838000.000    6.183  689.436
 838500.000    6.255  681.468
 839000.000    6.399  666.211
 839500.000    6.257  681.271
 840000.000    6.222  685.140
 840500.000    6.538  651.963
 841000.000    6.102  698.579
 841500.000    6.344  671.902
 842000.000    6.366  669.655
 842500.000    6.132  695.160
 843000.000    6.399  666.145
 843500.000    6.335  672.916
 844000.000    6.461  659.736
 844500.000    6.551  650.753
 845000.000    6.366  669.570
 845500.000    6.093  699.674
 846000.000    6.630  642.955
 846500.000    6.450  660.904
 847000.000    6.308  675.782
 847500.000    6.436  662.286
 848000.000    6.199  687.690
 848500.000    6.217  685.721
 849000.000    6.411  664.872
 849500.000    6.301  676.562
 850000.000    6.322  674.280
 850500.000    6.351  671.192
 851000.000    6.154  692.667
 851500.000    6.076  701.592
 852000.000    6.245  682.604
 852500.000    6.151  692.990
 853000.000    6.276  679.268
 853500.000    6.073  701.960
 854000.000    6.229  684.357
 854500.000    6.225  684.741
 855000.000    6.197  687.888
 855500.000    6.502  655.626
 856000.000    6.434  662.522
 856500.000    6.480  657.808
 857000.000    6.468  659.044
 857500.000    6.272  679.613
 858000.000    6.377  668.495
 858500.000    6.307  675.851
 859000.000    6.393  666.831
 859500.000    6.688  637.396
 860000.000    6.176  690.193
 860500.000    6.360  670.221
 861000.000    6.208  686.694
 861500.000    6.284  678.371
 862000.000    6.235  683.652
 862500.000    6.375  668.664
 863000.000    6.277  679.101
 863500.000    6.387  667.410
 864000.000    6.299  676.694
 864500.000    6.323  674.192
 865000.000    6.348  671.502
 865500.000    6.242  682.892
 866000.000    6.309  675.720
 866500.000    6.256  681.391
 867000.000    6.233  683.895
 867500.000    6.361  670.112
 868000.000    6.179  689.930
 868500.000    6.441  661.821
 869000.000    6.092  699.753
 869500.000    6.096  699.304
 870000.000    6.349  671.428
 870500.000    6.427  663.269
 871000.000    6.090  699.965
 871500.000    6.303  676.345
 872000.000    6.228  684.434
 872500.000    6.248  682.236
 873000.000    6.256  681.423
 873500.000    6.179  689.903
 874000.000    6.248  682.219
 874500.000    6.219  685.401
 875000.000    6.065  702.886
 875500.000    6.292  677.494
 876000.000    6.157  692.348
 876500.000    6.285  678.247
 877000.000    6.317  674.764
 877500.000    6.257  681.297
 878000.000    6.286  678.177
 878500.000    6.357  670.604
 879000.000    6.161  691.872
 879500.000    6.411  664.944
 880000.000    6.194  688.208
 880500.000    6.280  678.754
 881000.000    6.301  676.476
 881500.000    6.329  673.565
 882000.000    6.119  696.700
 882500.000    6.486  657.197
 883000.000    6.178  689.997
 883500.000    6.436  662.384
 884000.000    6.104  698.363
 884500.000    6.215  685.892
 885000.000    6.227  684.551
 885500.000    6.409  665.092
 886000.000    6.140  694.223
 886500.000    6.187  688.939
 887000.000    6.122  696.308
 887500.000    6.227  684.524
 888000.000    6.334  673.049
 888500.000    6.008  709.464
 889000.000    6.187  689.046
 889500.000    6.246  682.514
 890000.000    6.121  696.454
 890500.000    6.294  677.259
 891000.000    6.270  679.841
 891500.000    6.511  654.716
 892000.000    6.222  685.089
 892500.000    6.334  672.950
 893000.000    6.278  678.978
 893500.000    6.308  675.738
 894000.000    6.584  647.437
 894500.000    6.545  651.289
 895000.000    6.176  690.184
 895500.000    6.418  664.207
 896000.000    6.062  703.231
 896500.000    6.411  664.954
 897000.000    6.289  677.835
 897500.000    6.300  676.656
 898000.000    6.518  654.047
 898500.000    6.094  699.544
 899000.000    6.208  686.643
 899500.000    6.148  693.334
 900000.000    6.191  688.551
 900500.000    6.135  694.800
 901000.000    6.188  688.838
 901500.000    6.300  676.672
 902000.000    6.384  667.775
 902500.000    6.233  683.878
 903000.000    6.270  679.926
 903500.000    6.239  683.262
 904000.000    6.373  668.905
 904500.000    6.035  706.361
 905000.000    6.264  680.572
 905500.000    6.374  668.744
 906000.000    6.396  666.453
 906500.000    6.298  676.803
 907000.000    6.317  674.861
 907500.000    6.260  680.978
 908000.000    6.309  675.705
 908500.000    6.502  655.635
 909000.000    6.528  653.020
 909500.000    6.350  671.298
 910000.000    6.559  649.937
 910500.000    6.639  642.128
 911000.000    6.604  645.519
 911500.000    6.357  670.529
 912000.000    6.366  669.654
 912500.000    6.638  642.144
 913000.000    6.781  628.606
 913500.000    6.505  655.358
 914000.000    6.598  646.065
 914500.000    6.563  649.566
 915000.000    6.579  647.943
 915500.000    6.405  665.524
 916000.000    6.546  651.228
 916500.000    6.348  671.547
 917000.000    6.557  650.074
 917500.000    6.464  659.488
 918000.000    6.535  652.353
 918500.000    6.409  665.140
 919000.000    6.546  651.204
 919500.000    6.424  663.537
 920000.000    6.614  644.511
 920500.000    6.296  677.034
 921000.000    6.461  659.792
 921500.000    6.576  648.206
 922000.000    6.465  659.319
 922500.000    6.603  645.549
 923000.000    6.385  667.590
 923500.000    6.559  649.881
 924000.000    6.524  653.423
 924500.000    6.453  660.588
 925000.000    6.543  651.540
 925500.000    6.335  672.850
 926000.000    6.451  660.818
 926500.000    6.342  672.121
 927000.000    6.385  667.659
 927500.000    6.531  652.739
 928000.000    6.427  663.272
 928500.000    6.386  667.497
 929000.000    6.492  656.601
 929500.000    6.612  644.679
 930000.000    6.657  640.333
 930500.000    6.436  662.333
 931000.000    6.612  644.742
 931500.000    6.372  668.955
 932000.000    6.671  639.024
 932500.000    6.497  656.104
 933000.000    6.522  653.624
 933500.000    6.316  674.955
 934000.000    6.287  678.065
 934500.000    6.645  641.529
 935000.000    6.442  661.695
 935500.000    6.468  659.095
 936000.000    6.480  657.802
 936500.000    6.426  663.360
 937000.000    6.303  676.298
 937500.000    6.502  655.583
 938000.000    6.592  646.636
 938500.000    6.255  681.525
 939000.000    6.300  676.609
 939500.000    6.763  630.319
 940000.000    6.486  657.277
 940500.000    6.182  689.528
 941000.000    6.420  663.995
 941500.000    6.460  659.923
 942000.000    6.330  673.460
 942500.000    6.322  674.252
 943000.000    6.375  668.672
 943500.000    6.193  688.381
 944000.000    6.292  677.534
 944500.000    6.424  663.616
 945000.000    6.486  657.267
 945500.000    6.286  678.119
 946000.000    6.469  658.909
 946500.000    6.427  663.217
 947000.000    6.558  649.984
 947500.000    6.445  661.365
 948000.000    6.541  651.656
 948500.000    6.330  673.480
 949000.000    6.535  652.336
 949500.000    6.664  639.686
 950000.000    6.388  667.326
 950500.000    6.591  646.713
 951000.000    6.500  655.825
 951500.000    6.492  656.654
 952000.000    6.481  657.720
 952500.000    6.477  658.107
 953000.000    6.625  643.457
 953500.000    6.431  662.857
 954000.000    6.338  672.544
 954500.000    6.242  682.893
 955000.000    6.492  656.664
 955500.000    6.391  666.965
 956000.000    6.420  664.033
 956500.000    6.330  673.451
 957000.000    6.596  646.236
 957500.000    6.565  649.284
 958000.000    6.429  663.027
 958500.000    6.674  638.698
 959000.000    6.429  663.104
 959500.000    6.738  632.639
 960000.000    6.527  653.072
 960500.000    6.559  649.909
 961000.000    6.402  665.874
 961500.000    6.566  649.183
 962000.000    6.343  672.035
 962500.000    6.626  643.337
 963000.000    6.476  658.227
 963500.000    6.311  675.406
 964000.000    6.387  667.372
 964500.000    6.602  645.655
 965000.000    6.402  665.906
 965500.000    6.394  666.717
 966000.000    6.712  635.145
 966500.000    6.595  646.405
 967000.000    6.752  631.357
 967500.000    6.474  658.404
 968000.000    6.502  655.569
 968500.000    6.428  663.160
 969000.000    6.688  637.385
 969500.000    6.430  663.000
 970000.000    6.570  648.785
 970500.000    6.586  647.209
 971000.000    6.650  641.008
 971500.000    6.530  652.824
 972000.000    6.530  652.765
 972500.000    6.830  624.167
 973000.000    6.574  648.445
 973500.000    6.315  674.982
 974000.000    6.294  677.330
 974500.000    6.373  668.853
 975000.000    6.578  647.992
 975500.000    6.382  667.919
 976000.000    6.388  667.309
 976500.000    6.541  651.746
 977000.000    6.403  665.775
 977500.000    6.624  643.505
 978000.000    6.609  644.981
 978500.000    6.290  677.685
 979000.000    6.743  632.219
 979500.000    6.279  678.864
 980000.000    6.509  654.912
 980500.000    6.763  630.313
 981000.000    6.331  673.278
 981500.000    6.635  642.494
 982000.000    6.956  612.786
 982500.000    6.717  634.633
 983000.000    6.738  632.647
 983500.000    6.726  633.757
 984000.000    6.407  665.367
 984500.000    6.682  637.928
 985000.000    6.432  662.743
 985500.000    6.527  653.133
 986000.000    6.651  640.888
 986500.000    6.657  640.328
 987000.000    6.466  659.288
 987500.000    6.545  651.346
 988000.000    6.546  651.189
 988500.000    6.619  644.053
 989000.000    6.395  666.562
 989500.000    6.606  645.298
 990000.000    6.690  637.166
 990500.000    6.426  663.390
 991000.000    6.479  657.955
 991500.000    6.251  681.943
 992000.000    6.647  641.302
 992500.000    6.598  646.056
 993000.000    6.562  649.667
 993500.000    6.371  669.064
 994000.000    6.640  641.969
 994500.000    6.609  645.040
 995000.000    6.587  647.110
 995500.000    6.628  643.185
 996000.000    6.395  666.569
 996500.000    6.447  661.188
 997000.000    6.765  630.081
 997500.000    6.672  638.942
 998000.000    6.762  630.394
 998500.000    6.315  674.993
 999000.000    6.566  649.181
 999500.000    6.463  659.604
1000000.000    6.579  647.931
