57.246 48.147 -112.8015
68.105 61.527 -141.511
55.084 51.39 -117.418
52.284 52.637 -122.351
56.23 49.819 -127.456
56.868 58.362 -128.319
52.718 52.851 -127.292
45.095 44.93 -117.481
51.069 50.786 -118.799
50.04 47.625 -120.919
55.448 46.15 -106.0665
45.703 46.498 -102.1305
43.921 43.943 -107.2505
40.802 42.801 -98.4615
83.864 38.534 -94.5145
42.185 38.691 -96.757
33.637 34.636 -84.698
33.972 30.108 -77.645
41.104 31.37 -97.7085
73.29 29.659 -70.302
30.817 30.514 -75.869
36.159 33.617 -86.964
40.464 40.407 -100.6195
40.006 36.03 -99.993
43.162 36.583 -88.894
45.018 36.505 -83.437
37.458 37.927 -92.4545
39.414 39.026 -83.8005
42.671 37.266 -90.3585
25.316 24.667 -63.625
32.221 35.237 -85.9125
23.723 28.001 -62.189
38.001 39.846 -90.9535
33.848 38.427 -94.557
37.866 39.064 -87.01
32.702 40.216 -98.9305
44.656 42.111 -94.808
40.737 45.275 -109.8265
41.562 40.849 -104.7785
41.659 45.04 -105.381
31.1 35.066 -84.0305
25.271 31.516 -79.622
19.844 23.156 -58.007
26.281 28.74 -68.028
25.316 24.336 -59.031
23.509 27.521 -62.443
32.073 35.461 -85.015
26.315 25.727 -70.678
30.931 34.959 -78.163
24.46 28.919 -63.3675
24.105 25.91 -62.012
26.063 27.387 -65.962
19.241 19.339 -46.959
23.021 26.136 -61.656
32.163 20.947 -52.067
22.657 29.045 -56.921
23.463 28.498 -70.7325
32.644 35.314 -81.3865
61.733 33.804 -74.21
63.936 31.741 -78.0945
18.073 16.277 -45.9055
17.099 21.891 -45.465
24.995 26.07 -61.2765
40.104 36.205 -97.546
39.16 48.905 -101.6465
34.759 35.637 -86.3785
30.446 33.264 -78.3665
57.209 36.572 -88.072
30.615 30.585 -73.029
24.082 30.805 -69.1315
17.479 19.829 -48.469
20.547 19.44 -47.708
23.109 26.383 -57.811
26.309 25.327 -64.082
35.784 37.087 -89.0225
30.921 37.567 -80.047
30.579 32.576 -75.573
27.517 31.541 -72.316
26.007 26.454 -68.297
30.434 27.594 -66.3905
30.426 25.614 -62.951
32.024 29.831 -77.052
35.219 29.672 -77.999
35.832 24.691 -75.52
33.451 33.299 -81.8815
31.787 29.449 -73.649
38.824 33.722 -82.663
38.715 38.368 -83.392
38.749 36.556 -94.1705
40.2 38.526 -87.272
39.929 34.002 -82.672
42.309 34.341 -92.5335
35.179 33.82 -78.274
33.188 29.64 -74.671
19.983 22.266 -49.278
29.403 25.321 -66.903
30.393 30.479 -68.5425
35.356 33.435 -90.6095
30.224 29.135 -70.275
33.937 30.831 -88.963
29.173 25.263 -64.255
