42.42 45.966 -113.3345
47.266 54.911 -126.4955
46.428 61.553 -126.3575
44.057 49.016 -109.931
42.285 47.161 -108.647
45.094 53.898 -121.55
34.497 42.849 -90.154
36.73 47.167 -100.7145
44.77 51.125 -119.3755
35.241 43.386 -90.3785
46.835 54.374 -125.916
39.644 43.877 -106.7355
45.479 46.603 -109.767
40.995 39.016 -103.908
44.963 51.118 -113.7645
51.213 53.015 -109.959
53.971 65.481 -149.87
46.629 55.752 -107.06
42.967 47.029 -111.864
41.795 51.823 -106.8235
37.555 46.264 -101.9835
51.407 52.398 -134.1315
50.263 50.697 -117.263
52.555 60.309 -139.73
54.605 57.141 -143.0505
52.999 59.727 -145.038
47.39 57.638 -124.523
46.341 51.121 -109.569
41.026 46.818 -111.077
42.654 48.663 -124.701
43.322 49.744 -119.7775
39.107 45.393 -105.0875
51.173 53.745 -118.4655
51.427 58.363 -126.9915
55.331 64.932 -138.044
58.463 66.661 -148.173
62.001 66.04 -145.9515
54.181 51.615 -129.4445
52.0 54.742 -132.309
49.709 54.528 -135.5155
50.616 50.919 -128.4325
45.711 54.23 -124.824
47.92 56.758 -130.71
47.064 49.499 -114.529
45.404 50.21 -122.017
45.372 46.221 -116.612
47.057 49.699 -118.925
52.263 58.604 -137.338
51.668 54.651 -122.099
43.762 43.548 -100.3785
46.083 51.535 -117.123
51.959 53.055 -128.703
54.361 54.021 -123.7375
49.819 51.237 -125.768
47.012 49.179 -118.42
49.46 51.851 -125.281
40.043 44.064 -92.3605
45.32 48.08 -109.374
43.991 47.156 -103.79
45.422 47.621 -100.4305
49.369 49.561 -119.926
43.993 45.087 -104.896
41.615 42.795 -104.0115
34.956 37.345 -83.831
37.103 45.15 -91.322
36.993 39.786 -97.3495
34.653 40.749 -98.087
27.701 32.161 -75.872
36.179 40.043 -97.8315
28.389 31.832 -84.668
31.432 35.149 -90.491
32.833 42.868 -91.4825
29.791 37.774 -87.028
26.071 32.589 -69.765
26.695 35.374 -71.535
30.152 35.61 -74.823
26.004 35.304 -66.961
27.125 29.967 -77.175
28.002 33.161 -73.853
26.821 33.989 -82.955
31.035 35.626 -74.714
41.356 40.028 -102.2255
44.307 48.008 -117.823
37.21 40.763 -91.034
36.384 42.734 -101.698
47.077 50.41 -113.4465
45.976 47.608 -108.623
34.541 39.049 -91.547
37.48 44.309 -94.3415
41.884 48.173 -108.774
35.962 47.765 -102.9865
42.1 46.715 -115.065
28.291 32.551 -79.701
27.919 32.864 -80.103
26.322 37.014 -72.341
39.813 49.982 -108.874
39.361 49.612 -117.144
44.793 50.758 -116.872
43.124 50.47 -119.7985
37.638 47.748 -111.407
41.34 50.403 -107.435
