28.438 33.131 -71.082
30.065 36.661 -77.692
37.69 39.077 -87.281
34.698 34.664 -81.084
34.509 35.092 -75.2675
36.201 37.403 -85.973
35.259 36.114 -87.5275
34.738 40.152 -91.7345
31.274 34.619 -84.188
46.52 49.379 -125.888
40.701 43.922 -113.2025
36.934 43.199 -103.3965
39.067 42.822 -101.4975
33.941 38.977 -90.817
30.104 30.871 -80.379
28.978 33.318 -76.816
22.46 26.118 -62.2445
24.994 28.051 -66.574
29.052 30.136 -69.4175
27.767 28.482 -71.7535
28.873 34.17 -71.558
29.599 36.662 -76.9255
28.008 31.138 -69.6415
32.35 30.674 -84.08
31.671 34.767 -86.1865
32.0 30.536 -76.639
29.5 30.003 -75.682
31.072 26.871 -73.14
31.104 28.944 -74.028
35.315 27.441 -74.7705
37.214 33.06 -88.348
35.366 32.84 -91.0395
39.312 43.593 -99.138
38.116 39.652 -94.056
41.729 41.249 -109.12
41.84 40.336 -109.339
35.764 35.693 -88.3225
33.976 40.676 -85.995
34.464 33.591 -87.329
33.962 35.331 -82.966
39.229 40.046 -85.2015
36.622 34.817 -84.322
31.923 34.435 -87.27
35.725 36.227 -77.7095
32.302 34.776 -83.529
32.421 38.49 -78.9455
25.223 27.943 -63.892
22.523 22.409 -55.575
23.874 27.227 -61.8875
24.396 28.325 -66.543
28.272 32.549 -74.559
31.379 32.07 -84.434
31.014 33.838 -87.1165
29.796 28.189 -80.0155
23.116 23.862 -64.641
27.736 29.231 -82.9265
31.354 32.838 -84.189
21.058 26.622 -54.0715
23.115 24.318 -58.527
18.542 24.105 -56.397
22.573 22.063 -57.467
30.14 30.836 -84.794
24.568 28.135 -66.516
28.316 28.456 -77.0025
26.798 28.575 -78.7865
24.892 29.251 -73.2725
27.697 34.133 -79.218
24.664 26.214 -65.334
32.586 34.938 -78.2265
34.256 39.959 -91.453
32.288 32.975 -73.7735
44.922 46.966 -105.2435
36.197 37.61 -98.017
35.538 40.162 -91.2835
33.669 40.381 -96.0945
35.987 40.189 -90.153
27.327 29.333 -73.078
31.463 30.665 -82.4135
26.795 27.796 -71.6575
35.101 33.797 -98.4785
39.028 36.619 -98.7945
44.78 48.023 -112.547
38.866 43.227 -105.2285
42.789 45.881 -105.183
35.065 35.581 -91.3105
43.463 45.223 -118.5795
35.249 41.048 -109.079
45.208 43.428 -112.1935
37.394 39.855 -105.227
32.938 38.724 -94.4255
42.631 42.048 -108.1655
40.828 41.758 -105.99
40.596 42.833 -107.0045
34.897 35.762 -80.8045
30.139 31.149 -68.7975
36.715 37.803 -85.7965
37.269 35.646 -84.097
34.481 33.261 -88.6355
34.014 35.743 -88.2525
33.411 34.745 -87.8295
30.309 33.05 -76.954
