 750000.000    6.209  671.052
 750500.000    6.025  691.463
 751000.000    6.220  669.860
 751500.000    6.059  687.620
 752000.000    6.187  673.461
 752500.000    5.814  716.574
 753000.000    6.064  687.096
 753500.000    5.963  698.745
 754000.000    6.268  664.676
 754500.000    6.133  679.291
 755000.000    6.164  675.913
 755500.000    6.065  686.967
 756000.000    6.276  663.824
 756500.000    6.272  664.282
 757000.000    6.111  681.771
 757500.000    6.182  673.959
 758000.000    6.221  669.760
 758500.000    6.280  663.417
 759000.000    6.125  680.252
 759500.000    6.189  673.156
 760000.000    6.156  676.764
 760500.000    6.046  689.130
 761000.000    6.285  662.866
 761500.000    5.984  696.199
 762000.000    6.187  673.432
 762500.000    5.976  697.224
 763000.000    6.112  681.662
 763500.000    6.040  689.766
 764000.000    6.139  678.673
 764500.000    6.203  671.691
 765000.000    6.050  688.629
 765500.000    5.928  702.853
 766000.000    5.932  702.336
 766500.000    5.938  701.594
 767000.000    6.118  680.973
 767500.000    6.269  664.650
 768000.000    6.102  682.750
 768500.000    5.971  697.779
 769000.000    5.996  694.901
 769500.000    5.957  699.394
 770000.000    5.961  698.914
 770500.000    5.901  706.050
 771000.000    6.170  675.295
 771500.000    6.191  672.929
 772000.000    5.886  707.877
 772500.000    6.252  666.440
 773000.000    6.169  675.369
 773500.000    5.973  697.480
 774000.000    6.078  685.484
 774500.000    5.931  702.476
 775000.000    6.168  675.456
 775500.000    6.212  670.723
 776000.000    6.010  693.282
 776500.000    6.132  679.396
 777000.000    6.381  652.962
 777500.000    6.434  647.568
 778000.000    5.967  698.195
 778500.000    6.250  666.607
 779000.000    5.987  695.874
 779500.000    6.221  669.691
 780000.000    6.100  682.992
 780500.000    6.006  693.753
 781000.000    6.013  692.844
 781500.000    6.321  659.154
 782000.000    6.408  650.219
 782500.000    6.099  683.150
 783000.000    6.091  684.041
 783500.000    6.278  663.696
 784000.000    6.142  678.350
 784500.000    6.415  649.503
 785000.000    5.991  695.460
 785500.000    6.075  685.822
 786000.000    6.119  680.861
 786500.000    6.021  691.945
 787000.000    6.025  691.522
 787500.000    6.061  687.375
 788000.000    6.274  664.071
 788500.000    6.139  678.682
 789000.000    6.082  685.089
 789500.000    6.024  691.582
 790000.000    6.079  685.420
 790500.000    6.378  653.195
 791000.000    6.258  665.817
 791500.000    6.237  668.001
 792000.000    6.015  692.609
 792500.000    5.950  700.217
 793000.000    6.223  669.543
 793500.000    5.967  698.195
 794000.000    6.040  689.843
 794500.000    5.915  704.370
 795000.000    6.167  675.595
 795500.000    6.236  668.091
 796000.000    6.112  681.679
 796500.000    6.445  646.478
 797000.000    6.061  687.382
 797500.000    5.917  704.187
 798000.000    5.951  700.121
 798500.000    5.921  703.626
 799000.000    6.275  663.974
 799500.000    6.114  681.472
 800000.000    5.931  702.481
 800500.000    6.041  689.694
 801000.000    6.234  668.287
 801500.000    6.176  674.590
 802000.000    6.083  684.917
 802500.000    6.045  689.214
 803000.000    6.136  678.982
 803500.000    6.068  686.602
 804000.000    6.027  691.255
 804500.000    6.484  642.580
 805000.000    6.139  678.706
 805500.000    6.167  675.553
 806000.000    6.116  681.203
 806500.000    5.958  699.302
 807000.000    6.003  694.033
 807500.000    6.010  693.293
 808000.000    5.991  695.484
 808500.000    6.007  693.607
 809000.000    6.143  678.236
 809500.000    5.872  709.582
 810000.000    6.455  645.432
 810500.000    6.317  659.534
 811000.000    6.007  693.587
 811500.000    6.037  690.104
 812000.000    5.998  694.655
 812500.000    6.239  667.781
 813000.000    6.213  670.582
 813500.000    6.092  683.871
 814000.000    5.968  698.140
 814500.000    6.233  668.476
 815000.000    6.113  681.587
 815500.000    6.182  673.947
 816000.000    6.152  677.223
 816500.000    6.221  669.771
 817000.000    6.298  661.558
 817500.000    6.173  674.941
 818000.000    6.214  670.464
 818500.000    6.151  677.366
 819000.000    5.907  705.285
 819500.000    6.185  673.633
 820000.000    6.358  655.326
 820500.000    6.398  651.157
 821000.000    6.243  667.328
 821500.000    6.046  689.165
 822000.000    6.224  669.434
 822500.000    6.257  665.903
 823000.000    6.136  678.998
 823500.000    6.164  675.970
 824000.000    6.100  683.049
 824500.000    6.008  693.453
 825000.000    6.257  665.853
 825500.000    6.356  655.472
 826000.000    6.173  674.920
 826500.000    6.045  689.231
 827000.000    6.159  676.489
 827500.000    6.304  660.925
 828000.000    5.972  697.647
 828500.000    6.091  684.039
 829000.000    6.112  681.646
 829500.000    6.092  683.865
 830000.000    6.182  673.954
 830500.000    6.488  642.163
 831000.000    5.894  706.878
 831500.000    5.963  698.744
 832000.000    6.150  677.438
 832500.000    6.020  692.069
 833000.000    6.222  669.609
 833500.000    6.111  681.752
 834000.000    5.994  695.117
 834500.000    6.103  682.705
 835000.000    6.153  677.106
 835500.000    5.812  716.816
 836000.000    6.153  677.164
 836500.000    6.023  691.768
 837000.000    6.304  660.876
 837500.000    6.076  685.671
 838000.000    6.034  690.525
 838500.000    6.108  682.148
 839000.000    6.045  689.181
 839500.000    6.183  673.835
 840000.000    6.034  690.538
 840500.000    6.003  694.024
 841000.000    6.140  678.571
 841500.000    6.061  687.379
 842000.000    5.980  696.734
 842500.000    6.057  687.811
 843000.000    5.960  699.117
 843500.000    6.271  664.399
 844000.000    6.014  692.759
 844500.000    6.158  676.610
 845000.000    5.904  705.691
 845500.000    6.133  679.390
 846000.000    5.918  704.077
 846500.000    6.340  657.153
 847000.000    6.001  694.338
 847500.000    6.221  669.732
 848000.000    6.127  680.020
 848500.000    6.120  680.773
 849000.000    6.196  672.432
 849500.000    6.143  678.256
 850000.000    6.195  672.588
 850500.000    6.164  675.952
 851000.000    6.173  674.955
 851500.000    6.025  691.512
 852000.000    6.148  677.631
 852500.000    6.109  681.970
 853000.000    6.089  684.259
 853500.000    5.957  699.446
 854000.000    5.922  703.525
 854500.000    6.213  670.579
 855000.000    6.193  672.732
 855500.000    6.146  677.878
 856000.000    5.973  697.562
 856500.000    6.110  681.887
 857000.000    6.083  684.887
 857500.000    6.298  661.499
 858000.000    6.018  692.379
 858500.000    6.111  681.823
 859000.000    6.157  676.677
 859500.000    6.194  672.696
 860000.000    5.946  700.710
 860500.000    6.330  658.232
 861000.000    5.997  694.693
 861500.000    6.090  684.186
 862000.000    6.245  667.112
 862500.000    6.171  675.164
 863000.000    5.984  696.272
 863500.000    6.130  679.702
 864000.000    6.040  689.765
 864500.000    6.148  677.647
 865000.000    6.129  679.837
 865500.000    6.224  669.386
 866000.000    6.006  693.722
 866500.000    6.072  686.165
 867000.000    6.016  692.564
 867500.000    6.090  684.107
 868000.000    6.345  656.604
 868500.000    6.199  672.123
 869000.000    5.964  698.552
 869500.000    6.034  690.487
 870000.000    6.111  681.834
 870500.000    6.140  678.583
 871000.000    6.188  673.274
 871500.000    6.090  684.173
 872000.000    6.211  670.822
 872500.000    6.046  689.068
 873000.000    6.221  669.717
 873500.000    6.073  686.063
 874000.000    6.197  672.372
 874500.000    6.097  683.339
 875000.000    5.889  707.492
 875500.000    6.045  689.224
 876000.000    6.078  685.483
 876500.000    6.200  672.048
 877000.000    6.270  664.517
 877500.000    6.129  679.813
 878000.000    6.140  678.584
 878500.000    6.177  674.522
 879000.000    6.206  671.310
 879500.000    6.236  668.136
 880000.000    6.221  669.771
 880500.000    6.244  667.255
 881000.000    5.983  696.360
 881500.000    6.055  688.062
 882000.000    6.148  677.653
 882500.000    6.208  671.179
 883000.000    6.213  670.633
 883500.000    6.190  673.057
 884000.000    6.104  682.543
 884500.000    6.224  669.418
 885000.000    6.027  691.260
 885500.000    6.403  650.700
 886000.000    6.044  689.337
 886500.000    5.883  708.227
 887000.000    5.954  699.717
 887500.000    6.045  689.198
 888000.000    6.138  678.770
 888500.000    5.894  706.937
 889000.000    5.989  695.706
 889500.000    5.856  711.522
 890000.000    5.931  702.472
 890500.000    5.876  709.081
 891000.000    5.828  714.838
 891500.000    6.121  680.716
 892000.000    6.008  693.528
 892500.000    6.057  687.838
 893000.000    5.887  707.768
 893500.000    5.798  718.622
 894000.000    6.009  693.303
 894500.000    6.059  687.643
 895000.000    5.851  712.078
 895500.000    6.064  687.032
 896000.000    5.948  700.488
 896500.000    6.045  689.257
 897000.000    6.147  677.751
 897500.000    6.269  664.627
 898000.000    6.328  658.387
 898500.000    6.198  672.203
 899000.000    6.199  672.136
 899500.000    6.145  677.990
 900000.000    6.180  674.216
 900500.000    6.066  686.899
 901000.000    6.122  680.532
 901500.000    6.163  676.055
 902000.000    6.181  674.060
 902500.000    6.130  679.663
 903000.000    6.100  683.034
 903500.000    6.330  658.149
 904000.000    6.305  660.846
 904500.000    6.295  661.896
 905000.000    6.285  662.941
 905500.000    6.115  681.310
 906000.000    6.213  670.630
 906500.000    5.987  695.915
 907000.000    6.272  664.241
 907500.000    6.115  681.284
 908000.000    6.154  677.009
 908500.000    6.320  659.263
 909000.000    6.305  660.805
 909500.000    6.308  660.513
 910000.000    6.392  651.800
 910500.000    6.248  666.882
 911000.000    5.925  703.161
 911500.000    6.384  652.638
 912000.000    6.224  669.411
 912500.000    5.997  694.789
 913000.000    6.154  677.031
 913500.000    6.151  677.368
 914000.000    6.214  670.446
 914500.000    6.001  694.339
 915000.000    6.114  681.498
 915500.000    6.270  664.527
 916000.000    6.344  656.701
 916500.000    6.238  667.866
 917000.000    6.153  677.177
 917500.000    5.950  700.229
 918000.000    6.104  682.562
 918500.000    6.004  693.984
 919000.000    6.277  663.756
 919500.000    6.347  656.406
 920000.000    6.106  682.369
 920500.000    6.306  660.688
 921000.000    6.235  668.228
 921500.000    6.122  680.528
 922000.000    6.034  690.482
 922500.000    6.115  681.390
 923000.000    6.079  685.376
 923500.000    5.894  706.883
 924000.000    6.184  673.694
 924500.000    5.978  696.944
 925000.000    6.115  681.349
 925500.000    5.904  705.659
 926000.000    6.152  677.249
 926500.000    6.080  685.280
 927000.000    6.274  664.078
 927500.000    6.196  672.476
 928000.000    6.162  676.176
 928500.000    6.084  684.862
 929000.000    6.137  678.914
 929500.000    6.161  676.270
 930000.000    6.113  681.545
 930500.000    6.061  687.438
 931000.000    6.176  674.613
 931500.000    6.075  685.787
 932000.000    6.035  690.364
 932500.000    6.084  684.839
 933000.000    6.147  677.765
 933500.000    6.187  673.459
 934000.000    6.075  685.788
 934500.000    6.201  671.931
 935000.000    6.268  664.734
 935500.000    6.191  672.962
 936000.000    6.236  668.119
 936500.000    6.273  664.149
 937000.000    6.237  668.049
 937500.000    6.202  671.756
 938000.000    6.089  684.296
 938500.000    6.228  668.943
 939000.000    6.137  678.920
 939500.000    6.285  662.930
 940000.000    6.144  678.086
 940500.000    6.209  670.994
 941000.000    6.209  671.024
 941500.000    6.102  682.803
 942000.000    6.176  674.662
 942500.000    5.995  694.930
 943000.000    6.188  673.299
 943500.000    6.099  683.077
 944000.000    6.061  687.392
 944500.000    5.900  706.202
 945000.000    6.082  685.022
 945500.000    6.049  688.736
 946000.000    6.263  665.284
 946500.000    6.159  676.462
 947000.000    6.227  669.098
 947500.000    6.164  675.909
 948000.000    6.270  664.485
 948500.000    6.256  666.034
 949000.000    6.115  681.361
 949500.000    5.990  695.611
 950000.000    6.028  691.162
 950500.000    6.244  667.316
 951000.000    6.202  671.826
 951500.000    6.191  672.957
 952000.000    6.144  678.082
 952500.000    6.346  656.487
 953000.000    6.223  669.473
 953500.000    5.931  702.476
 954000.000    5.867  710.158
 954500.000    5.764  722.887
 955000.000    6.328  658.360
 955500.000    6.276  663.909
 956000.000    6.244  667.264
 956500.000    6.240  667.729
 957000.000    6.009  693.370
 957500.000    6.188  673.269
 958000.000    6.049  688.764
 958500.000    6.211  670.770
 959000.000    6.312  660.040
 959500.000    6.253  666.285
 960000.000    6.193  672.781
 960500.000    6.006  693.680
 961000.000    5.973  697.570
 961500.000    6.331  658.062
 962000.000    6.133  679.362
 962500.000    6.256  665.971
 963000.000    6.144  678.169
 963500.000    6.458  645.168
 964000.000    6.335  657.715
 964500.000    6.325  658.674
 965000.000    6.416  649.367
 965500.000    6.233  668.448
 966000.000    6.159  676.438
 966500.000    6.321  659.095
 967000.000    6.331  658.136
 967500.000    6.279  663.566
 968000.000    6.049  688.724
 968500.000    6.119  680.860
 969000.000    6.329  658.348
 969500.000    6.002  694.147
 970000.000    6.113  681.603
 970500.000    6.078  685.436
 971000.000    6.304  660.906
 971500.000    6.268  664.694
 972000.000    6.148  677.633
 972500.000    6.474  643.516
 973000.000    6.032  690.723
 973500.000    6.254  666.241
 974000.000    6.094  683.648
 974500.000    6.184  673.713
 975000.000    6.200  672.001
 975500.000    6.336  657.574
 976000.000    6.064  687.028
 976500.000    6.160  676.392
 977000.000    6.313  659.976
 977500.000    6.250  666.621
 978000.000    6.065  686.987
 978500.000    6.094  683.704
 979000.000    6.268  664.686
 979500.000    6.214  670.462
 980000.000    6.339  657.291
 980500.000    6.234  668.334
 981000.000    6.117  681.062
 981500.000    6.096  683.471
 982000.000    6.547  636.338
 982500.000    6.423  648.630
 983000.000    6.289  662.513
 983500.000    6.079  685.334
 984000.000    6.071  686.224
 984500.000    6.070  686.372
 985000.000    6.266  664.957
 985500.000    6.005  693.771
 986000.000    6.203  671.657
 986500.000    6.081  685.175
 987000.000    6.401  650.945
 987500.000    6.235  668.232
 988000.000    6.122  680.520
 988500.000    6.228  668.964
 989000.000    6.176  674.615
 989500.000    6.237  667.988
 990000.000    6.137  678.876
 990500.000    6.215  670.370
 991000.000    6.398  651.247
 991500.000    6.151  677.391
 992000.000    6.343  656.858
 992500.000    6.254  666.178
 993000.000    6.091  684.017
 993500.000    5.936  701.841
 994000.000    6.212  670.713
 994500.000    5.938  701.650
 995000.000    6.045  689.245
 995500.000    6.137  678.895
 996000.000    6.094  683.689
 996500.000    6.272  664.237
 997000.000    6.189  673.212
 997500.000    6.169  675.386
 998000.000    5.999  694.520
 998500.000    6.205  671.413
 999000.000    6.443  646.667
 999500.000    6.212  670.665
1000000.000    6.274  664.118
