36.255 43.052 -94.101
41.678 39.54 -105.207
36.094 37.209 -91.233
46.85 50.912 -114.007
44.528 45.531 -98.119
40.357 39.939 -93.3585
37.68 32.835 -83.802
35.956 40.011 -87.328
28.87 30.702 -72.7315
29.57 33.692 -74.525
20.562 21.949 -55.827
20.914 21.225 -51.131
20.645 21.862 -54.667
23.573 16.83 -51.7
18.225 23.157 -56.6035
13.47 16.455 -36.3405
15.749 19.253 -42.649
27.987 30.875 -70.97
30.058 37.044 -72.991
36.258 38.628 -93.191
38.346 46.03 -101.3945
35.224 43.511 -90.3065
37.032 45.175 -96.7355
39.681 48.155 -96.29
43.305 53.538 -105.008
39.443 42.273 -97.096
37.171 43.915 -103.4955
36.374 39.137 -90.7005
37.838 42.115 -93.583
32.962 34.162 -84.8335
43.584 42.819 -109.341
45.665 58.131 -122.5295
49.899 52.915 -124.656
55.391 54.327 -140.618
56.805 52.62 -130.9855
48.263 52.592 -120.2955
41.499 43.249 -109.377
37.324 38.767 -90.3315
38.927 40.785 -102.4025
34.185 41.048 -92.774
35.413 42.239 -100.6535
38.461 40.612 -101.512
42.788 48.538 -111.1365
45.293 52.573 -108.577
34.406 38.959 -95.107
29.112 36.009 -84.09
31.102 42.512 -89.2885
27.995 32.661 -76.921
28.731 33.392 -74.61
26.656 30.133 -71.5185
33.408 32.696 -85.499
29.186 31.743 -80.5275
30.33 33.726 -73.5305
32.449 38.48 -87.9925
42.171 52.151 -107.9115
40.449 49.209 -111.256
40.679 46.94 -102.852
47.944 51.796 -112.327
43.622 47.402 -95.9815
42.867 51.133 -106.2355
42.742 46.97 -108.189
40.862 42.86 -96.4025
44.808 45.051 -113.0915
33.385 37.636 -81.283
37.893 40.513 -93.368
36.524 38.24 -95.0515
37.028 42.779 -110.2685
34.123 40.447 -91.5435
51.408 54.27 -128.9145
45.833 48.703 -113.454
47.229 46.571 -115.6785
39.984 43.949 -98.826
40.829 46.086 -110.8545
42.405 44.819 -105.5275
56.029 53.922 -136.1425
51.43 45.739 -132.147
51.081 48.147 -129.7855
47.686 45.99 -125.1185
39.257 43.565 -110.473
51.243 46.269 -121.3295
45.081 46.244 -123.2115
42.96 47.163 -115.737
43.842 47.016 -115.4235
45.116 50.528 -117.4435
54.895 55.83 -136.844
51.906 54.182 -135.21
50.148 55.886 -125.997
36.474 45.546 -104.589
39.097 38.612 -102.8665
39.185 43.675 -105.24
43.023 41.392 -113.2515
42.0 47.233 -110.326
33.301 36.54 -90.794
35.808 32.188 -83.6255
38.297 37.708 -97.059
34.587 31.965 -82.989
38.595 36.376 -90.025
36.452 35.424 -90.491
35.607 31.031 -86.2545
33.753 36.467 -86.509
30.656 32.45 -79.9305
