BFII_nolipid
""
WAVELENGTH	FLUORESCENCE
300.0	80.44331359863281
300.5	86.71858215332031
301.0	93.7679672241211
301.5	100.4703369140625
302.0	109.6655044555664
302.5	120.58576965332031
303.0	130.9878692626953
303.5	143.0269012451172
304.0	154.46365356445312
304.5	167.6907196044922
305.0	182.86672973632812
305.5	194.99691772460938
306.0	211.6337432861328
306.5	224.7675323486328
307.0	242.97097778320312
307.5	257.0757751464844
308.0	277.0877380371094
308.5	296.2266540527344
309.0	314.16986083984375
309.5	334.7945861816406
310.0	354.2611999511719
310.5	374.40167236328125
311.0	397.564697265625
311.5	419.2433776855469
312.0	443.8063659667969
312.5	466.7799377441406
313.0	492.9331359863281
313.5	517.0849609375
314.0	544.6572875976562
314.5	575.6141967773438
315.0	598.9982299804688
315.5	631.6401977539062
316.0	656.3060302734375
316.5	689.6160278320312
317.0	720.2447509765625
317.5	749.1826171875
318.0	778.2586669921875
318.5	810.7884521484375
319.0	841.0205688476562
319.5	874.7319946289062
320.0	905.9906616210938
320.5	940.4352416992188
321.0	978.570068359375
321.5	1007.79052734375
322.0	1046.5062255859375
322.5	1076.44482421875
323.0	1116.285888671875
323.5	1153.1204833984375
324.0	1186.834228515625
324.5	1220.751708984375
325.0	1258.105224609375
325.5	1292.7120361328125
326.0	1331.0699462890625
326.5	1365.6834716796875
327.0	1403.4375
327.5	1445.7330322265625
328.0	1476.7431640625
328.5	1518.92041015625
329.0	1549.9349365234375
329.5	1591.134521484375
330.0	1625.2265625
330.5	1661.78857421875
331.0	1695.1265869140625
331.5	1731.9375
332.0	1765.13134765625
332.5	1801.42041015625
333.0	1839.5718994140625
333.5	1867.251953125
334.0	1903.9581298828125
334.5	1934.4388427734375
335.0	1967.9732666015625
335.5	1996.9832763671875
336.0	2029.2889404296875
336.5	2057.76806640625
337.0	2088.362548828125
337.5	2121.058349609375
338.0	2144.3583984375
338.5	2175.3095703125
339.0	2200.379150390625
339.5	2226.64306640625
340.0	2250.46875
340.5	2275.84814453125
341.0	2298.26904296875
341.5	2322.33984375
342.0	2347.9951171875
342.5	2366.452392578125
343.0	2390.16845703125
343.5	2407.935791015625
344.0	2427.14892578125
344.5	2443.891357421875
345.0	2461.767333984375
345.5	2476.382568359375
346.0	2492.012939453125
346.5	2507.75830078125
347.0	2520.03662109375
347.5	2533.205322265625
348.0	2544.212158203125
348.5	2557.019287109375
349.0	2566.822265625
349.5	2576.5849609375
350.0	2586.1328125
350.5	2593.024169921875
351.0	2600.243408203125
351.5	2606.27099609375
352.0	2613.07177734375
352.5	2617.617431640625
353.0	2622.404296875
353.5	2625.815185546875
354.0	2628.232421875
354.5	2630.17431640625
355.0	2631.114990234375
355.5	2631.296630859375
356.0	2631.187744140625
356.5	2630.130615234375
357.0	2629.034423828125
357.5	2627.068115234375
358.0	2623.985107421875
358.5	2619.65087890625
359.0	2615.556640625
359.5	2610.54736328125
360.0	2605.505126953125
360.5	2599.4775390625
361.0	2592.98193359375
361.5	2586.54345703125
362.0	2578.499267578125
362.5	2570.484130859375
363.0	2561.9111328125
363.5	2553.04638671875
364.0	2542.33349609375
364.5	2532.169677734375
365.0	2519.520751953125
365.5	2507.140380859375
366.0	2496.030029296875
366.5	2482.058837890625
367.0	2469.2041015625
367.5	2453.316162109375
368.0	2438.330322265625
368.5	2424.184326171875
369.0	2407.9765625
369.5	2393.2236328125
370.0	2375.585693359375
370.5	2359.68603515625
371.0	2340.268310546875
371.5	2321.171142578125
372.0	2303.79345703125
372.5	2284.294677734375
373.0	2266.07080078125
373.5	2244.16796875
374.0	2223.92236328125
374.5	2204.855224609375
375.0	2183.706298828125
375.5	2164.335693359375
376.0	2140.4677734375
376.5	2119.096435546875
377.0	2098.83984375
377.5	2075.69580078125
378.0	2053.878173828125
378.5	2028.3739013671875
379.0	2003.881591796875
379.5	1981.72021484375
380.0	1957.998291015625
380.5	1936.2498779296875
381.0	1909.673583984375
381.5	1886.1944580078125
382.0	1865.072509765625
382.5	1840.8182373046875
383.0	1818.93896484375
383.5	1792.1617431640625
384.0	1767.7247314453125
384.5	1746.111083984375
385.0	1721.8109130859375
385.5	1699.15380859375
386.0	1673.58447265625
386.5	1649.36669921875
387.0	1627.431640625
387.5	1603.173828125
388.0	1580.985595703125
388.5	1555.2025146484375
389.0	1530.971435546875
389.5	1509.19482421875
390.0	1483.1590576171875
390.5	1464.5985107421875
391.0	1438.630859375
391.5	1415.2117919921875
392.0	1394.4478759765625
392.5	1369.5430908203125
393.0	1350.462646484375
393.5	1325.1683349609375
394.0	1302.8740234375
394.5	1282.183349609375
395.0	1258.18017578125
395.5	1236.5994873046875
396.0	1217.2354736328125
396.5	1194.231689453125
397.0	1177.519287109375
397.5	1154.6263427734375
398.0	1133.762939453125
398.5	1115.07275390625
399.0	1093.2283935546875
399.5	1072.9703369140625
400.0	1055.37255859375
400.5	1037.4547119140625
401.0	1018.1990966796875
401.5	996.9136962890625
402.0	978.1450805664062
402.5	961.1517944335938
403.0	941.263427734375
403.5	923.1970825195312
404.0	906.8363647460938
404.5	891.16259765625
405.0	873.4627075195312
405.5	854.8509521484375
406.0	839.0917358398438
406.5	822.5623779296875
407.0	804.812744140625
407.5	788.7741088867188
408.0	774.2861328125
408.5	757.6553955078125
409.0	745.2481079101562
409.5	728.724365234375
410.0	715.277587890625
410.5	700.490478515625
411.0	685.0390014648438
411.5	672.7284545898438
412.0	659.1353149414062
412.5	644.4390258789062
413.0	630.9285888671875
413.5	619.2660522460938
414.0	605.5114135742188
414.5	595.08203125
415.0	581.5093383789062
415.5	570.692626953125
416.0	558.7522583007812
416.5	545.9564208984375
417.0	535.4583129882812
417.5	523.9190063476562
418.0	512.1231689453125
418.5	502.380126953125
419.0	491.8343505859375
419.5	480.3470153808594
420.0	470.2715148925781
420.5	461.1128234863281
421.0	450.1186828613281
421.5	442.2137145996094
422.0	431.7218933105469
422.5	421.5945129394531
423.0	414.3033447265625
423.5	404.46563720703125
424.0	396.46331787109375
424.5	388.0235290527344
425.0	379.0424499511719
425.5	371.88079833984375
426.0	363.8523254394531
426.5	355.4390563964844
427.0	348.43963623046875
427.5	340.8616027832031
428.0	332.9305725097656
428.5	326.42315673828125
429.0	319.01580810546875
429.5	311.2269592285156
430.0	304.97381591796875
430.5	298.43963623046875
431.0	291.1270446777344
431.5	285.3131408691406
432.0	278.8677673339844
432.5	271.8353576660156
433.0	266.2004699707031
433.5	260.1659240722656
434.0	253.90635681152344
434.5	248.7499237060547
435.0	243.0115966796875
435.5	236.88449096679688
436.0	232.20486450195312
436.5	227.13497924804688
437.0	221.56796264648438
437.5	217.04945373535156
438.0	212.15980529785156
438.5	206.99508666992188
439.0	202.89881896972656
439.5	198.33924865722656
440.0	193.30828857421875
440.5	189.18466186523438
441.0	185.14942932128906
441.5	180.45419311523438
442.0	176.60317993164062
442.5	172.4650115966797
443.0	168.06163024902344
443.5	164.40818786621094
444.0	160.29425048828125
444.5	156.3870086669922
445.0	152.36892700195312
445.5	149.2342987060547
446.0	145.80906677246094
446.5	142.35594177246094
447.0	139.26727294921875
447.5	135.96548461914062
448.0	132.5062713623047
448.5	129.71128845214844
449.0	126.8260726928711
449.5	123.87024688720703
450.0	121.39769744873047
