      64    2.067    0.138
      65    1.706    0.130
      66    0.927    0.165
      67    0.902    0.248
      68    1.407    0.167
      69    0.658    0.158
      70    0.287    0.130
      71    1.844    0.138
      72    1.060    0.177
      73    1.141    0.253
      74    0.918    0.132
      75    1.615    0.180
      76    0.577    0.121
      77    2.619    0.162
      78    1.005    0.150
      79    1.807    0.161
      80    0.835    0.159
      81    1.584    0.184
      82    1.261    0.336
      83    1.531    0.681
      84    2.337    0.360
