60.755 55.463 -144.052
57.844 53.242 -141.1455
63.647 58.852 -143.1645
54.907 47.569 -120.5385
69.039 65.162 -163.431
61.175 56.267 -139.2275
74.727 59.886 -158.2065
73.502 66.621 -165.641
68.836 54.517 -144.1235
67.026 55.192 -139.941
71.659 63.044 -163.9845
54.14 50.764 -130.778
70.913 62.328 -171.1765
73.746 64.727 -169.1305
56.141 50.816 -134.728
67.556 64.893 -167.5335
63.203 57.786 -155.6475
66.626 62.621 -154.891
48.431 48.319 -128.449
43.928 37.963 -103.8835
40.608 33.018 -98.448
58.42 51.648 -141.4315
55.946 52.378 -138.617
64.155 59.131 -155.4635
73.606 78.014 -183.477
78.001 68.385 -172.3175
68.355 65.732 -165.027
86.892 78.694 -200.0975
82.843 76.903 -197.435
69.892 68.406 -178.3815
76.288 70.143 -187.7355
79.406 72.025 -207.984
78.381 76.139 -196.6495
84.272 76.955 -211.9075
72.594 70.278 -189.0905
81.272 78.789 -191.9945
80.85 76.034 -195.677
78.063 74.512 -189.412
78.304 77.909 -194.569
72.25 74.241 -180.7495
84.935 72.945 -204.5395
74.688 70.617 -181.7255
74.23 68.167 -177.7135
69.149 67.769 -170.3245
72.689 66.519 -172.432
68.5 65.548 -165.076
61.052 59.412 -153.4945
53.491 51.218 -134.129
73.678 63.24 -165.074
70.224 65.378 -169.7855
74.485 76.831 -182.3285
86.528 93.639 -218.8145
80.912 80.467 -203.4425
84.86 78.841 -197.514
76.81 77.908 -194.1965
82.534 77.962 -187.097
86.659 83.16 -201.9425
66.482 67.03 -167.9785
63.188 62.93 -160.175
85.172 82.389 -199.599
85.175 75.505 -193.4375
84.252 82.386 -210.329
78.119 74.31 -190.212
76.81 75.856 -181.5565
66.355 52.301 -144.6095
70.765 63.514 -165.689
73.991 73.754 -165.5625
55.527 51.468 -138.049
52.413 43.88 -133.495
55.145 44.627 -124.1425
45.091 37.766 -108.121
47.871 38.462 -114.791
67.87 64.779 -152.7895
70.564 57.657 -155.6025
74.378 62.059 -160.0645
58.558 55.344 -135.9785
63.709 53.836 -144.2145
71.43 63.22 -150.0745
63.745 59.932 -155.9095
62.76 54.317 -149.006
66.882 65.189 -158.9185
63.867 60.415 -162.95
71.54 66.185 -162.5775
62.958 63.411 -161.324
68.176 58.091 -158.7285
68.923 56.446 -148.993
65.57 58.527 -149.499
82.76 75.689 -173.514
72.352 67.082 -179.3525
63.286 55.349 -155.595
77.215 67.512 -180.9865
73.146 65.65 -159.6835
67.945 62.15 -170.2075
66.664 65.395 -162.196
60.304 54.936 -144.5755
64.107 52.64 -140.419
73.808 68.745 -174.497
70.048 59.952 -161.7615
53.084 47.688 -141.8225
63.729 59.551 -156.5535
67.575 57.313 -157.2625
