 750000.000   24.993
 750500.000   25.530
 751000.000   25.548
 751500.000   24.994
 752000.000   26.446
 752500.000   24.916
 753000.000   25.105
 753500.000   25.339
 754000.000   25.624
 754500.000   24.728
 755000.000   26.494
 755500.000   25.405
 756000.000   25.378
 756500.000   26.221
 757000.000   25.408
 757500.000   25.638
 758000.000   25.263
 758500.000   25.907
 759000.000   26.006
 759500.000   26.003
 760000.000   26.291
 760500.000   25.973
 761000.000   25.023
 761500.000   24.484
 762000.000   25.108
 762500.000   25.597
 763000.000   25.553
 763500.000   25.529
 764000.000   24.828
 764500.000   25.356
 765000.000   25.402
 765500.000   25.913
 766000.000   25.450
 766500.000   24.970
 767000.000   26.760
 767500.000   25.589
 768000.000   25.188
 768500.000   25.486
 769000.000   25.366
 769500.000   26.585
 770000.000   25.475
 770500.000   24.115
 771000.000   24.800
 771500.000   25.449
 772000.000   25.618
 772500.000   25.581
 773000.000   25.886
 773500.000   24.836
 774000.000   25.395
 774500.000   26.152
 775000.000   26.421
 775500.000   26.149
 776000.000   24.940
 776500.000   24.821
 777000.000   25.994
 777500.000   25.703
 778000.000   24.495
 778500.000   25.405
 779000.000   25.453
 779500.000   24.937
 780000.000   25.907
 780500.000   25.125
 781000.000   24.968
 781500.000   25.558
 782000.000   26.307
 782500.000   26.763
 783000.000   25.858
 783500.000   25.419
 784000.000   26.219
 784500.000   26.338
 785000.000   26.995
 785500.000   26.174
 786000.000   27.414
 786500.000   25.490
 787000.000   25.311
 787500.000   26.126
 788000.000   26.106
 788500.000   25.637
 789000.000   24.667
 789500.000   26.326
 790000.000   25.872
 790500.000   25.818
 791000.000   25.838
 791500.000   25.583
 792000.000   24.973
 792500.000   25.627
 793000.000   26.343
 793500.000   25.989
 794000.000   25.914
 794500.000   26.288
 795000.000   25.258
 795500.000   27.302
 796000.000   26.261
 796500.000   26.418
 797000.000   25.572
 797500.000   25.193
 798000.000   25.510
 798500.000   25.306
 799000.000   25.714
 799500.000   26.193
 800000.000   25.392
 800500.000   25.350
 801000.000   25.247
 801500.000   26.271
 802000.000   25.682
 802500.000   26.070
 803000.000   25.457
 803500.000   25.391
 804000.000   24.429
 804500.000   24.983
 805000.000   24.689
 805500.000   24.503
 806000.000   24.242
 806500.000   24.602
 807000.000   24.467
 807500.000   24.530
 808000.000   24.872
 808500.000   24.300
 809000.000   23.942
 809500.000   24.183
 810000.000   25.115
 810500.000   25.193
 811000.000   24.782
 811500.000   24.444
 812000.000   24.710
 812500.000   24.705
 813000.000   24.809
 813500.000   24.315
 814000.000   24.113
 814500.000   24.646
 815000.000   25.058
 815500.000   24.185
 816000.000   23.913
 816500.000   23.633
 817000.000   24.815
 817500.000   24.483
 818000.000   24.666
 818500.000   25.296
 819000.000   25.005
 819500.000   23.976
 820000.000   24.477
 820500.000   24.371
 821000.000   24.321
 821500.000   24.944
 822000.000   24.075
 822500.000   25.052
 823000.000   25.638
 823500.000   24.939
 824000.000   24.268
 824500.000   24.441
 825000.000   24.250
 825500.000   24.228
 826000.000   24.758
 826500.000   24.765
 827000.000   25.074
 827500.000   25.372
 828000.000   25.039
 828500.000   24.640
 829000.000   25.011
 829500.000   25.131
 830000.000   24.631
 830500.000   25.900
 831000.000   24.925
 831500.000   25.329
 832000.000   24.607
 832500.000   24.263
 833000.000   24.072
 833500.000   24.072
 834000.000   24.702
 834500.000   23.703
 835000.000   23.804
 835500.000   23.618
 836000.000   24.782
 836500.000   25.002
 837000.000   24.775
 837500.000   25.023
 838000.000   25.308
 838500.000   25.253
 839000.000   25.559
 839500.000   24.856
 840000.000   24.319
 840500.000   24.507
 841000.000   25.644
 841500.000   24.870
 842000.000   24.687
 842500.000   24.428
 843000.000   25.553
 843500.000   23.758
 844000.000   24.325
 844500.000   24.871
 845000.000   24.715
 845500.000   24.546
 846000.000   24.572
 846500.000   24.409
 847000.000   24.133
 847500.000   24.245
 848000.000   24.355
 848500.000   24.456
 849000.000   23.775
 849500.000   24.498
 850000.000   24.872
 850500.000   24.631
 851000.000   24.376
 851500.000   24.429
 852000.000   23.404
 852500.000   25.626
 853000.000   23.949
 853500.000   25.374
 854000.000   24.951
 854500.000   24.743
 855000.000   24.734
 855500.000   24.990
 856000.000   25.074
 856500.000   24.139
 857000.000   25.413
 857500.000   25.980
 858000.000   25.459
 858500.000   25.908
 859000.000   24.757
 859500.000   25.950
 860000.000   25.920
 860500.000   25.843
 861000.000   25.029
 861500.000   26.139
 862000.000   24.851
 862500.000   25.669
 863000.000   25.343
 863500.000   25.835
 864000.000   25.418
 864500.000   26.340
 865000.000   24.818
 865500.000   24.797
 866000.000   24.545
 866500.000   25.851
 867000.000   25.778
 867500.000   24.820
 868000.000   25.297
 868500.000   24.529
 869000.000   25.185
 869500.000   25.153
 870000.000   24.776
 870500.000   24.086
 871000.000   24.017
 871500.000   23.874
 872000.000   24.944
 872500.000   25.295
 873000.000   25.596
 873500.000   24.634
 874000.000   24.795
 874500.000   24.402
 875000.000   25.035
 875500.000   24.002
 876000.000   26.091
 876500.000   25.393
 877000.000   24.792
 877500.000   24.660
 878000.000   24.126
 878500.000   23.514
 879000.000   24.151
 879500.000   24.339
 880000.000   24.452
 880500.000   23.547
 881000.000   23.922
 881500.000   24.421
 882000.000   23.546
 882500.000   23.644
 883000.000   22.903
 883500.000   24.166
 884000.000   24.325
 884500.000   23.742
 885000.000   24.019
 885500.000   24.167
 886000.000   23.990
 886500.000   24.522
 887000.000   23.667
 887500.000   23.823
 888000.000   24.116
 888500.000   24.537
 889000.000   25.057
 889500.000   24.597
 890000.000   24.767
 890500.000   23.857
 891000.000   24.170
 891500.000   24.802
 892000.000   24.054
 892500.000   24.456
 893000.000   23.598
 893500.000   23.511
 894000.000   24.607
 894500.000   23.906
 895000.000   23.896
 895500.000   24.130
 896000.000   23.794
 896500.000   24.390
 897000.000   24.338
 897500.000   23.119
 898000.000   24.159
 898500.000   24.263
 899000.000   24.759
 899500.000   23.630
 900000.000   24.762
 900500.000   23.915
 901000.000   24.123
 901500.000   23.784
 902000.000   23.823
 902500.000   24.749
 903000.000   24.449
 903500.000   24.608
 904000.000   26.256
 904500.000   24.296
 905000.000   23.871
 905500.000   25.118
 906000.000   25.286
 906500.000   23.857
 907000.000   24.509
 907500.000   24.903
 908000.000   25.003
 908500.000   24.750
 909000.000   25.296
 909500.000   25.760
 910000.000   25.255
 910500.000   25.564
 911000.000   24.688
 911500.000   25.195
 912000.000   24.066
 912500.000   24.610
 913000.000   24.834
 913500.000   24.663
 914000.000   23.576
 914500.000   24.484
 915000.000   24.546
 915500.000   23.901
 916000.000   23.848
 916500.000   24.566
 917000.000   24.670
 917500.000   23.921
 918000.000   24.841
 918500.000   24.944
 919000.000   24.900
 919500.000   24.658
 920000.000   24.066
 920500.000   25.610
 921000.000   25.225
 921500.000   24.804
 922000.000   24.646
 922500.000   24.086
 923000.000   25.688
 923500.000   25.600
 924000.000   25.063
 924500.000   24.972
 925000.000   24.662
 925500.000   24.666
 926000.000   23.545
 926500.000   23.862
 927000.000   24.824
 927500.000   24.171
 928000.000   25.223
 928500.000   24.384
 929000.000   25.374
 929500.000   25.123
 930000.000   23.759
 930500.000   24.350
 931000.000   24.064
 931500.000   24.510
 932000.000   26.225
 932500.000   23.569
 933000.000   25.331
 933500.000   24.158
 934000.000   25.509
 934500.000   25.187
 935000.000   25.882
 935500.000   24.871
 936000.000   25.457
 936500.000   25.221
 937000.000   24.389
 937500.000   24.415
 938000.000   25.558
 938500.000   25.536
 939000.000   25.442
 939500.000   23.808
 940000.000   25.283
 940500.000   24.785
 941000.000   24.247
 941500.000   23.843
 942000.000   24.575
 942500.000   24.377
 943000.000   24.733
 943500.000   25.856
 944000.000   25.037
 944500.000   24.342
 945000.000   24.389
 945500.000   25.017
 946000.000   25.538
 946500.000   25.511
 947000.000   26.155
 947500.000   25.323
 948000.000   25.233
 948500.000   24.623
 949000.000   25.174
 949500.000   25.608
 950000.000   25.615
 950500.000   25.693
 951000.000   26.018
 951500.000   25.731
 952000.000   26.148
 952500.000   25.485
 953000.000   26.304
 953500.000   25.684
 954000.000   24.656
 954500.000   25.017
 955000.000   25.049
 955500.000   25.486
 956000.000   25.765
 956500.000   25.702
 957000.000   25.898
 957500.000   25.136
 958000.000   25.153
 958500.000   25.081
 959000.000   26.163
 959500.000   24.955
 960000.000   24.657
 960500.000   24.844
 961000.000   25.260
 961500.000   24.729
 962000.000   24.896
 962500.000   25.484
 963000.000   24.244
 963500.000   25.297
 964000.000   25.067
 964500.000   25.365
 965000.000   25.818
 965500.000   25.173
 966000.000   25.137
 966500.000   25.673
 967000.000   25.027
 967500.000   24.583
 968000.000   25.428
 968500.000   24.518
 969000.000   26.210
 969500.000   25.548
 970000.000   25.581
 970500.000   26.574
 971000.000   25.225
 971500.000   24.472
 972000.000   26.389
 972500.000   26.113
 973000.000   26.129
 973500.000   26.832
 974000.000   26.030
 974500.000   26.105
 975000.000   25.490
 975500.000   25.382
 976000.000   25.501
 976500.000   25.465
 977000.000   25.031
 977500.000   24.086
 978000.000   24.864
 978500.000   25.467
 979000.000   25.679
 979500.000   25.085
 980000.000   24.695
 980500.000   25.042
 981000.000   25.243
 981500.000   25.183
 982000.000   25.665
 982500.000   25.368
 983000.000   24.612
 983500.000   24.473
 984000.000   25.272
 984500.000   24.427
 985000.000   24.933
 985500.000   24.733
 986000.000   24.220
 986500.000   24.744
 987000.000   24.211
 987500.000   23.901
 988000.000   25.127
 988500.000   25.300
 989000.000   24.260
 989500.000   25.180
 990000.000   24.906
 990500.000   24.974
 991000.000   24.995
 991500.000   25.200
 992000.000   24.648
 992500.000   24.483
 993000.000   23.843
 993500.000   24.721
 994000.000   26.254
 994500.000   25.141
 995000.000   25.281
 995500.000   25.525
 996000.000   24.832
 996500.000   25.929
 997000.000   24.812
 997500.000   24.339
 998000.000   24.240
 998500.000   24.072
 999000.000   25.177
 999500.000   25.481
1000000.000   25.806
