BFII_nolipid
""
WAVELENGTH	FLUORESCENCE
300.0	72.16841125488281
300.5	77.43924713134766
301.0	83.49339294433594
301.5	88.87995147705078
302.0	94.80968475341797
302.5	103.4995346069336
303.0	112.6373062133789
303.5	122.8970718383789
304.0	132.64453125
304.5	143.70425415039062
305.0	156.31971740722656
305.5	166.1317901611328
306.0	179.92218017578125
306.5	190.6676788330078
307.0	205.4842529296875
307.5	217.07357788085938
308.0	233.1799774169922
308.5	248.87574768066406
309.0	263.54327392578125
309.5	280.424072265625
310.0	296.0557861328125
310.5	312.39617919921875
311.0	330.79974365234375
311.5	348.3820495605469
312.0	368.0272521972656
312.5	386.48248291015625
313.0	407.6722717285156
313.5	426.9117126464844
314.0	448.30499267578125
314.5	472.795654296875
315.0	491.63958740234375
315.5	517.1300048828125
316.0	537.0899658203125
316.5	563.7737426757812
317.0	588.4100341796875
317.5	611.031005859375
318.0	633.93408203125
318.5	659.233642578125
319.0	682.8453979492188
319.5	709.2520751953125
320.0	733.6765747070312
320.5	761.0399780273438
321.0	790.7874145507812
321.5	813.3284301757812
322.0	843.790771484375
322.5	866.885986328125
323.0	897.7230834960938
323.5	926.8026123046875
324.0	953.2994384765625
324.5	979.967041015625
325.0	1009.8264770507812
325.5	1036.8524169921875
326.0	1066.6314697265625
326.5	1093.3939208984375
327.0	1122.895263671875
327.5	1154.9222412109375
328.0	1179.3955078125
328.5	1211.52392578125
329.0	1235.951171875
329.5	1267.6103515625
330.0	1294.509521484375
330.5	1323.5562744140625
331.0	1349.6773681640625
331.5	1378.021484375
332.0	1403.6243896484375
332.5	1431.4300537109375
333.0	1461.611572265625
333.5	1483.0771484375
334.0	1511.2249755859375
334.5	1533.991943359375
335.0	1559.29248046875
335.5	1581.283203125
336.0	1605.7244873046875
336.5	1627.5089111328125
337.0	1650.349853515625
337.5	1675.619140625
338.0	1693.780517578125
338.5	1717.1888427734375
339.0	1736.044189453125
339.5	1756.50341796875
340.0	1774.45654296875
340.5	1793.6741943359375
341.0	1810.7366943359375
341.5	1828.785888671875
342.0	1847.1990966796875
342.5	1860.7711181640625
343.0	1877.6583251953125
343.5	1890.935302734375
344.0	1905.650390625
344.5	1918.5723876953125
345.0	1932.1182861328125
345.5	1943.696044921875
346.0	1955.9468994140625
346.5	1968.08837890625
347.0	1977.3780517578125
347.5	1987.167236328125
348.0	1994.9798583984375
348.5	2003.2294921875
349.0	2009.8741455078125
349.5	2017.0423583984375
350.0	2023.713623046875
350.5	2028.4454345703125
351.0	2033.2252197265625
351.5	2037.6025390625
352.0	2041.4033203125
352.5	2045.3111572265625
353.0	2048.742919921875
353.5	2051.304931640625
354.0	2053.316162109375
354.5	2054.185791015625
355.0	2055.44775390625
355.5	2054.939208984375
356.0	2054.27587890625
356.5	2053.016357421875
357.0	2052.062744140625
357.5	2050.084716796875
358.0	2046.9444580078125
358.5	2043.5693359375
359.0	2040.4871826171875
359.5	2036.3182373046875
360.0	2032.501708984375
360.5	2027.4000244140625
361.0	2022.60791015625
361.5	2016.57080078125
362.0	2009.653076171875
362.5	2003.40380859375
363.0	1996.044189453125
363.5	1989.37255859375
364.0	1980.558349609375
364.5	1972.47802734375
365.0	1963.18701171875
365.5	1952.8541259765625
366.0	1943.3739013671875
366.5	1932.5655517578125
367.0	1922.5452880859375
367.5	1910.22216796875
368.0	1898.6435546875
368.5	1887.3702392578125
369.0	1874.67041015625
369.5	1862.8385009765625
370.0	1849.6463623046875
370.5	1836.643798828125
371.0	1820.3619384765625
371.5	1805.8858642578125
372.0	1792.292236328125
372.5	1776.9307861328125
373.0	1762.078125
373.5	1745.02001953125
374.0	1728.78857421875
374.5	1713.373291015625
375.0	1696.1138916015625
375.5	1680.7210693359375
376.0	1662.173583984375
376.5	1644.7757568359375
377.0	1628.8779296875
377.5	1610.3499755859375
378.0	1594.1500244140625
378.5	1574.1881103515625
379.0	1555.98779296875
379.5	1539.33251953125
380.0	1520.4462890625
380.5	1503.355712890625
381.0	1483.080078125
381.5	1463.53173828125
382.0	1446.60986328125
382.5	1427.517333984375
383.0	1410.1549072265625
383.5	1389.7115478515625
384.0	1370.5535888671875
384.5	1352.932861328125
385.0	1333.851318359375
385.5	1316.2783203125
386.0	1295.92138671875
386.5	1276.557861328125
387.0	1259.3043212890625
387.5	1240.19287109375
388.0	1223.5887451171875
388.5	1203.1175537109375
389.0	1184.14306640625
389.5	1167.1265869140625
390.0	1147.126220703125
390.5	1132.9251708984375
391.0	1113.4246826171875
391.5	1095.5015869140625
392.0	1079.205810546875
392.5	1059.7017822265625
393.0	1045.3563232421875
393.5	1026.6695556640625
394.0	1009.4628295898438
394.5	994.1365356445312
395.0	975.8261108398438
395.5	958.8123168945312
396.0	944.0079956054688
396.5	925.7920532226562
397.0	912.1664428710938
397.5	894.8609008789062
398.0	879.01416015625
398.5	864.3152465820312
399.0	847.6026611328125
399.5	831.9656982421875
400.0	817.9462280273438
400.5	804.216796875
401.0	789.283447265625
401.5	773.3521118164062
402.0	758.8480224609375
402.5	746.0936279296875
403.0	730.8322143554688
403.5	717.3265991210938
404.0	705.0082397460938
404.5	693.031494140625
405.0	679.8025512695312
405.5	665.2733154296875
406.0	653.3682250976562
406.5	640.8268432617188
407.0	627.3251342773438
407.5	615.0288696289062
408.0	603.67578125
408.5	590.458251953125
409.0	580.6233520507812
409.5	567.6886596679688
410.0	557.2042846679688
410.5	545.8434448242188
411.0	533.7720947265625
411.5	523.9255981445312
412.0	513.2572631835938
412.5	501.57879638671875
413.0	491.1890563964844
413.5	481.8480224609375
414.0	470.8012390136719
414.5	462.9890441894531
415.0	452.3785095214844
415.5	443.6483459472656
416.0	434.1645202636719
416.5	424.0904235839844
417.0	415.8904724121094
417.5	407.05120849609375
418.0	397.9841003417969
418.5	390.306396484375
419.0	382.0319519042969
419.5	373.2179260253906
420.0	365.1778259277344
420.5	358.0691223144531
421.0	349.369140625
421.5	343.2565612792969
422.0	334.96484375
422.5	326.9513244628906
423.0	321.105712890625
423.5	313.6158447265625
424.0	307.4732666015625
424.5	301.00091552734375
425.0	293.6425476074219
425.5	287.74652099609375
426.0	281.2757873535156
426.5	274.6878662109375
427.0	269.42999267578125
427.5	263.3781433105469
428.0	257.1808166503906
428.5	252.07791137695312
429.0	246.52444458007812
429.5	240.5629425048828
430.0	235.9357452392578
430.5	230.70928955078125
431.0	225.10720825195312
431.5	220.5970001220703
432.0	215.68087768554688
432.5	210.67984008789062
433.0	206.4545440673828
433.5	201.9488983154297
434.0	197.22596740722656
434.5	193.30569458007812
435.0	189.2301483154297
435.5	184.4983673095703
436.0	180.78277587890625
436.5	176.91969299316406
437.0	172.6696014404297
437.5	169.14381408691406
438.0	165.40440368652344
438.5	161.48345947265625
439.0	157.94363403320312
439.5	154.48617553710938
440.0	150.80435180664062
440.5	147.72438049316406
441.0	144.46119689941406
441.5	140.8846435546875
442.0	137.9661102294922
442.5	134.95858764648438
443.0	131.7019805908203
443.5	129.0482940673828
444.0	125.81483459472656
444.5	122.7992935180664
445.0	119.84907531738281
445.5	117.34295654296875
446.0	114.59284973144531
446.5	111.65777587890625
447.0	109.11676788330078
447.5	106.44940185546875
448.0	103.84706115722656
448.5	101.68461608886719
449.0	99.35877227783203
449.5	96.8869400024414
450.0	94.64237213134766
