       1    2.420    0.247
       2    1.791    0.165
       3    1.120    0.088
       4    0.809    0.117
       5    1.088    0.191
       6    0.518    0.101
       7    0.466    0.064
       8    1.263    0.148
       9    0.829    0.147
      10    1.737    0.132
      11    0.730    0.086
      12    0.728    0.129
      13    0.214    0.063
      14    1.169    0.126
      15    0.831    0.109
      16    1.009    0.115
      17    1.343    0.246
      18    1.429    0.160
      19    1.212    0.127
      20    1.989    0.186
      21    2.095    0.188
