 750000.000    2.461
 750500.000    2.890
 751000.000    3.873
 751500.000    5.853
 752000.000    3.332
 752500.000    3.855
 753000.000    5.332
 753500.000    3.256
 754000.000    4.640
 754500.000    5.261
 755000.000    3.866
 755500.000    5.513
 756000.000    4.290
 756500.000    5.250
 757000.000    4.461
 757500.000    6.815
 758000.000    5.167
 758500.000    6.026
 759000.000    4.819
 759500.000    2.636
 760000.000    3.582
 760500.000    3.596
 761000.000    6.029
 761500.000    1.511
 762000.000    6.629
 762500.000    3.328
 763000.000    4.480
 763500.000    4.029
 764000.000    3.493
 764500.000    5.330
 765000.000    2.289
 765500.000    3.850
 766000.000    4.203
 766500.000    4.544
 767000.000    6.457
 767500.000    4.975
 768000.000    6.287
 768500.000    5.231
 769000.000    2.461
 769500.000    2.191
 770000.000    5.076
 770500.000    3.855
 771000.000    3.848
 771500.000    5.506
 772000.000    5.499
 772500.000    5.857
 773000.000    3.064
 773500.000    5.341
 774000.000    4.191
 774500.000    4.370
 775000.000    5.241
 775500.000    4.283
 776000.000    4.452
 776500.000    7.852
 777000.000    4.031
 777500.000    3.598
 778000.000    2.375
 778500.000    5.763
 779000.000    4.995
 779500.000    4.113
 780000.000    6.986
 780500.000    4.209
 781000.000    4.723
 781500.000    2.895
 782000.000    4.894
 782500.000    4.812
 783000.000    4.123
 783500.000    4.102
 784000.000    5.419
 784500.000    5.236
 785000.000    6.121
 785500.000    2.711
 786000.000    4.191
 786500.000    4.033
 787000.000    3.935
 787500.000    4.995
 788000.000    5.586
 788500.000    5.071
 789000.000    2.541
 789500.000    5.261
 790000.000    3.419
 790500.000    4.288
 791000.000    6.987
 791500.000    4.031
 792000.000    5.777
 792500.000    3.421
 793000.000    5.245
 793500.000    4.001
 794000.000    7.500
 794500.000    6.977
 795000.000    5.845
 795500.000    5.753
 796000.000    4.890
 796500.000    4.977
 797000.000    5.678
 797500.000    5.250
 798000.000    4.558
 798500.000    6.640
 799000.000    8.389
 799500.000    2.283
 800000.000    4.116
 800500.000    3.172
 801000.000    3.682
 801500.000    3.955
 802000.000    6.122
 802500.000    5.589
 803000.000    4.548
 803500.000    2.376
 804000.000    5.344
 804500.000   -0.323
 805000.000    6.554
 805500.000    2.819
 806000.000    1.857
 806500.000    1.325
 807000.000    1.852
 807500.000    2.361
 808000.000    1.937
 808500.000    2.988
 809000.000    3.939
 809500.000    2.979
 810000.000    3.758
 810500.000    3.760
 811000.000    5.946
 811500.000    3.595
 812000.000    5.937
 812500.000    4.024
 813000.000    0.459
 813500.000    4.372
 814000.000    4.015
 814500.000    5.602
 815000.000    1.501
 815500.000    2.187
 816000.000    2.615
 816500.000    4.368
 817000.000    6.712
 817500.000    4.627
 818000.000    4.989
 818500.000    3.843
 819000.000    3.502
 819500.000    5.511
 820000.000    4.189
 820500.000    2.264
 821000.000    7.513
 821500.000    3.758
 822000.000    4.017
 822500.000    4.017
 823000.000    4.716
 823500.000    5.935
 824000.000    6.819
 824500.000    4.191
 825000.000    2.374
 825500.000    3.868
 826000.000    5.153
 826500.000    1.932
 827000.000    3.504
 827500.000    6.633
 828000.000    4.122
 828500.000    3.667
 829000.000    2.453
 829500.000    4.542
 830000.000    3.939
 830500.000    3.580
 831000.000    5.076
 831500.000    3.499
 832000.000    4.033
 832500.000    4.986
 833000.000    4.897
 833500.000    4.560
 834000.000    1.838
 834500.000    6.365
 835000.000    4.017
 835500.000    3.820
 836000.000    4.102
 836500.000    2.878
 837000.000    4.535
 837500.000    4.964
 838000.000    3.923
 838500.000    4.794
 839000.000    5.066
 839500.000    5.587
 840000.000    6.363
 840500.000    3.832
 841000.000    3.066
 841500.000    2.984
 842000.000    4.624
 842500.000    5.234
 843000.000    8.210
 843500.000    5.660
 844000.000    5.933
 844500.000    5.413
 845000.000    3.834
 845500.000    4.631
 846000.000    4.966
 846500.000    4.184
 847000.000    3.580
 847500.000    5.751
 848000.000    2.878
 848500.000    3.852
 849000.000    6.803
 849500.000    5.492
 850000.000    3.687
 850500.000    5.053
 851000.000    4.274
 851500.000    4.885
 852000.000    3.568
 852500.000    4.627
 853000.000    4.368
 853500.000    5.847
 854000.000    4.706
 854500.000    4.382
 855000.000    3.751
 855500.000    5.424
 856000.000    4.274
 856500.000    6.267
 857000.000    3.758
 857500.000    5.861
 858000.000    4.812
 858500.000    4.035
 859000.000    3.946
 859500.000    4.207
 860000.000    2.019
 860500.000    4.729
 861000.000    6.892
 861500.000    3.417
 862000.000    3.854
 862500.000    2.714
 863000.000    5.415
 863500.000    4.805
 864000.000    5.342
 864500.000    1.673
 865000.000    1.059
 865500.000    3.760
 866000.000    6.906
 866500.000    3.325
 867000.000    2.972
 867500.000    3.502
 868000.000    2.970
 868500.000    3.767
 869000.000    3.513
 869500.000    3.921
 870000.000    3.680
 870500.000    4.115
 871000.000    6.556
 871500.000    3.761
 872000.000    4.979
 872500.000    6.989
 873000.000    7.699
 873500.000    3.412
 874000.000    4.812
 874500.000    3.506
 875000.000    4.817
 875500.000    2.021
 876000.000    6.047
 876500.000    4.553
 877000.000    2.643
 877500.000    2.372
 878000.000    4.118
 878500.000    1.950
 879000.000    3.603
 879500.000    4.727
 880000.000    8.105
 880500.000    3.250
 881000.000    2.541
 881500.000    6.991
 882000.000    5.076
 882500.000    4.716
 883000.000    3.330
 883500.000    7.956
 884000.000    8.015
 884500.000    6.464
 885000.000    0.722
 885500.000    6.290
 886000.000    4.381
 886500.000    5.674
 887000.000    1.242
 887500.000    2.202
 888000.000    3.953
 888500.000    2.651
 889000.000    3.683
 889500.000    1.857
 890000.000    3.165
 890500.000    3.501
 891000.000    3.430
 891500.000    3.257
 892000.000    1.147
 892500.000    2.643
 893000.000    1.845
 893500.000    4.885
 894000.000    3.323
 894500.000    3.410
 895000.000    3.854
 895500.000    2.106
 896000.000    2.281
 896500.000    2.540
 897000.000    3.335
 897500.000    3.660
 898000.000    3.495
 898500.000    2.454
 899000.000    1.401
 899500.000    1.836
 900000.000    4.102
 900500.000    2.885
 901000.000    4.540
 901500.000    2.544
 902000.000    2.887
 902500.000   -0.771
 903000.000    3.403
 903500.000    3.064
 904000.000    5.339
 904500.000    7.515
 905000.000    3.596
 905500.000    3.234
 906000.000    4.640
 906500.000    3.593
 907000.000    3.676
 907500.000    3.767
 908000.000    4.537
 908500.000    5.069
 909000.000    4.789
 909500.000    3.334
 910000.000    3.341
 910500.000    2.723
 911000.000    5.948
 911500.000    3.486
 912000.000    0.186
 912500.000    3.067
 913000.000    5.665
 913500.000    2.280
 914000.000    3.488
 914500.000    2.560
 915000.000    7.067
 915500.000    3.417
 916000.000    6.638
 916500.000    4.629
 917000.000    6.633
 917500.000    3.151
 918000.000    3.229
 918500.000    3.059
 919000.000    5.060
 919500.000    5.412
 920000.000    3.864
 920500.000    5.142
 921000.000    2.283
 921500.000    3.485
 922000.000    4.713
 922500.000    3.843
 923000.000    3.334
 923500.000    5.864
 924000.000    3.852
 924500.000    5.060
 925000.000    1.511
 925500.000    5.323
 926000.000    0.716
 926500.000    1.504
 927000.000    4.712
 927500.000    4.634
 928000.000    4.099
 928500.000    4.638
 929000.000    5.415
 929500.000    3.499
 930000.000    5.768
 930500.000    5.415
 931000.000    3.506
 931500.000    5.163
 932000.000    5.683
 932500.000    4.022
 933000.000    4.297
 933500.000    6.208
 934000.000    4.281
 934500.000    5.064
 935000.000    4.462
 935500.000    2.638
 936000.000    3.426
 936500.000    5.332
 937000.000    3.146
 937500.000    4.815
 938000.000    7.330
 938500.000    7.156
 939000.000    6.448
 939500.000    4.627
 940000.000    4.280
 940500.000    3.854
 941000.000    4.711
 941500.000    5.664
 942000.000    4.113
 942500.000    4.349
 943000.000    3.671
 943500.000    2.700
 944000.000    3.046
 944500.000    2.714
 945000.000    1.836
 945500.000    2.526
 946000.000    3.928
 946500.000    2.256
 947000.000    3.133
 947500.000    3.484
 948000.000    0.530
 948500.000    4.280
 949000.000    0.965
 949500.000    1.836
 950000.000    2.264
 950500.000    1.749
 951000.000    4.086
 951500.000    4.693
 952000.000    1.135
 952500.000    4.191
 953000.000    5.491
 953500.000    5.248
 954000.000    4.194
 954500.000    6.290
 955000.000    3.405
 955500.000    1.231
 956000.000    2.008
 956500.000    1.834
 957000.000    0.445
 957500.000    2.356
 958000.000    4.114
 958500.000    3.930
 959000.000    1.932
 959500.000    2.894
 960000.000    4.553
 960500.000    4.091
 961000.000    3.843
 961500.000    0.014
 962000.000    3.756
 962500.000    2.714
 963000.000    2.274
 963500.000    1.579
 964000.000    6.107
 964500.000    5.067
 965000.000    3.399
 965500.000    3.398
 966000.000    1.307
 966500.000    4.196
 967000.000    2.374
 967500.000    3.504
 968000.000    1.573
 968500.000    2.196
 969000.000    3.165
 969500.000    2.876
 970000.000    1.749
 970500.000    4.015
 971000.000    2.446
 971500.000    2.794
 972000.000    2.441
 972500.000    4.191
 973000.000    2.885
 973500.000    1.664
 974000.000    0.622
 974500.000    2.001
 975000.000    1.731
 975500.000    3.316
 976000.000    2.019
 976500.000    4.358
 977000.000    1.309
 977500.000    0.881
 978000.000    3.224
 978500.000    4.547
 979000.000    3.398
 979500.000    4.886
 980000.000    5.839
 980500.000    2.979
 981000.000    3.069
 981500.000    3.580
 982000.000    3.763
 982500.000    5.243
 983000.000    1.671
 983500.000    1.314
 984000.000    2.338
 984500.000    2.003
 985000.000    2.189
 985500.000    3.944
 986000.000    2.363
 986500.000    1.926
 987000.000    4.006
 987500.000    3.933
 988000.000    3.052
 988500.000    6.365
 989000.000    3.217
 989500.000    1.573
 990000.000    3.658
 990500.000    2.975
 991000.000    2.785
 991500.000    0.072
 992000.000    2.782
 992500.000    3.504
 993000.000    2.885
 993500.000    3.919
 994000.000    3.137
 994500.000    2.532
 995000.000    4.184
 995500.000    5.064
 996000.000    3.664
 996500.000    1.914
 997000.000    4.180
 997500.000    4.102
 998000.000    2.780
 998500.000    2.881
 999000.000    1.671
 999500.000    3.579
1000000.000    1.241
