 750000.000 1.042499 0.692684 0.827797 1.004266
 750500.000 1.016549 0.685810 0.799432 0.978426
 751000.000 1.008737 0.703014 0.777465 0.967687
 751500.000 0.978827 0.692972 0.745134 0.938495
 752000.000 0.975565 0.663724 0.765255 0.936648
 752500.000 1.001262 0.709456 0.757032 0.963653
 753000.000 0.991550 0.684036 0.763663 0.956691
 753500.000 0.990665 0.647634 0.808416 0.943329
 754000.000 1.008920 0.641329 0.832388 0.965228
 754500.000 0.993742 0.653916 0.803819 0.949377
 755000.000 0.981647 0.653797 0.782875 0.941763
 755500.000 1.004573 0.663255 0.802618 0.966556
 756000.000 0.996742 0.672931 0.794447 0.950266
 756500.000 1.004800 0.685959 0.792664 0.959369
 757000.000 1.010929 0.643362 0.836789 0.964273
 757500.000 1.016942 0.630909 0.845730 0.977260
 758000.000 0.999037 0.628322 0.826210 0.958510
 758500.000 1.020290 0.658881 0.826956 0.981837
 759000.000 1.003671 0.595137 0.853846 0.965128
 759500.000 0.992432 0.603990 0.832203 0.955236
 760000.000 0.993647 0.634697 0.811249 0.955878
 760500.000 0.964638 0.588890 0.820153 0.917393
 761000.000 0.977674 0.590650 0.827536 0.937021
 761500.000 0.994584 0.648695 0.801869 0.956344
 762000.000 1.008566 0.673322 0.799997 0.970078
 762500.000 0.991909 0.687851 0.772742 0.947363
 763000.000 1.002076 0.688860 0.776037 0.965168
 763500.000 1.007827 0.693853 0.781820 0.968893
 764000.000 0.994259 0.665681 0.795623 0.949186
 764500.000 1.010597 0.709145 0.769462 0.973476
 765000.000 1.001407 0.711469 0.755935 0.963330
 765500.000 0.993451 0.694470 0.759816 0.956180
 766000.000 1.017352 0.736339 0.751052 0.981700
 766500.000 1.025608 0.733124 0.766683 0.989175
 767000.000 1.010581 0.734821 0.747927 0.971180
 767500.000 1.035645 0.731758 0.781049 0.999807
 768000.000 1.020040 0.691950 0.797667 0.982801
 768500.000 0.982749 0.698626 0.760743 0.929938
 769000.000 1.045856 0.681157 0.857447 0.994203
 769500.000 1.040295 0.735133 0.818525 0.976741
 770000.000 1.020709 0.719215 0.809470 0.954558
 770500.000 1.026073 0.693961 0.825726 0.970693
 771000.000 0.990635 0.668377 0.803849 0.932638
 771500.000 0.981019 0.671865 0.776284 0.933154
 772000.000 0.983731 0.637172 0.800314 0.942847
 772500.000 1.009552 0.654410 0.827616 0.961867
 773000.000 0.997936 0.706083 0.798108 0.925324
 773500.000 1.015022 0.707317 0.794512 0.963843
 774000.000 0.996975 0.697986 0.776927 0.947163
 774500.000 1.005628 0.660969 0.813974 0.960802
 775000.000 1.002975 0.696444 0.776142 0.961503
 775500.000 1.040437 0.705015 0.817256 1.000032
 776000.000 1.054613 0.713206 0.826726 1.016011
 776500.000 1.024400 0.714464 0.788886 0.982848
 777000.000 1.012626 0.690813 0.789433 0.974883
 777500.000 0.993718 0.670844 0.783736 0.954295
 778000.000 0.995871 0.699907 0.767429 0.951157
 778500.000 0.989417 0.683735 0.772295 0.945494
 779000.000 1.028606 0.708531 0.794007 0.991764
 779500.000 0.992303 0.676230 0.775801 0.954030
 780000.000 1.000761 0.690400 0.777258 0.960346
 780500.000 0.996600 0.671461 0.785410 0.958484
 781000.000 0.993365 0.652048 0.798323 0.954497
 781500.000 1.004737 0.679823 0.808268 0.950547
 782000.000 1.003509 0.678814 0.793283 0.961236
 782500.000 0.992598 0.674619 0.776460 0.955249
 783000.000 0.994014 0.670837 0.785603 0.953379
 783500.000 0.988568 0.676825 0.779498 0.942775
 784000.000 1.001314 0.696438 0.790054 0.946598
 784500.000 1.021573 0.703043 0.798955 0.977049
 785000.000 1.005876 0.685090 0.804403 0.952449
 785500.000 1.002253 0.716591 0.761464 0.956918
 786000.000 1.020393 0.729420 0.773612 0.975640
 786500.000 0.996292 0.668240 0.795828 0.951476
 787000.000 0.985189 0.668984 0.779934 0.940935
 787500.000 0.994704 0.680289 0.778495 0.953951
 788000.000 0.984761 0.686813 0.762757 0.941274
 788500.000 1.002067 0.703199 0.775899 0.954865
 789000.000 1.018054 0.707714 0.783904 0.978521
 789500.000 0.975307 0.681961 0.752016 0.933729
 790000.000 0.973595 0.683986 0.751167 0.929348
 790500.000 0.978161 0.705991 0.731388 0.938215
 791000.000 0.999912 0.720618 0.753920 0.954967
 791500.000 0.985030 0.685223 0.762737 0.943012
 792000.000 0.985467 0.652949 0.787946 0.946091
 792500.000 0.977060 0.673233 0.765908 0.932435
 793000.000 0.984729 0.655685 0.783267 0.946548
 793500.000 1.011600 0.695007 0.784374 0.973853
 794000.000 0.985200 0.691548 0.755069 0.944920
 794500.000 0.982341 0.684104 0.759856 0.940537
 795000.000 0.987992 0.677414 0.773504 0.946075
 795500.000 0.996666 0.681053 0.779094 0.957008
 796000.000 1.008915 0.670906 0.800035 0.972445
 796500.000 0.998338 0.699027 0.772679 0.952726
 797000.000 0.983221 0.668709 0.770256 0.944977
 797500.000 0.979741 0.695829 0.740066 0.942289
 798000.000 0.991604 0.683835 0.767494 0.953876
 798500.000 0.978087 0.708527 0.733905 0.934175
 799000.000 0.981765 0.681957 0.763128 0.938242
 799500.000 0.965470 0.702413 0.721782 0.921907
 800000.000 0.989358 0.712446 0.743209 0.947481
 800500.000 0.979735 0.693234 0.747491 0.938321
 801000.000 0.991800 0.703285 0.758453 0.947351
 801500.000 1.001870 0.670461 0.803179 0.955444
 802000.000 0.980543 0.657798 0.782586 0.936906
 802500.000 0.991574 0.642484 0.809351 0.947947
 803000.000 1.012046 0.670292 0.808678 0.972225
 803500.000 0.985731 0.695952 0.753240 0.944251
 804000.000 0.995769 0.711422 0.750089 0.956220
 804500.000 0.975138 0.677654 0.751549 0.936882
 805000.000 0.985457 0.685213 0.762498 0.944104
 805500.000 0.985662 0.657162 0.792458 0.939790
 806000.000 1.012258 0.646710 0.823500 0.976189
 806500.000 1.006335 0.643561 0.823322 0.966121
 807000.000 1.011055 0.646633 0.821693 0.975269
 807500.000 0.989917 0.680790 0.766233 0.953564
 808000.000 1.022847 0.710423 0.783600 0.986764
 808500.000 0.992475 0.699150 0.768651 0.943599
 809000.000 1.010856 0.710095 0.781502 0.963680
 809500.000 1.004845 0.697080 0.782956 0.959419
 810000.000 0.999417 0.702365 0.773823 0.951603
 810500.000 1.004827 0.706977 0.771794 0.961183
 811000.000 1.012808 0.711476 0.772508 0.973957
 811500.000 1.013218 0.719383 0.769967 0.971009
 812000.000 1.003491 0.655151 0.804716 0.968089
 812500.000 0.998808 0.660750 0.793431 0.963904
 813000.000 0.997519 0.655794 0.813280 0.947945
 813500.000 0.985620 0.658192 0.794961 0.936862
 814000.000 1.001488 0.680721 0.791590 0.957059
 814500.000 0.996279 0.640021 0.824049 0.946816
 815000.000 1.000762 0.618704 0.839778 0.956570
 815500.000 0.988227 0.616655 0.828870 0.941221
 816000.000 1.013093 0.674624 0.810332 0.970031
 816500.000 1.000034 0.661373 0.804755 0.956604
 817000.000 1.012097 0.695990 0.796724 0.964111
 817500.000 0.974948 0.675960 0.766368 0.925638
 818000.000 0.986175 0.660046 0.791586 0.939581
 818500.000 1.004736 0.656120 0.810025 0.965585
 819000.000 1.005085 0.644175 0.820635 0.965396
 819500.000 1.026542 0.712574 0.814374 0.967785
 820000.000 1.006237 0.658861 0.819667 0.958683
 820500.000 0.991071 0.637329 0.821253 0.940105
 821000.000 0.998224 0.664545 0.798772 0.955639
 821500.000 1.019146 0.677231 0.821929 0.971137
 822000.000 1.024582 0.632653 0.851726 0.986839
 822500.000 0.998710 0.647873 0.821177 0.949091
 823000.000 0.995581 0.638444 0.827109 0.943740
 823500.000 0.990259 0.623199 0.821997 0.947190
 824000.000 1.017447 0.640579 0.837020 0.979517
 824500.000 1.014202 0.684769 0.801440 0.972623
 825000.000 1.005074 0.654920 0.818526 0.959917
 825500.000 0.989916 0.585338 0.848071 0.947641
 826000.000 1.012307 0.593417 0.865978 0.973380
 826500.000 0.994191 0.590381 0.851678 0.950223
 827000.000 1.021320 0.598126 0.884126 0.973013
 827500.000 1.013722 0.597894 0.868871 0.971006
 828000.000 1.026839 0.611392 0.881953 0.978343
 828500.000 1.054483 0.618417 0.898854 1.016608
 829000.000 1.026010 0.663921 0.841050 0.978385
 829500.000 1.018949 0.651083 0.830560 0.981210
 830000.000 1.000951 0.694227 0.795180 0.943157
 830500.000 1.000316 0.664321 0.815276 0.946186
 831000.000 1.006844 0.663336 0.815985 0.960011
 831500.000 1.014927 0.687383 0.802782 0.971185
 832000.000 1.005004 0.691380 0.784866 0.962312
 832500.000 0.994082 0.714881 0.745870 0.953425
 833000.000 1.015700 0.707597 0.781060 0.975984
 833500.000 1.021751 0.667179 0.819326 0.985661
 834000.000 0.973545 0.645466 0.785235 0.928633
 834500.000 1.043556 0.670696 0.852940 1.000339
 835000.000 1.010152 0.603449 0.870899 0.958227
 835500.000 1.043147 0.671430 0.858184 0.994492
 836000.000 1.021307 0.620931 0.872140 0.969511
 836500.000 0.991591 0.603002 0.847733 0.940342
 837000.000 1.021455 0.575975 0.893352 0.978221
 837500.000 1.053931 0.615176 0.905781 1.011267
 838000.000 1.062863 0.582433 0.931000 1.026336
 838500.000 1.033417 0.593420 0.891429 0.994541
 839000.000 1.037060 0.586133 0.897793 1.000702
 839500.000 1.015381 0.581548 0.883422 0.971270
 840000.000 1.041889 0.572425 0.922143 0.996518
 840500.000 0.997325 0.619613 0.842437 0.946412
 841000.000 1.019588 0.577947 0.897851 0.969000
 841500.000 1.022581 0.567093 0.903899 0.976073
 842000.000 1.034183 0.547859 0.937010 0.980272
 842500.000 1.014878 0.588353 0.873755 0.974858
 843000.000 1.024198 0.640826 0.854318 0.978492
 843500.000 1.039525 0.626952 0.878482 0.998210
 844000.000 1.028101 0.631989 0.874772 0.974345
 844500.000 1.022914 0.583887 0.904058 0.966676
 845000.000 1.009647 0.574886 0.887828 0.959188
 845500.000 1.020833 0.561481 0.903413 0.976106
 846000.000 1.039098 0.549289 0.936319 0.990475
 846500.000 1.026728 0.556691 0.910123 0.984944
 847000.000 1.003612 0.565757 0.875256 0.963492
 847500.000 1.013973 0.567040 0.895672 0.965671
 848000.000 1.007897 0.561564 0.885967 0.965102
 848500.000 1.010064 0.551036 0.895974 0.966462
 849000.000 1.023937 0.620507 0.874478 0.973217
 849500.000 1.018602 0.593161 0.884442 0.970064
 850000.000 1.044270 0.597107 0.914590 0.993975
 850500.000 1.039672 0.551153 0.929970 0.996606
 851000.000 1.047137 0.548801 0.940015 1.004083
 851500.000 1.042095 0.535448 0.938418 1.002293
 852000.000 1.049815 0.548892 0.935113 1.014151
 852500.000 1.046596 0.572032 0.922897 1.005867
 853000.000 1.031606 0.579711 0.901569 0.989712
 853500.000 1.030020 0.557364 0.909616 0.991881
 854000.000 1.018294 0.541513 0.911951 0.974143
 854500.000 1.015795 0.539795 0.902773 0.978418
 855000.000 1.008817 0.569728 0.874264 0.972880
 855500.000 1.036349 0.568970 0.902393 1.004986
 856000.000 1.004237 0.546350 0.880412 0.971268
 856500.000 1.025601 0.556223 0.901925 0.990384
 857000.000 0.996799 0.537468 0.884671 0.956922
 857500.000 0.991202 0.569962 0.859332 0.949555
 858000.000 0.991117 0.545459 0.874260 0.950141
 858500.000 0.993521 0.546135 0.875243 0.953862
 859000.000 1.019361 0.587949 0.873139 0.984955
 859500.000 1.015883 0.583603 0.881463 0.972866
 860000.000 1.006409 0.613840 0.848242 0.964055
 860500.000 0.999300 0.564059 0.870107 0.960182
 861000.000 1.017729 0.570226 0.888068 0.978633
 861500.000 1.013684 0.597142 0.866440 0.973557
 862000.000 1.016227 0.544921 0.901375 0.977763
 862500.000 1.000931 0.542729 0.881967 0.965041
 863000.000 0.999333 0.512625 0.898235 0.963184
 863500.000 0.999642 0.536007 0.894337 0.954686
 864000.000 1.010119 0.559922 0.895818 0.961601
 864500.000 0.993447 0.572939 0.866850 0.945615
 865000.000 1.005025 0.609951 0.850724 0.961447
 865500.000 0.972683 0.552582 0.859014 0.921398
 866000.000 0.989123 0.548091 0.874713 0.944035
 866500.000 1.001958 0.567709 0.874819 0.959290
 867000.000 0.985920 0.535408 0.872697 0.946474
 867500.000 0.999989 0.506727 0.907089 0.959361
 868000.000 1.025632 0.528649 0.925058 0.984193
 868500.000 0.996003 0.477266 0.918169 0.955629
 869000.000 0.989301 0.508867 0.889911 0.952128
 869500.000 1.000797 0.488750 0.916355 0.961564
 870000.000 0.996815 0.481456 0.912396 0.960736
 870500.000 0.971455 0.496890 0.880878 0.929840
 871000.000 0.983059 0.492893 0.897722 0.940193
 871500.000 0.972086 0.499816 0.885581 0.925113
 872000.000 0.987523 0.523607 0.886706 0.943395
 872500.000 0.982299 0.505420 0.890583 0.938741
 873000.000 0.978170 0.480473 0.904446 0.929923
 873500.000 0.995034 0.483149 0.915563 0.953152
 874000.000 0.983131 0.503751 0.896662 0.935588
 874500.000 1.018309 0.496192 0.938065 0.973516
 875000.000 0.972981 0.487340 0.897007 0.922638
 875500.000 0.997306 0.497469 0.914111 0.951928
 876000.000 0.982851 0.470924 0.908207 0.940949
 876500.000 0.999482 0.499057 0.917287 0.952605
 877000.000 0.980010 0.481852 0.899012 0.938316
 877500.000 1.000792 0.477706 0.923739 0.960038
 878000.000 0.977603 0.495585 0.891459 0.933333
 878500.000 1.006126 0.461543 0.935759 0.967426
 879000.000 0.972432 0.450693 0.907604 0.929720
 879500.000 1.005815 0.498343 0.941684 0.942450
 880000.000 0.985775 0.502627 0.917497 0.921450
 880500.000 0.976137 0.483157 0.909158 0.919607
 881000.000 0.996197 0.507898 0.929839 0.928577
 881500.000 0.982364 0.509462 0.907766 0.920048
 882000.000 0.985496 0.505597 0.921383 0.915329
 882500.000 0.992882 0.537618 0.910916 0.923487
 883000.000 0.975174 0.566322 0.891459 0.886854
 883500.000 0.988783 0.562280 0.909045 0.901588
 884000.000 0.989699 0.533903 0.903061 0.926520
 884500.000 0.991692 0.536186 0.918960 0.913740
 885000.000 0.968989 0.517407 0.898701 0.895827
 885500.000 0.986212 0.535965 0.903796 0.917128
 886000.000 0.982478 0.477186 0.916962 0.928440
 886500.000 1.012883 0.465922 0.950783 0.964775
 887000.000 0.969096 0.482211 0.902607 0.911629
 887500.000 0.997872 0.503329 0.919762 0.944561
 888000.000 0.979713 0.506403 0.902116 0.921640
 888500.000 0.980094 0.535662 0.901238 0.906645
 889000.000 0.971251 0.485618 0.896344 0.920543
 889500.000 0.986446 0.464728 0.921952 0.938180
 890000.000 1.006221 0.452496 0.939477 0.968294
 890500.000 1.020538 0.507210 0.944756 0.966006
 891000.000 1.011770 0.498563 0.932156 0.964300
 891500.000 1.029720 0.528112 0.934671 0.983939
 892000.000 1.017031 0.577223 0.905392 0.956965
 892500.000 0.995625 0.529515 0.899488 0.945026
 893000.000 1.016925 0.511405 0.932608 0.967978
 893500.000 1.021274 0.498015 0.942745 0.974276
 894000.000 1.028833 0.444452 0.966116 0.993015
 894500.000 1.016711 0.466842 0.947534 0.975521
 895000.000 1.025091 0.465250 0.952095 0.989283
 895500.000 0.996407 0.465469 0.923687 0.956972
 896000.000 1.003341 0.466066 0.936406 0.958808
 896500.000 1.006013 0.461629 0.940636 0.962408
 897000.000 1.008349 0.458128 0.944371 0.965309
 897500.000 1.017228 0.476056 0.949001 0.970708
 898000.000 1.002850 0.478151 0.933771 0.954389
 898500.000 1.012397 0.503495 0.931855 0.963344
 899000.000 0.997313 0.506614 0.913178 0.948006
 899500.000 0.993149 0.507507 0.908062 0.943690
 900000.000 1.035930 0.532162 0.945456 0.984489
 900500.000 0.981405 0.501513 0.899029 0.930883
 901000.000 0.978167 0.524610 0.884426 0.925309
 901500.000 0.986790 0.521615 0.897952 0.932260
 902000.000 1.019104 0.539078 0.922299 0.967422
 902500.000 0.977404 0.478763 0.900265 0.933245
 903000.000 0.989725 0.479780 0.916153 0.943180
 903500.000 1.005519 0.484288 0.924464 0.965904
 904000.000 0.999520 0.505470 0.907595 0.958568
 904500.000 0.993465 0.487585 0.907880 0.954966
 905000.000 0.987496 0.530879 0.882120 0.943573
 905500.000 0.967331 0.521179 0.857729 0.929586
 906000.000 0.976949 0.535519 0.867647 0.932345
 906500.000 0.982605 0.514618 0.879758 0.944575
 907000.000 0.990047 0.540982 0.882917 0.942435
 907500.000 1.012414 0.550628 0.904530 0.963638
 908000.000 0.986881 0.524466 0.882577 0.945443
 908500.000 0.993425 0.512950 0.892006 0.956553
 909000.000 0.983246 0.522225 0.880429 0.941101
 909500.000 0.995935 0.534222 0.893102 0.949079
 910000.000 1.014721 0.522590 0.917886 0.971443
 910500.000 1.002710 0.503036 0.917007 0.957552
 911000.000 1.020653 0.529912 0.934033 0.964490
 911500.000 1.065353 0.567407 0.981570 0.992231
 912000.000 1.026462 0.548963 0.937043 0.963243
 912500.000 1.040786 0.569994 0.950450 0.968619
 913000.000 1.021943 0.540525 0.932879 0.962447
 913500.000 1.032861 0.531837 0.941843 0.981674
 914000.000 0.987824 0.520462 0.902447 0.930753
 914500.000 0.995056 0.540532 0.912097 0.925298
 915000.000 1.004694 0.520510 0.918691 0.950734
 915500.000 1.006216 0.544170 0.902445 0.956249
 916000.000 0.983034 0.526344 0.892677 0.926715
 916500.000 0.993465 0.546053 0.904713 0.925886
 917000.000 0.993955 0.521209 0.912907 0.933185
 917500.000 0.982393 0.523057 0.901307 0.918830
 918000.000 1.001682 0.533253 0.917817 0.938077
 918500.000 0.986858 0.547623 0.905955 0.909467
 919000.000 0.990797 0.539482 0.909555 0.919252
 919500.000 0.998192 0.543565 0.910657 0.931673
 920000.000 0.989571 0.546313 0.907556 0.914541
 920500.000 1.016615 0.587844 0.931265 0.924226
 921000.000 1.018479 0.581714 0.934834 0.928597
 921500.000 1.021387 0.566970 0.939580 0.939255
 922000.000 1.001048 0.550578 0.915342 0.929089
 922500.000 0.978166 0.549978 0.884100 0.910774
 923000.000 0.990532 0.522933 0.907220 0.930484
 923500.000 0.992185 0.478221 0.914852 0.950377
 924000.000 1.004173 0.478527 0.929136 0.961481
 924500.000 1.008734 0.515022 0.929680 0.951597
 925000.000 1.014244 0.504460 0.930787 0.967749
 925500.000 0.992042 0.504577 0.903543 0.947263
 926000.000 1.006638 0.515657 0.911467 0.964347
 926500.000 0.985819 0.516374 0.898448 0.932646
 927000.000 0.987168 0.473881 0.911566 0.945242
 927500.000 0.992773 0.495109 0.913133 0.944590
 928000.000 1.030638 0.520733 0.951575 0.973536
 928500.000 0.999513 0.532165 0.919608 0.932297
 929000.000 0.992549 0.517864 0.911142 0.933780
 929500.000 0.987606 0.523495 0.908772 0.922397
 930000.000 0.992219 0.515803 0.915362 0.930083
 930500.000 0.995331 0.537493 0.908554 0.931127
 931000.000 0.994310 0.549242 0.898913 0.931449
 931500.000 0.978045 0.532846 0.893846 0.911186
 932000.000 0.991395 0.472461 0.921927 0.944755
 932500.000 0.998924 0.481891 0.932066 0.945902
 933000.000 0.976552 0.493821 0.912868 0.911108
 933500.000 0.981083 0.503781 0.908579 0.919640
 934000.000 0.981266 0.547766 0.892168 0.910908
 934500.000 1.004335 0.520300 0.923270 0.945642
 935000.000 0.990241 0.510333 0.911779 0.932402
 935500.000 1.002945 0.532609 0.931758 0.927336
 936000.000 0.989626 0.541266 0.895808 0.929128
 936500.000 1.011981 0.553063 0.915869 0.950536
 937000.000 1.024911 0.560179 0.928331 0.961918
 937500.000 0.996849 0.585372 0.890365 0.923041
 938000.000 1.014912 0.568509 0.919915 0.943742
 938500.000 1.003158 0.571451 0.890296 0.945235
 939000.000 1.001579 0.564736 0.909517 0.927456
 939500.000 0.998405 0.543439 0.899818 0.942669
 940000.000 0.996692 0.536067 0.901529 0.941630
 940500.000 1.029521 0.622516 0.912103 0.948879
 941000.000 1.026245 0.558657 0.918081 0.975392
 941500.000 1.042521 0.556204 0.942587 0.987859
 942000.000 1.022691 0.575936 0.919018 0.956817
 942500.000 1.058823 0.564990 0.951038 1.009221
 943000.000 1.036479 0.592360 0.906535 0.987867
 943500.000 1.023329 0.546775 0.918561 0.975545
 944000.000 1.061000 0.560903 0.963235 1.004494
 944500.000 1.067073 0.570892 0.962656 1.012257
 945000.000 1.029825 0.579277 0.916753 0.972153
 945500.000 1.028512 0.584607 0.914402 0.968389
 946000.000 1.047472 0.621064 0.916409 0.984312
 946500.000 1.014680 0.608524 0.886480 0.950265
 947000.000 1.044287 0.580292 0.928690 0.990893
 947500.000 1.028459 0.582464 0.923228 0.961168
 948000.000 1.037818 0.590769 0.935009 0.964823
 948500.000 1.046113 0.622438 0.910635 0.985911
 949000.000 1.027956 0.583755 0.898295 0.982692
 949500.000 1.033472 0.591530 0.916257 0.972983
 950000.000 1.033825 0.612694 0.911871 0.964722
 950500.000 1.033757 0.576845 0.928035 0.971241
 951000.000 1.035276 0.605851 0.912405 0.971623
 951500.000 1.028843 0.563906 0.911440 0.984033
 952000.000 1.028179 0.567832 0.922621 0.969867
 952500.000 1.004361 0.583685 0.872454 0.956879
 953000.000 1.008802 0.563564 0.891835 0.960411
 953500.000 1.037058 0.585813 0.913176 0.986871
 954000.000 1.027510 0.607490 0.890419 0.974507
 954500.000 1.045624 0.626191 0.894303 0.997380
 955000.000 1.019123 0.611110 0.870036 0.973040
 955500.000 1.037641 0.603546 0.914538 0.976090
 956000.000 1.011477 0.592744 0.891482 0.948728
 956500.000 1.038172 0.572476 0.919415 0.991236
 957000.000 1.033173 0.600778 0.912384 0.970316
 957500.000 1.000862 0.573577 0.888692 0.940578
 958000.000 1.036233 0.581063 0.933634 0.968634
 958500.000 1.007132 0.564646 0.911178 0.937848
 959000.000 1.000695 0.572353 0.890109 0.939626
 959500.000 1.013981 0.588888 0.906070 0.942635
 960000.000 1.012378 0.594885 0.892819 0.948052
 960500.000 1.037342 0.591878 0.931819 0.966206
 961000.000 1.005939 0.543641 0.911210 0.947616
 961500.000 1.014252 0.569864 0.910920 0.950208
 962000.000 1.015906 0.581466 0.908255 0.949265
 962500.000 1.021753 0.582509 0.914298 0.955354
 963000.000 1.013911 0.563406 0.905012 0.958937
 963500.000 1.013860 0.612523 0.886892 0.945547
 964000.000 1.009471 0.590886 0.879697 0.956583
 964500.000 1.027147 0.584950 0.903689 0.975316
 965000.000 1.003570 0.597125 0.879707 0.940139
 965500.000 0.997373 0.592535 0.874735 0.934477
 966000.000 0.996308 0.589988 0.888063 0.921151
 966500.000 1.049858 0.616122 0.935786 0.974218
 967000.000 0.998754 0.585155 0.882472 0.934803
 967500.000 1.009689 0.592891 0.886650 0.949356
 968000.000 1.001497 0.615835 0.883043 0.920312
 968500.000 1.027476 0.600934 0.911351 0.959027
 969000.000 1.013573 0.616403 0.888546 0.940848
 969500.000 1.050612 0.645919 0.920141 0.971443
 970000.000 1.012926 0.654849 0.884393 0.917093
 970500.000 1.003825 0.654638 0.880893 0.900447
 971000.000 0.991968 0.665090 0.840166 0.905415
 971500.000 0.993772 0.664754 0.856425 0.894316
 972000.000 1.025653 0.674737 0.900297 0.915492
 972500.000 1.019498 0.656930 0.901613 0.913395
 973000.000 1.010465 0.644549 0.885588 0.917807
 973500.000 1.015883 0.637941 0.905207 0.915241
 974000.000 1.004239 0.625141 0.883867 0.919221
 974500.000 1.001087 0.614242 0.877696 0.925584
 975000.000 1.021753 0.619109 0.895300 0.950316
 975500.000 1.038070 0.620271 0.912274 0.968606
 976000.000 1.010002 0.626138 0.888137 0.927023
 976500.000 1.000559 0.605736 0.882922 0.925079
 977000.000 1.021446 0.646580 0.893609 0.932792
 977500.000 1.041947 0.644405 0.901341 0.971407
 978000.000 1.046843 0.642788 0.896874 0.987015
 978500.000 1.018397 0.644109 0.870794 0.949267
 979000.000 1.023984 0.657304 0.888208 0.936015
 979500.000 1.054186 0.663178 0.917490 0.970063
 980000.000 1.044115 0.644170 0.924034 0.954755
 980500.000 1.020563 0.648479 0.899704 0.923636
 981000.000 1.028134 0.647168 0.913631 0.927670
 981500.000 1.050634 0.655472 0.928283 0.957242
 982000.000 1.012244 0.650239 0.876741 0.926170
 982500.000 1.040470 0.663163 0.909685 0.947546
 983000.000 1.041665 0.676677 0.897766 0.951975
 983500.000 1.022861 0.631398 0.903731 0.936535
 984000.000 1.055194 0.678193 0.914792 0.964405
 984500.000 1.043823 0.660182 0.919636 0.947398
 985000.000 1.049920 0.660695 0.923448 0.956760
 985500.000 1.041411 0.629844 0.920125 0.962153
 986000.000 1.033790 0.639893 0.903401 0.954906
 986500.000 1.017730 0.649413 0.893469 0.922782
 987000.000 1.034507 0.687717 0.892809 0.932923
 987500.000 1.030835 0.643136 0.908148 0.941746
 988000.000 1.022591 0.654876 0.872906 0.948978
 988500.000 1.033951 0.656803 0.903504 0.943609
 989000.000 1.041996 0.655656 0.917604 0.948488
 989500.000 1.024183 0.619366 0.918571 0.933014
 990000.000 1.026444 0.647028 0.907581 0.929960
 990500.000 1.016699 0.657609 0.891604 0.916486
 991000.000 1.039172 0.687344 0.893828 0.942542
 991500.000 1.018633 0.668413 0.893141 0.911454
 992000.000 1.026187 0.652964 0.881278 0.950319
 992500.000 1.025995 0.663244 0.875524 0.948100
 993000.000 1.020420 0.599576 0.892637 0.962404
 993500.000 1.020656 0.651170 0.850379 0.967632
 994000.000 1.023996 0.609104 0.898019 0.959003
 994500.000 1.006794 0.636137 0.865368 0.934739
 995000.000 1.032686 0.615846 0.916290 0.956049
 995500.000 1.001227 0.619190 0.891614 0.909142
 996000.000 1.024689 0.637004 0.896032 0.944101
 996500.000 1.026863 0.583657 0.938476 0.942072
 997000.000 1.057865 0.607969 0.958769 0.974315
 997500.000 1.048692 0.587767 0.946456 0.978907
 998000.000 1.030702 0.611340 0.910248 0.960420
 998500.000 1.023725 0.534101 0.930350 0.972220
 999000.000 1.030078 0.546769 0.934909 0.974222
 999500.000 1.022797 0.598567 0.909710 0.952037
1000000.000 1.000929 0.610745 0.885112 0.920482
