BFII_nolipid
""
WAVELENGTH	FLUORESCENCE
300.0	79.06694030761719
300.5	84.86450958251953
301.0	91.54115295410156
301.5	97.68815612792969
302.0	106.36382293701172
302.5	116.48701477050781
303.0	126.01577758789062
303.5	136.73330688476562
304.0	147.3609161376953
304.5	159.52056884765625
305.0	173.05059814453125
305.5	183.7942657470703
306.0	198.51026916503906
306.5	209.90969848632812
307.0	226.02474975585938
307.5	238.69879150390625
308.0	256.4397277832031
308.5	273.2062072753906
309.0	289.3269958496094
309.5	307.4038391113281
310.0	324.38824462890625
310.5	342.1351318359375
311.0	362.2993469238281
311.5	381.5285949707031
312.0	402.8140563964844
312.5	422.8625183105469
313.0	445.7309875488281
313.5	466.8536682128906
314.0	490.72918701171875
314.5	517.128173828125
315.0	537.414794921875
315.5	565.3194580078125
316.0	586.4803466796875
316.5	615.5007934570312
317.0	642.5126953125
317.5	667.2711181640625
318.0	692.4207763671875
318.5	720.1638793945312
319.0	746.1826171875
319.5	774.9334106445312
320.0	801.7755126953125
320.5	831.25732421875
321.0	863.8621826171875
321.5	888.755859375
322.0	922.8572387695312
322.5	947.5152587890625
323.0	981.82568359375
323.5	1013.6661987304688
324.0	1043.0816650390625
324.5	1072.8726806640625
325.0	1106.359130859375
325.5	1135.9091796875
326.0	1168.299560546875
326.5	1197.9656982421875
327.0	1230.9195556640625
327.5	1267.0242919921875
328.0	1294.38916015625
328.5	1330.2032470703125
329.0	1357.095947265625
329.5	1391.4334716796875
330.0	1420.6171875
330.5	1452.5706787109375
331.0	1480.9521484375
331.5	1512.4014892578125
332.0	1539.908203125
332.5	1570.526611328125
333.0	1603.4178466796875
333.5	1627.8826904296875
334.0	1659.57373046875
334.5	1684.6610107421875
335.0	1712.73974609375
335.5	1737.44091796875
336.0	1764.029541015625
336.5	1789.0738525390625
337.0	1814.6768798828125
337.5	1842.20556640625
338.0	1862.735595703125
338.5	1889.1246337890625
339.0	1910.248779296875
339.5	1932.861572265625
340.0	1952.650390625
340.5	1974.7532958984375
341.0	1994.2344970703125
341.5	2014.377685546875
342.0	2035.4134521484375
342.5	2050.441650390625
343.0	2069.459228515625
343.5	2084.91650390625
344.0	2101.789306640625
344.5	2115.87158203125
345.0	2130.763671875
345.5	2142.639404296875
346.0	2155.69140625
346.5	2169.325439453125
347.0	2179.898193359375
347.5	2191.13623046875
348.0	2200.4453125
348.5	2210.5791015625
349.0	2218.791259765625
349.5	2226.7275390625
350.0	2235.330810546875
350.5	2241.925048828125
351.0	2247.91796875
351.5	2252.8349609375
352.0	2257.85791015625
352.5	2262.166015625
353.0	2265.5283203125
353.5	2268.53076171875
354.0	2270.8466796875
354.5	2271.971435546875
355.0	2272.97412109375
355.5	2273.247802734375
356.0	2272.12060546875
356.5	2270.8544921875
357.0	2269.210205078125
357.5	2267.724609375
358.0	2265.4580078125
358.5	2261.888427734375
359.0	2257.3544921875
359.5	2252.476806640625
360.0	2247.566650390625
360.5	2241.642822265625
361.0	2235.43310546875
361.5	2228.990478515625
362.0	2221.703125
362.5	2215.60693359375
363.0	2207.46630859375
363.5	2200.471923828125
364.0	2191.523681640625
364.5	2183.120361328125
365.0	2171.973876953125
365.5	2161.897705078125
366.0	2152.24267578125
366.5	2140.43798828125
367.0	2129.506103515625
367.5	2115.641357421875
368.0	2102.716552734375
368.5	2090.282470703125
369.0	2076.442626953125
369.5	2062.85791015625
370.0	2047.2406005859375
370.5	2033.2723388671875
371.0	2015.959716796875
371.5	1999.5289306640625
372.0	1984.077392578125
372.5	1967.222900390625
373.0	1951.6326904296875
373.5	1932.2110595703125
374.0	1914.841552734375
374.5	1898.4248046875
375.0	1879.7366943359375
375.5	1862.3524169921875
376.0	1840.6610107421875
376.5	1821.9285888671875
377.0	1803.6983642578125
377.5	1784.4913330078125
378.0	1766.7784423828125
378.5	1745.814208984375
379.0	1725.1812744140625
379.5	1706.4324951171875
380.0	1685.79443359375
380.5	1666.7691650390625
381.0	1644.1923828125
381.5	1622.7022705078125
382.0	1603.2069091796875
382.5	1581.9915771484375
383.0	1563.0328369140625
383.5	1539.822509765625
384.0	1517.9158935546875
384.5	1498.2083740234375
385.0	1476.687255859375
385.5	1457.8212890625
386.0	1434.5028076171875
386.5	1413.7552490234375
387.0	1394.6414794921875
387.5	1374.1571044921875
388.0	1355.439208984375
388.5	1333.2630615234375
389.0	1312.883056640625
389.5	1294.358154296875
390.0	1272.720947265625
390.5	1255.94873046875
391.0	1233.9073486328125
391.5	1214.3138427734375
392.0	1196.5693359375
392.5	1175.1727294921875
393.0	1158.4410400390625
393.5	1137.4356689453125
394.0	1118.30712890625
394.5	1101.3314208984375
395.0	1081.142822265625
395.5	1062.3489990234375
396.0	1045.568359375
396.5	1025.7337646484375
397.0	1010.5758666992188
397.5	991.2363891601562
398.0	973.4871215820312
398.5	957.5247802734375
399.0	938.5980834960938
399.5	921.7471923828125
400.0	906.2161254882812
400.5	891.095458984375
401.0	874.4535522460938
401.5	857.2285766601562
402.0	841.6101684570312
402.5	827.9459228515625
403.0	810.9776611328125
403.5	795.7833862304688
404.0	782.208984375
404.5	768.7068481445312
405.0	753.889404296875
405.5	738.1060791015625
406.0	724.8499145507812
406.5	710.5045776367188
407.0	695.396484375
407.5	681.7064819335938
408.0	669.3379516601562
408.5	655.1751098632812
409.0	644.5806274414062
409.5	630.704833984375
410.0	619.3858032226562
410.5	607.5405883789062
411.0	594.0706176757812
411.5	582.892822265625
412.0	570.9231567382812
412.5	558.674072265625
413.0	547.3819580078125
413.5	537.1443481445312
414.0	524.8134765625
414.5	516.2052001953125
415.0	504.8297119140625
415.5	494.8871154785156
416.0	484.5959777832031
416.5	473.8587646484375
417.0	464.8329772949219
417.5	455.03863525390625
418.0	444.90570068359375
418.5	436.52642822265625
419.0	427.1435852050781
419.5	417.5715026855469
420.0	408.47735595703125
420.5	400.6694641113281
421.0	391.3098449707031
421.5	384.59747314453125
422.0	375.8570251464844
422.5	367.0805358886719
423.0	360.9829406738281
423.5	352.97637939453125
424.0	345.9911804199219
424.5	338.90191650390625
425.0	330.8136291503906
425.5	324.4813537597656
426.0	317.4216003417969
426.5	309.9732666015625
427.0	303.6192932128906
427.5	296.9923400878906
428.0	290.3048095703125
428.5	284.7369689941406
429.0	278.836669921875
429.5	272.3738708496094
430.0	266.9474792480469
430.5	261.2765808105469
431.0	255.04132080078125
431.5	250.1471710205078
432.0	244.69639587402344
432.5	239.16140747070312
433.0	234.7344512939453
433.5	229.73037719726562
434.0	224.23838806152344
434.5	219.93992614746094
435.0	215.3120574951172
435.5	209.97903442382812
436.0	205.530029296875
436.5	200.9899139404297
437.0	196.2234649658203
437.5	192.34146118164062
438.0	188.04595947265625
438.5	183.42189025878906
439.0	179.6904296875
439.5	175.67605590820312
440.0	171.44093322753906
440.5	168.02149963378906
441.0	164.30862426757812
441.5	160.44052124023438
442.0	157.0851287841797
442.5	153.58108520507812
443.0	149.84341430664062
443.5	146.72689819335938
444.0	143.33944702148438
444.5	140.1111297607422
445.0	136.5552520751953
445.5	133.84263610839844
446.0	131.0083770751953
446.5	128.0700225830078
447.0	125.5076675415039
447.5	122.79930877685547
448.0	119.84445190429688
448.5	117.5836410522461
449.0	114.91549682617188
449.5	112.07447814941406
450.0	109.64823913574219
