      64    2.095    0.144
      65    2.350    0.268
      66    1.130    0.207
      67    0.969    0.176
      68    1.667    0.279
      69    1.109    0.122
      70    0.407    0.086
      71    1.663    0.179
      72    1.539    0.164
      73    1.134    0.204
      74    0.656    0.124
      75    0.948    0.151
      76    0.316    0.077
      77    1.201    0.188
      78    0.853    0.127
      79    1.060    0.180
      80    1.423    0.188
      81    1.409    0.165
      82    1.320    0.161
      83    1.616    0.191
      84    2.761    0.170
