TRP_nolipid
""
WAVELENGTH	FLUORESCENCE
300.0	114.99879455566406
300.5	122.4198226928711
301.0	131.09811401367188
301.5	139.0004425048828
302.0	150.3980712890625
302.5	163.51132202148438
303.0	176.40980529785156
303.5	190.9925537109375
304.0	205.38645935058594
304.5	221.6690673828125
305.0	240.26742553710938
305.5	254.7707061767578
306.0	275.0100402832031
306.5	290.789794921875
307.0	312.5409240722656
307.5	329.4975891113281
308.0	353.5323791503906
308.5	376.0267333984375
309.0	397.11639404296875
309.5	421.5086669921875
310.0	444.4107666015625
310.5	467.7315673828125
311.0	494.62701416015625
311.5	519.7335205078125
312.0	548.3145751953125
312.5	574.9483642578125
313.0	604.6441040039062
313.5	632.4292602539062
314.0	663.7810668945312
314.5	699.2265014648438
315.0	726.0598754882812
315.5	762.1039428710938
316.0	789.6912841796875
316.5	827.0361938476562
317.0	861.8782348632812
317.5	893.5651245117188
318.0	926.2357177734375
318.5	962.6726684570312
319.0	996.0333251953125
319.5	1033.1611328125
320.0	1068.100830078125
320.5	1106.3785400390625
321.0	1149.0638427734375
321.5	1181.098388671875
322.0	1224.8843994140625
322.5	1257.3104248046875
323.0	1301.317138671875
323.5	1341.992431640625
324.0	1379.3868408203125
324.5	1416.9122314453125
325.0	1458.612548828125
325.5	1496.6676025390625
326.0	1538.217041015625
326.5	1576.0050048828125
327.0	1617.2034912109375
327.5	1662.7757568359375
328.0	1697.3631591796875
328.5	1743.5029296875
329.0	1776.788330078125
329.5	1821.164794921875
330.0	1857.8414306640625
330.5	1898.5948486328125
331.0	1935.35986328125
331.5	1974.7061767578125
332.0	2010.5177001953125
332.5	2049.281494140625
333.0	2091.234130859375
333.5	2122.268310546875
334.0	2163.278564453125
334.5	2197.12548828125
335.0	2233.50537109375
335.5	2265.740966796875
336.0	2301.1669921875
336.5	2332.86865234375
337.0	2366.335205078125
337.5	2402.198974609375
338.0	2428.29345703125
338.5	2462.418212890625
339.0	2489.409912109375
339.5	2519.779541015625
340.0	2545.37548828125
340.5	2572.888671875
341.0	2597.688232421875
341.5	2624.037841796875
342.0	2650.483642578125
342.5	2670.016357421875
343.0	2696.098388671875
343.5	2716.3212890625
344.0	2737.888671875
344.5	2757.2373046875
345.0	2778.732666015625
345.5	2795.7109375
346.0	2813.85693359375
346.5	2831.027099609375
347.0	2846.596923828125
347.5	2862.267333984375
348.0	2875.605712890625
348.5	2888.78271484375
349.0	2899.4091796875
349.5	2911.7333984375
350.0	2922.864013671875
350.5	2931.634521484375
351.0	2940.12744140625
351.5	2947.714111328125
352.0	2955.39794921875
352.5	2961.410888671875
353.0	2968.194580078125
353.5	2973.732666015625
354.0	2977.73291015625
354.5	2980.99560546875
355.0	2983.684814453125
355.5	2986.425537109375
356.0	2987.3134765625
356.5	2987.665771484375
357.0	2988.04931640625
357.5	2986.631591796875
358.0	2984.8828125
358.5	2982.25634765625
359.0	2978.87548828125
359.5	2975.462646484375
360.0	2972.6591796875
360.5	2967.490234375
361.0	2962.187255859375
361.5	2955.09326171875
362.0	2947.58447265625
362.5	2939.74951171875
363.0	2929.645751953125
363.5	2921.958984375
364.0	2912.02783203125
364.5	2903.369873046875
365.0	2891.01953125
365.5	2878.969482421875
366.0	2868.226318359375
366.5	2855.242919921875
367.0	2843.767578125
367.5	2827.437255859375
368.0	2813.088134765625
368.5	2799.16845703125
369.0	2782.817626953125
369.5	2767.306640625
370.0	2749.7724609375
370.5	2733.236328125
371.0	2712.041748046875
371.5	2692.318359375
372.0	2674.298095703125
372.5	2653.45556640625
373.0	2634.7158203125
373.5	2611.718505859375
374.0	2590.271240234375
374.5	2570.4873046875
375.0	2547.023193359375
375.5	2525.98974609375
376.0	2500.866943359375
376.5	2477.28857421875
377.0	2456.027587890625
377.5	2431.188720703125
378.0	2408.166015625
378.5	2380.319580078125
379.0	2355.204345703125
379.5	2331.625244140625
380.0	2305.524658203125
380.5	2282.218017578125
381.0	2253.92822265625
381.5	2227.23291015625
382.0	2202.956298828125
382.5	2176.238037109375
383.0	2151.394775390625
383.5	2121.27734375
384.0	2093.566162109375
384.5	2069.0693359375
385.0	2041.909912109375
385.5	2017.3482666015625
386.0	1987.827880859375
386.5	1960.65234375
387.0	1935.980224609375
387.5	1908.549072265625
388.0	1883.708740234375
388.5	1854.0079345703125
389.0	1826.9786376953125
389.5	1803.0694580078125
390.0	1774.045166015625
390.5	1752.401123046875
391.0	1723.1044921875
391.5	1696.5684814453125
392.0	1672.7119140625
392.5	1644.0765380859375
393.0	1622.74365234375
393.5	1594.2298583984375
394.0	1568.884765625
394.5	1545.533935546875
395.0	1518.364501953125
395.5	1493.446044921875
396.0	1471.512451171875
396.5	1444.8052978515625
397.0	1425.1558837890625
397.5	1399.5445556640625
398.0	1375.8126220703125
398.5	1355.0413818359375
399.0	1329.161865234375
399.5	1306.28759765625
400.0	1285.4373779296875
400.5	1264.8690185546875
401.0	1242.907958984375
401.5	1219.1544189453125
402.0	1197.4276123046875
402.5	1178.220703125
403.0	1155.123779296875
403.5	1134.1944580078125
404.0	1115.232666015625
404.5	1096.6763916015625
405.0	1076.8077392578125
405.5	1054.9947509765625
406.0	1037.389404296875
406.5	1018.0536499023438
407.0	997.4534301757812
407.5	978.6333618164062
408.0	961.99658203125
408.5	942.1099853515625
409.0	927.3854370117188
409.5	907.8516845703125
410.0	891.7020263671875
410.5	874.7650756835938
411.0	856.3701171875
411.5	841.2910766601562
412.0	824.5746459960938
412.5	807.4667358398438
413.0	791.6753540039062
413.5	777.1532592773438
414.0	760.2526245117188
414.5	747.47998046875
415.0	730.7103881835938
415.5	717.7207641601562
416.0	702.8790893554688
416.5	687.5323486328125
417.0	674.8313598632812
417.5	661.46875
418.0	646.86181640625
418.5	634.8197631835938
419.0	621.9752807617188
419.5	607.987548828125
420.0	595.1504516601562
420.5	583.8471069335938
421.0	570.770751953125
421.5	561.2535400390625
422.0	548.8384399414062
422.5	536.026611328125
423.0	527.0552368164062
423.5	515.0198364257812
424.0	505.31024169921875
424.5	494.578369140625
425.0	483.4220275878906
425.5	474.0352783203125
426.0	463.5696105957031
426.5	452.765380859375
427.0	443.9704284667969
427.5	434.4095458984375
428.0	424.4004821777344
428.5	416.41143798828125
429.0	407.4287414550781
429.5	397.9618225097656
430.0	389.8727722167969
430.5	381.3262634277344
431.0	372.5086364746094
431.5	365.1961975097656
432.0	357.5960388183594
432.5	349.46728515625
433.0	342.4540100097656
433.5	335.1044921875
434.0	327.212646484375
434.5	320.704345703125
435.0	313.5199890136719
435.5	306.23040771484375
436.0	300.3268127441406
436.5	293.6033935546875
437.0	286.78863525390625
437.5	280.8374938964844
438.0	274.7227478027344
438.5	267.8309631347656
439.0	262.45635986328125
439.5	256.60162353515625
440.0	250.43760681152344
440.5	245.2715606689453
441.0	239.90371704101562
441.5	233.79183959960938
442.0	228.98468017578125
442.5	223.72988891601562
443.0	218.5499725341797
443.5	214.39744567871094
444.0	209.5855712890625
444.5	204.6899871826172
445.0	199.87054443359375
445.5	195.76931762695312
446.0	191.20347595214844
446.5	186.74981689453125
447.0	183.08892822265625
447.5	178.8761444091797
448.0	174.7799530029297
448.5	171.27398681640625
449.0	167.47378540039062
449.5	163.5152130126953
450.0	160.17535400390625
