      64    1.818    0.337
      65    1.894    0.583
      66    0.822    0.302
      67    0.880    0.189
      68    2.416    0.296
      69    0.607    0.145
      70    0.678    0.132
      71    2.019    0.184
      72    0.902    0.248
      73    1.198    0.306
      74    0.641    0.154
      75    0.774    0.160
      76    0.131    0.095
      77    1.345    0.124
      78    0.827    0.097
      79    1.059    0.220
      80    1.589    0.191
      81    1.407    0.146
      82    1.188    0.144
      83    2.151    0.196
      84    2.261    0.265
