 750000.000   -1.129
 750500.000    0.755
 751000.000    0.530
 751500.000    3.325
 752000.000    1.559
 752500.000    2.088
 753000.000   -0.432
 753500.000    0.624
 754000.000    0.975
 754500.000    0.095
 755000.000   -0.086
 755500.000    4.011
 756000.000    0.777
 756500.000    1.726
 757000.000    3.389
 757500.000    0.510
 758000.000    0.777
 758500.000    0.521
 759000.000    1.226
 759500.000    0.530
 760000.000    1.133
 760500.000    2.345
 761000.000    2.867
 761500.000    3.055
 762000.000    1.041
 762500.000    2.434
 763000.000    2.438
 763500.000    1.923
 764000.000    2.423
 764500.000    1.045
 765000.000   -0.162
 765500.000    3.564
 766000.000    2.081
 766500.000   -1.477
 767000.000    0.274
 767500.000    1.382
 768000.000    2.608
 768500.000    1.909
 769000.000   -1.039
 769500.000    0.528
 770000.000    1.298
 770500.000    1.824
 771000.000    0.775
 771500.000    0.420
 772000.000    3.208
 772500.000   -0.097
 773000.000    0.271
 773500.000    2.517
 774000.000    1.579
 774500.000    2.519
 775000.000    4.269
 775500.000    2.264
 776000.000    3.220
 776500.000    3.218
 777000.000    1.060
 777500.000    2.091
 778000.000    4.876
 778500.000    2.784
 779000.000   -0.006
 779500.000    2.177
 780000.000    1.552
 780500.000    2.950
 781000.000    6.604
 781500.000    1.218
 782000.000    3.754
 782500.000    1.479
 783000.000    2.521
 783500.000    0.943
 784000.000    0.863
 784500.000    0.081
 785000.000   -1.053
 785500.000   -0.521
 786000.000   -0.439
 786500.000    1.465
 787000.000    2.863
 787500.000    1.394
 788000.000   -3.151
 788500.000   -1.992
 789000.000    1.028
 789500.000   -1.742
 790000.000    0.177
 790500.000   -0.097
 791000.000   -1.126
 791500.000   -1.743
 792000.000    0.093
 792500.000    0.684
 793000.000    1.209
 793500.000   -0.885
 794000.000   -1.387
 794500.000    1.382
 795000.000    2.263
 795500.000    3.119
 796000.000   -0.446
 796500.000   -1.848
 797000.000    1.454
 797500.000    1.137
 798000.000    1.307
 798500.000    4.696
 799000.000    0.436
 799500.000    1.820
 800000.000   -0.876
 800500.000    1.992
 801000.000    0.702
 801500.000    2.253
 802000.000    1.484
 802500.000    2.185
 803000.000    0.952
 803500.000    3.821
 804000.000    0.695
 804500.000   -0.530
 805000.000   -0.100
 805500.000    0.957
 806000.000    2.876
 806500.000    4.421
 807000.000    1.554
 807500.000    2.098
 808000.000   -1.408
 808500.000    0.764
 809000.000   -0.004
 809500.000    0.608
 810000.000    0.155
 810500.000    0.008
 811000.000   -0.093
 811500.000    0.171
 812000.000   -0.084
 812500.000    0.697
 813000.000   -1.571
 813500.000   -2.968
 814000.000    1.747
 814500.000    3.655
 815000.000    3.051
 815500.000    1.199
 816000.000   -2.008
 816500.000    3.041
 817000.000    0.940
 817500.000   -0.608
 818000.000   -0.968
 818500.000    0.874
 819000.000    0.773
 819500.000    0.445
 820000.000    0.952
 820500.000    0.340
 821000.000    1.653
 821500.000    0.343
 822000.000    1.298
 822500.000    2.263
 823000.000   -0.093
 823500.000   -2.088
 824000.000    2.249
 824500.000   -0.012
 825000.000   -1.845
 825500.000    0.003
 826000.000    0.948
 826500.000    4.084
 827000.000   -1.222
 827500.000    0.776
 828000.000    0.434
 828500.000   -1.585
 829000.000   -1.321
 829500.000    0.686
 830000.000    3.999
 830500.000    0.780
 831000.000   -0.187
 831500.000   -0.271
 832000.000   -1.403
 832500.000   -1.662
 833000.000   -1.651
 833500.000    1.823
 834000.000    0.693
 834500.000    0.863
 835000.000   -2.599
 835500.000   -0.265
 836000.000    0.093
 836500.000    2.624
 837000.000   -0.350
 837500.000   -0.778
 838000.000   -0.622
 838500.000    3.401
 839000.000    0.081
 839500.000    2.267
 840000.000    1.208
 840500.000    1.910
 841000.000   -1.300
 841500.000   -2.098
 842000.000   -2.702
 842500.000   -0.611
 843000.000   -0.100
 843500.000   -0.354
 844000.000   -1.403
 844500.000    1.295
 845000.000    1.037
 845500.000   -1.378
 846000.000   -1.472
 846500.000   -1.388
 847000.000   -1.121
 847500.000    0.418
 848000.000    2.162
 848500.000   -1.750
 849000.000   -1.044
 849500.000    0.272
 850000.000    1.231
 850500.000    0.943
 851000.000   -1.193
 851500.000    1.039
 852000.000   -1.912
 852500.000   -3.131
 853000.000   -1.220
 853500.000    0.867
 854000.000    1.742
 854500.000   -0.874
 855000.000   -2.783
 855500.000    0.603
 856000.000   -0.255
 856500.000   -1.818
 857000.000   -1.028
 857500.000   -0.947
 858000.000   -0.771
 858500.000   -0.263
 859000.000   -1.113
 859500.000   -0.689
 860000.000    2.010
 860500.000   -1.651
 861000.000   -0.783
 861500.000    0.017
 862000.000   -2.089
 862500.000    0.792
 863000.000    0.698
 863500.000   -1.484
 864000.000   -0.258
 864500.000    0.617
 865000.000    0.787
 865500.000   -1.988
 866000.000   -0.522
 866500.000    1.305
 867000.000    1.396
 867500.000   -0.088
 868000.000    0.954
 868500.000    1.307
 869000.000    0.785
 869500.000    0.533
 870000.000    0.164
 870500.000   -0.966
 871000.000   -0.269
 871500.000    1.408
 872000.000    2.343
 872500.000    2.695
 873000.000    1.229
 873500.000    0.688
 874000.000   -0.102
 874500.000   -1.213
 875000.000    1.309
 875500.000   -2.267
 876000.000   -0.173
 876500.000    0.342
 877000.000   -0.095
 877500.000    2.961
 878000.000   -1.827
 878500.000    0.338
 879000.000   -1.140
 879500.000    1.548
 880000.000    1.293
 880500.000    3.035
 881000.000   -0.794
 881500.000   -0.444
 882000.000    3.563
 882500.000    1.217
 883000.000   -0.446
 883500.000    3.124
 884000.000    2.970
 884500.000    4.182
 885000.000    0.356
 885500.000   -1.639
 886000.000    1.403
 886500.000   -2.261
 887000.000    0.090
 887500.000   -1.474
 888000.000   -1.293
 888500.000   -1.207
 889000.000   -1.039
 889500.000   -1.135
 890000.000   -2.087
 890500.000    0.276
 891000.000   -0.437
 891500.000   -0.173
 892000.000   -0.457
 892500.000   -1.658
 893000.000   -1.569
 893500.000   -1.138
 894000.000   -0.712
 894500.000    1.302
 895000.000    0.519
 895500.000    1.729
 896000.000   -1.468
 896500.000    1.140
 897000.000   -0.175
 897500.000   -0.703
 898000.000   -1.829
 898500.000    3.034
 899000.000   -0.191
 899500.000    2.343
 900000.000    2.278
 900500.000   -1.820
 901000.000   -0.077
 901500.000   -1.814
 902000.000   -0.794
 902500.000   -2.698
 903000.000   -2.166
 903500.000    0.083
 904000.000    1.827
 904500.000   -2.966
 905000.000    1.041
 905500.000   -0.173
 906000.000   -1.647
 906500.000   -0.698
 907000.000   -0.011
 907500.000    2.164
 908000.000    1.297
 908500.000    1.131
 909000.000    0.698
 909500.000    1.737
 910000.000    0.171
 910500.000    0.260
 911000.000   -0.272
 911500.000   -2.439
 912000.000    2.872
 912500.000    0.860
 913000.000   -0.261
 913500.000   -1.573
 914000.000   -1.559
 914500.000   -0.952
 915000.000   -1.727
 915500.000    1.062
 916000.000    1.140
 916500.000   -0.356
 917000.000   -0.783
 917500.000    1.566
 918000.000    0.525
 918500.000    0.184
 919000.000    1.559
 919500.000    2.083
 920000.000   -0.196
 920500.000    4.879
 921000.000    2.427
 921500.000   -0.081
 922000.000    0.693
 922500.000    0.780
 923000.000    0.860
 923500.000    1.552
 924000.000    2.530
 924500.000   -1.135
 925000.000   -0.180
 925500.000    1.990
 926000.000    2.177
 926500.000    0.267
 927000.000   -0.542
 927500.000    1.043
 928000.000    1.836
 928500.000    1.389
 929000.000    2.177
 929500.000   -0.095
 930000.000    0.445
 930500.000   -0.262
 931000.000   -0.962
 931500.000   -0.601
 932000.000    1.829
 932500.000   -1.394
 933000.000   -0.687
 933500.000    0.352
 934000.000   -0.001
 934500.000    2.952
 935000.000    2.979
 935500.000    1.930
 936000.000    1.990
 936500.000    1.490
 937000.000    0.867
 937500.000    0.518
 938000.000   -1.827
 938500.000    1.726
 939000.000   -0.531
 939500.000    2.700
 940000.000    4.173
 940500.000    1.034
 941000.000    1.217
 941500.000   -0.625
 942000.000   -1.385
 942500.000   -1.734
 943000.000    0.439
 943500.000   -0.792
 944000.000    0.697
 944500.000   -0.437
 945000.000    1.298
 945500.000   -1.575
 946000.000    2.170
 946500.000    5.383
 947000.000   -0.801
 947500.000    2.847
 948000.000    3.985
 948500.000    2.430
 949000.000    1.041
 949500.000    0.505
 950000.000    5.048
 950500.000    2.003
 951000.000    2.771
 951500.000    4.095
 952000.000    3.303
 952500.000    1.914
 953000.000    3.917
 953500.000    2.523
 954000.000    1.658
 954500.000    1.738
 955000.000    1.037
 955500.000    1.573
 956000.000    0.691
 956500.000    0.766
 957000.000    2.872
 957500.000    3.561
 958000.000    5.562
 958500.000    2.778
 959000.000    3.403
 959500.000    0.949
 960000.000    2.954
 960500.000    0.952
 961000.000    2.260
 961500.000    2.498
 962000.000    3.816
 962500.000   -0.256
 963000.000    4.068
 963500.000    3.731
 964000.000    0.248
 964500.000   -1.321
 965000.000    1.036
 965500.000    1.387
 966000.000   -0.872
 966500.000    0.429
 967000.000    1.653
 967500.000    2.691
 968000.000    0.003
 968500.000    1.566
 969000.000    0.434
 969500.000    5.389
 970000.000    3.985
 970500.000    3.387
 971000.000    1.914
 971500.000    3.577
 972000.000   -0.420
 972500.000    3.041
 973000.000   -0.278
 973500.000    3.657
 974000.000    2.359
 974500.000    1.742
 975000.000    1.222
 975500.000   -0.608
 976000.000    1.043
 976500.000   -0.877
 977000.000   -0.102
 977500.000   -0.256
 978000.000    0.773
 978500.000    0.432
 979000.000   -1.303
 979500.000   -1.387
 980000.000   -0.253
 980500.000    0.784
 981000.000    3.483
 981500.000    1.305
 982000.000    2.173
 982500.000   -0.872
 983000.000    0.931
 983500.000   -0.712
 984000.000    2.514
 984500.000    0.608
 985000.000    1.836
 985500.000    1.222
 986000.000    3.916
 986500.000    1.202
 987000.000    2.255
 987500.000    3.112
 988000.000    1.644
 988500.000    2.347
 989000.000    3.225
 989500.000    1.476
 990000.000    5.135
 990500.000    3.062
 991000.000    3.570
 991500.000    1.749
 992000.000    2.702
 992500.000    2.949
 993000.000    1.562
 993500.000    0.853
 994000.000    3.140
 994500.000    1.133
 995000.000    3.456
 995500.000    0.443
 996000.000    3.060
 996500.000   -0.865
 997000.000    3.756
 997500.000    2.184
 998000.000    4.294
 998500.000   -0.806
 999000.000    0.276
 999500.000    1.582
1000000.000    2.276
