 750000.000 0.904717 0.558818 0.805966 0.821686
 750500.000 0.927676 0.565205 0.820023 0.853973
 751000.000 0.896918 0.574366 0.779730 0.819175
 751500.000 0.909611 0.595041 0.791185 0.821423
 752000.000 0.912260 0.613451 0.783843 0.820796
 752500.000 0.932241 0.618028 0.800437 0.845865
 753000.000 0.919659 0.640792 0.790915 0.809560
 753500.000 0.905298 0.615385 0.771974 0.815161
 754000.000 0.865368 0.626220 0.705870 0.779307
 754500.000 0.879002 0.604952 0.749643 0.785722
 755000.000 0.901204 0.568368 0.789064 0.823817
 755500.000 0.898151 0.591597 0.783901 0.805520
 756000.000 0.928066 0.575592 0.819632 0.848240
 756500.000 0.917269 0.546950 0.820517 0.842829
 757000.000 0.945694 0.568766 0.845328 0.866371
 757500.000 0.904137 0.563380 0.793163 0.829712
 758000.000 0.923672 0.563448 0.809806 0.856200
 758500.000 0.897165 0.553133 0.790138 0.824340
 759000.000 0.892094 0.559686 0.778239 0.820220
 759500.000 0.943737 0.567039 0.834576 0.873629
 760000.000 0.910791 0.605058 0.784786 0.822860
 760500.000 0.912650 0.576876 0.799661 0.832836
 761000.000 0.927106 0.629295 0.773957 0.850899
 761500.000 0.933232 0.606627 0.806811 0.850238
 762000.000 0.917196 0.627296 0.773612 0.830976
 762500.000 0.941026 0.608500 0.831552 0.842206
 763000.000 0.935425 0.574541 0.827013 0.857900
 763500.000 0.923724 0.548115 0.820082 0.856486
 764000.000 0.941329 0.583691 0.823438 0.868017
 764500.000 0.908441 0.578886 0.791383 0.830140
 765000.000 0.916673 0.550761 0.810186 0.849023
 765500.000 0.914649 0.547469 0.816236 0.840952
 766000.000 0.914601 0.600476 0.761470 0.855910
 766500.000 0.899647 0.601753 0.750086 0.833064
 767000.000 0.897893 0.579801 0.773242 0.823620
 767500.000 0.907114 0.591787 0.768008 0.840038
 768000.000 0.905759 0.606809 0.749913 0.842740
 768500.000 0.917236 0.661418 0.722103 0.850728
 769000.000 0.923157 0.652476 0.744148 0.851444
 769500.000 0.909113 0.645346 0.737456 0.832262
 770000.000 0.915220 0.629250 0.749628 0.846970
 770500.000 0.917245 0.653650 0.758736 0.824462
 771000.000 0.933093 0.658569 0.783073 0.833311
 771500.000 0.910945 0.633877 0.762254 0.822684
 772000.000 0.908991 0.639499 0.758580 0.817391
 772500.000 0.908356 0.611495 0.784423 0.813003
 773000.000 0.922012 0.686578 0.725190 0.838405
 773500.000 0.922462 0.663069 0.756809 0.830333
 774000.000 0.898043 0.611153 0.745329 0.827006
 774500.000 0.935522 0.649760 0.764826 0.862122
 775000.000 0.916444 0.679143 0.728815 0.829056
 775500.000 0.925791 0.671796 0.732907 0.851889
 776000.000 0.921259 0.666819 0.743328 0.836810
 776500.000 0.921175 0.643153 0.768096 0.832773
 777000.000 0.918881 0.635353 0.763015 0.838344
 777500.000 0.918611 0.665779 0.733957 0.840082
 778000.000 0.923339 0.688014 0.710068 0.852965
 778500.000 0.931289 0.600608 0.794297 0.861951
 779000.000 0.931978 0.574178 0.832195 0.845540
 779500.000 0.942966 0.561724 0.839094 0.871067
 780000.000 0.965747 0.565920 0.866290 0.891410
 780500.000 0.950396 0.580075 0.828003 0.885680
 781000.000 0.948201 0.608704 0.795081 0.891905
 781500.000 0.936173 0.607415 0.791289 0.870486
 782000.000 0.998992 0.635719 0.834087 0.946641
 782500.000 0.988790 0.572339 0.882911 0.921036
 783000.000 0.964737 0.560284 0.853523 0.904994
 783500.000 1.006413 0.635616 0.859874 0.939332
 784000.000 1.000588 0.621120 0.876161 0.921360
 784500.000 0.994373 0.634434 0.873266 0.901365
 785000.000 0.975538 0.643845 0.849882 0.875506
 785500.000 0.979472 0.650602 0.843271 0.885631
 786000.000 0.984751 0.665324 0.839900 0.889595
 786500.000 0.979535 0.604192 0.867081 0.895602
 787000.000 0.980164 0.631451 0.852813 0.891864
 787500.000 0.970386 0.618054 0.842456 0.889705
 788000.000 0.965417 0.614624 0.841857 0.881802
 788500.000 0.959119 0.622850 0.835881 0.867860
 789000.000 0.960474 0.637656 0.816678 0.878322
 789500.000 0.973119 0.597650 0.865503 0.887491
 790000.000 0.947659 0.589325 0.826194 0.875337
 790500.000 0.957372 0.651680 0.788890 0.886618
 791000.000 0.958304 0.622723 0.809246 0.891082
 791500.000 0.941659 0.654897 0.768036 0.868720
 792000.000 0.960229 0.635906 0.807203 0.887765
 792500.000 0.968269 0.638241 0.815168 0.896237
 793000.000 0.945157 0.617191 0.812590 0.863376
 793500.000 0.958274 0.659610 0.827087 0.847007
 794000.000 0.980525 0.669608 0.838367 0.878422
 794500.000 0.941755 0.703251 0.751444 0.845326
 795000.000 0.998378 0.674178 0.850344 0.903281
 795500.000 0.973918 0.675895 0.808305 0.887039
 796000.000 0.921954 0.669985 0.728694 0.848602
 796500.000 0.923831 0.681057 0.730804 0.842029
 797000.000 0.933862 0.652053 0.746537 0.872758
 797500.000 0.982474 0.652607 0.820334 0.911958
 798000.000 0.919936 0.688288 0.715415 0.840837
 798500.000 0.936742 0.716645 0.728996 0.842590
 799000.000 0.940064 0.727934 0.728439 0.840791
 799500.000 0.932944 0.739224 0.694709 0.843621
 800000.000 0.959378 0.776468 0.705072 0.860688
 800500.000 0.970991 0.781308 0.710912 0.877387
 801000.000 0.952075 0.739589 0.714009 0.869535
 801500.000 1.014185 0.708639 0.829861 0.930754
 802000.000 0.955242 0.727971 0.727855 0.874790
 802500.000 0.985631 0.782894 0.709866 0.908903
 803000.000 0.971643 0.732903 0.744461 0.892644
 803500.000 0.985030 0.701268 0.776228 0.919924
 804000.000 0.954542 0.695241 0.749116 0.881911
 804500.000 0.983092 0.688772 0.797452 0.906974
 805000.000 1.004071 0.714833 0.808998 0.922417
 805500.000 0.973578 0.709420 0.745918 0.914351
 806000.000 0.981808 0.704428 0.774951 0.911663
 806500.000 0.984707 0.750432 0.748831 0.902995
 807000.000 0.960422 0.718547 0.747070 0.877724
 807500.000 1.016654 0.659961 0.858873 0.945495
 808000.000 1.000840 0.640415 0.836799 0.944985
 808500.000 0.977965 0.643172 0.808378 0.919612
 809000.000 1.015634 0.655013 0.850870 0.953941
 809500.000 0.994798 0.660857 0.824763 0.928590
 810000.000 0.989536 0.668700 0.798537 0.934635
 810500.000 0.986994 0.644546 0.816920 0.930332
 811000.000 1.024910 0.654617 0.865012 0.961308
 811500.000 0.967432 0.623482 0.817125 0.903010
 812000.000 0.917678 0.624779 0.753639 0.852025
 812500.000 0.904312 0.645396 0.716743 0.839822
 813000.000 0.961650 0.628348 0.805822 0.897424
 813500.000 0.978851 0.630427 0.831100 0.910018
 814000.000 0.957289 0.671733 0.765032 0.892360
 814500.000 0.930773 0.651132 0.754798 0.859642
 815000.000 0.956663 0.641846 0.788836 0.892289
 815500.000 1.008197 0.642273 0.863946 0.934882
 816000.000 0.925045 0.649219 0.747454 0.855129
 816500.000 0.927284 0.651360 0.753904 0.852685
 817000.000 0.917274 0.654345 0.754095 0.828225
 817500.000 0.896004 0.633832 0.732385 0.817017
 818000.000 0.941252 0.733099 0.716777 0.848945
 818500.000 0.969384 0.707813 0.767991 0.888033
 819000.000 0.913043 0.681331 0.722867 0.824953
 819500.000 0.917767 0.665149 0.734765 0.838027
 820000.000 0.908884 0.701867 0.686105 0.829930
 820500.000 0.892504 0.694897 0.657703 0.823208
 821000.000 0.916484 0.750310 0.646426 0.836095
 821500.000 0.901342 0.736630 0.625450 0.831279
 822000.000 0.902473 0.746869 0.634106 0.817930
 822500.000 0.934681 0.740389 0.660043 0.873742
 823000.000 0.935527 0.717578 0.692840 0.869182
 823500.000 0.935286 0.715935 0.695187 0.868144
 824000.000 0.937571 0.762879 0.653414 0.865532
 824500.000 0.941058 0.724692 0.675189 0.888889
 825000.000 0.975948 0.736183 0.721077 0.918167
 825500.000 0.980980 0.755587 0.717912 0.915607
 826000.000 0.969788 0.731677 0.727112 0.903844
 826500.000 1.017807 0.726428 0.791642 0.957846
 827000.000 0.974457 0.723058 0.739172 0.911013
 827500.000 0.958271 0.711085 0.735207 0.889042
 828000.000 0.938156 0.695159 0.710008 0.879157
 828500.000 0.963261 0.678969 0.764071 0.900522
 829000.000 0.972802 0.665715 0.793009 0.905897
 829500.000 0.988793 0.668834 0.823141 0.911332
 830000.000 0.994925 0.645994 0.835319 0.929884
 830500.000 0.981912 0.636846 0.820300 0.921866
 831000.000 0.969595 0.673762 0.781023 0.903481
 831500.000 0.982962 0.676923 0.797301 0.915704
 832000.000 1.024989 0.776607 0.799778 0.926521
 832500.000 0.962865 0.764293 0.722837 0.864626
 833000.000 0.954630 0.759866 0.717409 0.854732
 833500.000 0.954726 0.767708 0.674107 0.882727
 834000.000 0.960647 0.782688 0.670092 0.885472
 834500.000 0.953085 0.802870 0.654652 0.862307
 835000.000 0.990478 0.798648 0.707252 0.907770
 835500.000 1.000328 0.809373 0.709066 0.918397
 836000.000 0.965338 0.799902 0.668452 0.881523
 836500.000 0.970676 0.768362 0.706461 0.891604
 837000.000 0.970034 0.766447 0.703948 0.893841
 837500.000 0.986610 0.786505 0.705557 0.911261
 838000.000 0.965608 0.777028 0.687417 0.887965
 838500.000 0.954084 0.780415 0.655979 0.883852
 839000.000 0.949323 0.761345 0.692280 0.862282
 839500.000 0.931716 0.755172 0.666033 0.849885
 840000.000 0.985500 0.778001 0.701129 0.919539
 840500.000 0.951562 0.769424 0.666472 0.880194
 841000.000 0.974868 0.744746 0.714946 0.913751
 841500.000 1.004386 0.796931 0.699636 0.944985
 842000.000 0.972734 0.788315 0.661438 0.912952
 842500.000 0.975333 0.798417 0.658045 0.912170
 843000.000 0.998909 0.812853 0.672601 0.939424
 843500.000 0.989798 0.816522 0.654927 0.929389
 844000.000 1.037514 0.889945 0.641637 0.974254
 844500.000 1.022955 0.884674 0.614679 0.965607
 845000.000 1.042885 0.914290 0.600046 0.989565
 845500.000 0.994849 0.841546 0.635211 0.931535
 846000.000 1.017358 0.832598 0.684494 0.953039
 846500.000 0.980401 0.832054 0.626527 0.915161
 847000.000 0.987476 0.864990 0.600232 0.917459
 847500.000 0.972741 0.841771 0.616175 0.896772
 848000.000 0.978191 0.852850 0.599666 0.909265
 848500.000 0.956319 0.838608 0.582591 0.886801
 849000.000 0.963107 0.835183 0.582454 0.904637
 849500.000 0.943848 0.828703 0.577892 0.872347
 850000.000 0.963004 0.832752 0.593742 0.899304
 850500.000 0.957024 0.834384 0.583934 0.891411
 851000.000 0.948055 0.857306 0.542850 0.876332
 851500.000 0.958356 0.868944 0.552692 0.881114
 852000.000 0.948437 0.871741 0.526595 0.872829
 852500.000 0.956519 0.849082 0.574740 0.882378
 853000.000 0.927944 0.830716 0.555462 0.850609
 853500.000 0.921492 0.819062 0.559239 0.845390
 854000.000 0.954568 0.862001 0.548174 0.882531
 854500.000 0.927384 0.828220 0.567448 0.843882
 855000.000 0.935229 0.822150 0.589427 0.852028
 855500.000 0.944193 0.843504 0.569554 0.864355
 856000.000 0.959802 0.844113 0.591558 0.883161
 856500.000 0.946102 0.825085 0.594308 0.869627
 857000.000 0.946198 0.863961 0.542163 0.866149
 857500.000 0.936943 0.845347 0.543592 0.863494
 858000.000 0.936526 0.857150 0.525151 0.862363
 858500.000 0.963906 0.876733 0.545157 0.890154
 859000.000 0.938105 0.844181 0.540394 0.869147
 859500.000 0.935606 0.830929 0.557082 0.865987
 860000.000 0.954009 0.827139 0.594247 0.884861
 860500.000 0.961671 0.826097 0.629232 0.878210
 861000.000 0.952591 0.838137 0.587888 0.875657
 861500.000 0.947919 0.831143 0.587937 0.872142
 862000.000 0.903246 0.801916 0.546976 0.830333
 862500.000 0.943668 0.803095 0.616575 0.869421
 863000.000 0.965952 0.818212 0.637563 0.888914
 863500.000 0.960800 0.819991 0.634984 0.877886
 864000.000 0.945362 0.780690 0.643196 0.874208
 864500.000 0.924267 0.795691 0.604718 0.842456
 865000.000 0.924545 0.794792 0.601526 0.846192
 865500.000 0.911209 0.802098 0.571931 0.830746
 866000.000 0.910768 0.804204 0.570624 0.828638
 866500.000 0.901127 0.801177 0.550363 0.824183
 867000.000 0.909702 0.813766 0.538561 0.838363
 867500.000 0.937921 0.847097 0.546719 0.861927
 868000.000 0.927535 0.826530 0.557514 0.852448
 868500.000 0.900995 0.811620 0.518730 0.834131
 869000.000 0.917300 0.836154 0.531147 0.837620
 869500.000 0.918801 0.821580 0.533135 0.853912
 870000.000 0.922276 0.823189 0.533089 0.859862
 870500.000 0.915150 0.811446 0.544580 0.848521
 871000.000 0.927076 0.833056 0.535248 0.859340
 871500.000 0.908779 0.806390 0.535553 0.845385
 872000.000 0.929417 0.824864 0.540909 0.868706
 872500.000 0.916703 0.822513 0.523923 0.854205
 873000.000 0.931057 0.831483 0.553683 0.857790
 873500.000 0.917877 0.824961 0.526194 0.852968
 874000.000 0.939835 0.860914 0.511360 0.874025
 874500.000 0.943880 0.855957 0.525428 0.879251
 875000.000 0.927614 0.838250 0.531311 0.857894
 875500.000 0.941633 0.853432 0.538284 0.869050
 876000.000 0.938227 0.856510 0.509071 0.876230
 876500.000 0.932031 0.852257 0.536306 0.850528
 877000.000 0.949694 0.864719 0.516777 0.888278
 877500.000 0.933470 0.859870 0.488582 0.874439
 878000.000 0.890162 0.802342 0.515791 0.821573
 878500.000 0.910944 0.820892 0.516182 0.848134
 879000.000 0.919790 0.848909 0.493382 0.853202
 879500.000 0.915016 0.836604 0.511040 0.844654
 880000.000 0.914913 0.830138 0.510797 0.850935
 880500.000 0.901332 0.830352 0.508265 0.822788
 881000.000 0.880139 0.816764 0.491954 0.800105
 881500.000 0.882642 0.802655 0.506357 0.810840
 882000.000 0.892115 0.809488 0.519565 0.816408
 882500.000 0.889777 0.797905 0.536302 0.811870
 883000.000 0.914896 0.830260 0.536471 0.834826
 883500.000 0.875417 0.782330 0.549113 0.786857
 884000.000 0.881191 0.786675 0.537589 0.803203
 884500.000 0.898481 0.798759 0.567221 0.809186
 885000.000 0.904646 0.810316 0.548830 0.823980
 885500.000 0.907108 0.810842 0.550656 0.827650
 886000.000 0.893196 0.802477 0.535676 0.815279
 886500.000 0.884980 0.782384 0.554908 0.803948
 887000.000 0.884812 0.777831 0.566585 0.799839
 887500.000 0.883542 0.796574 0.518620 0.811046
 888000.000 0.885699 0.786256 0.547136 0.807075
 888500.000 0.879529 0.791109 0.529888 0.800316
 889000.000 0.882746 0.801898 0.519306 0.803594
 889500.000 0.875160 0.796789 0.505726 0.800736
 890000.000 0.878869 0.788584 0.517147 0.809640
 890500.000 0.875898 0.796569 0.499530 0.806437
 891000.000 0.885730 0.807031 0.509705 0.811132
 891500.000 0.877775 0.797279 0.502254 0.808124
 892000.000 0.879459 0.789749 0.515626 0.810753
 892500.000 0.872174 0.792922 0.503638 0.799374
 893000.000 0.876887 0.793044 0.505622 0.808263
 893500.000 0.867027 0.788115 0.496204 0.797577
 894000.000 0.875483 0.791451 0.511600 0.803002
 894500.000 0.871993 0.784444 0.505247 0.806299
 895000.000 0.865225 0.791487 0.492591 0.792548
 895500.000 0.858662 0.783829 0.499005 0.781797
 896000.000 0.879846 0.813731 0.491645 0.802736
 896500.000 0.874119 0.802732 0.488886 0.802981
 897000.000 0.882221 0.808183 0.496829 0.810327
 897500.000 0.886561 0.808047 0.510188 0.811633
 898000.000 0.887769 0.801047 0.521506 0.814016
 898500.000 0.868863 0.793510 0.501036 0.793190
 899000.000 0.875716 0.803114 0.494538 0.802619
 899500.000 0.871223 0.808105 0.478965 0.797255
 900000.000 0.889540 0.823919 0.476924 0.822353
 900500.000 0.868887 0.795824 0.497555 0.793116
 901000.000 0.877990 0.802755 0.483678 0.814477
 901500.000 0.873374 0.793356 0.498501 0.804765
 902000.000 0.884582 0.809989 0.496651 0.813773
 902500.000 0.881301 0.802026 0.506284 0.808588
 903000.000 0.900894 0.827911 0.498904 0.829988
 903500.000 0.883912 0.805089 0.499673 0.815327
 904000.000 0.891089 0.811142 0.506353 0.820813
 904500.000 0.877979 0.796626 0.495735 0.813218
 905000.000 0.893869 0.823587 0.499151 0.818874
 905500.000 0.874122 0.795888 0.493076 0.807228
 906000.000 0.892558 0.821410 0.492545 0.822194
 906500.000 0.882653 0.804866 0.490417 0.818435
 907000.000 0.878414 0.800670 0.493555 0.811514
 907500.000 0.887527 0.811009 0.488029 0.824319
 908000.000 0.888864 0.816352 0.478835 0.827313
 908500.000 0.886350 0.822090 0.473076 0.819514
 909000.000 0.901920 0.835008 0.483892 0.833985
 909500.000 0.888406 0.815521 0.491623 0.819613
 910000.000 0.883089 0.815125 0.469529 0.821465
 910500.000 0.881739 0.814453 0.482165 0.811857
 911000.000 0.881825 0.813254 0.479533 0.814800
 911500.000 0.886228 0.823747 0.473842 0.817137
 912000.000 0.884121 0.816462 0.478797 0.816997
 912500.000 0.930512 0.861046 0.489292 0.866543
 913000.000 0.889592 0.830488 0.466743 0.821699
 913500.000 0.895991 0.836001 0.472793 0.826541
 914000.000 0.898797 0.834934 0.482638 0.828021
 914500.000 0.915383 0.854101 0.484466 0.843598
 915000.000 0.899641 0.836060 0.486932 0.826201
 915500.000 0.887044 0.822182 0.481284 0.816135
 916000.000 0.883709 0.820727 0.481657 0.810122
 916500.000 0.873715 0.808537 0.493620 0.793326
 917000.000 0.871178 0.800951 0.487799 0.799019
 917500.000 0.882010 0.817489 0.474746 0.813763
 918000.000 0.891145 0.823327 0.476774 0.826499
 918500.000 0.893005 0.828163 0.475488 0.826422
 919000.000 0.878425 0.809526 0.479340 0.811272
 919500.000 0.892574 0.822204 0.492798 0.821284
 920000.000 0.886989 0.816777 0.498990 0.810791
 920500.000 0.881504 0.808297 0.492291 0.811421
 921000.000 0.884330 0.809887 0.504571 0.808437
 921500.000 0.890964 0.814834 0.503446 0.818671
 922000.000 0.872860 0.802249 0.502664 0.792145
 922500.000 0.906484 0.837896 0.499454 0.831806
 923000.000 0.891650 0.820830 0.484354 0.825663
 923500.000 0.889314 0.816054 0.492019 0.820812
 924000.000 0.885325 0.813363 0.490043 0.816026
 924500.000 0.893279 0.823133 0.491420 0.822711
 925000.000 0.890532 0.816044 0.491432 0.823810
 925500.000 0.893451 0.820737 0.488900 0.826969
 926000.000 0.879961 0.809650 0.481866 0.812979
 926500.000 0.880130 0.806065 0.498707 0.806727
 927000.000 0.889608 0.809894 0.500247 0.822575
 927500.000 0.893573 0.828442 0.476368 0.826865
 928000.000 0.899337 0.831023 0.476520 0.836625
 928500.000 0.892603 0.823569 0.482984 0.825797
 929000.000 0.878007 0.801129 0.495458 0.809016
 929500.000 0.880050 0.803456 0.489405 0.814813
 930000.000 0.877561 0.807436 0.490888 0.804550
 930500.000 0.868685 0.800445 0.496049 0.788954
 931000.000 0.868607 0.803522 0.486903 0.791350
 931500.000 0.874765 0.808370 0.498540 0.792731
 932000.000 0.858273 0.776992 0.515433 0.777094
 932500.000 0.862312 0.784626 0.521994 0.773982
 933000.000 0.868464 0.794754 0.508518 0.786280
 933500.000 0.873354 0.799470 0.516781 0.786941
 934000.000 0.865738 0.776211 0.539926 0.777804
 934500.000 0.876481 0.784865 0.527123 0.801602
 935000.000 0.865968 0.778549 0.522584 0.787761
 935500.000 0.867837 0.788514 0.502437 0.795037
 936000.000 0.880895 0.783049 0.542108 0.803060
 936500.000 0.869079 0.778358 0.533900 0.787214
 937000.000 0.866087 0.797309 0.488817 0.790930
 937500.000 0.872818 0.795642 0.512366 0.792500
 938000.000 0.859893 0.790218 0.498195 0.778581
 938500.000 0.892034 0.824928 0.490690 0.818637
 939000.000 0.884064 0.816781 0.482500 0.814372
 939500.000 0.861832 0.792601 0.478485 0.792682
 940000.000 0.859358 0.791156 0.484217 0.785237
 940500.000 0.871366 0.805279 0.487248 0.795408
 941000.000 0.862263 0.794111 0.478448 0.792131
 941500.000 0.865042 0.794058 0.486376 0.793416
 942000.000 0.896012 0.831754 0.472131 0.831236
 942500.000 0.879121 0.812106 0.474272 0.813177
 943000.000 0.907421 0.841744 0.476924 0.843110
 943500.000 0.966832 0.887249 0.512334 0.905446
 944000.000 0.948128 0.875409 0.494632 0.887069
 944500.000 1.008003 0.929581 0.531047 0.941280
 945000.000 0.968287 0.897003 0.495323 0.908405
 945500.000 0.967808 0.896535 0.516644 0.895885
 946000.000 0.981269 0.909697 0.519433 0.910175
 946500.000 1.036646 0.976826 0.525435 0.958646
 947000.000 1.078014 1.040991 0.491214 0.999638
 947500.000 1.073961 1.002287 0.533393 1.008809
 948000.000 1.038702 0.975962 0.498203 0.978312
 948500.000 1.062896 1.008532 0.498625 0.996862
 949000.000 1.055724 1.009014 0.493079 0.983804
 949500.000 1.035618 0.956798 0.514623 0.982196
 950000.000 1.042228 0.985857 0.496329 0.976844
 950500.000 1.084215 1.028492 0.498645 1.022058
 951000.000 1.030372 0.941354 0.533321 0.976091
 951500.000 0.986580 0.903742 0.509329 0.933015
 952000.000 0.963900 0.877903 0.514077 0.907312
 952500.000 0.940984 0.867240 0.499002 0.877379
 953000.000 0.955875 0.877215 0.515531 0.890009
 953500.000 0.951931 0.875886 0.503023 0.890020
 954000.000 0.949823 0.841626 0.552287 0.889367
 954500.000 0.977546 0.866045 0.555380 0.923422
 955000.000 0.957745 0.891209 0.504661 0.886349
 955500.000 0.934850 0.851879 0.513765 0.870766
 956000.000 0.958481 0.874511 0.516779 0.897521
 956500.000 0.947469 0.866421 0.508446 0.886675
 957000.000 0.961305 0.868410 0.527822 0.903040
 957500.000 0.942664 0.874341 0.509738 0.867711
 958000.000 0.998527 0.927286 0.533704 0.921638
 958500.000 0.976809 0.899562 0.533095 0.902723
 959000.000 0.983986 0.914065 0.537761 0.900976
 959500.000 1.015911 0.924922 0.577710 0.935372
 960000.000 1.040615 0.896128 0.632175 0.981361
 960500.000 0.996383 0.907021 0.547732 0.928903
 961000.000 1.005486 0.928018 0.530859 0.937537
 961500.000 1.025533 0.954893 0.524570 0.957309
 962000.000 0.982814 0.888329 0.544282 0.920042
 962500.000 1.031389 0.948670 0.541039 0.966866
 963000.000 0.963156 0.841251 0.565323 0.909969
 963500.000 0.957072 0.828644 0.565427 0.908632
 964000.000 0.926232 0.795334 0.563107 0.875308
 964500.000 0.877965 0.745420 0.567196 0.815036
 965000.000 0.889709 0.758804 0.569242 0.826645
 965500.000 0.875676 0.766353 0.561993 0.794030
 966000.000 0.929471 0.805053 0.579652 0.862395
 966500.000 0.968716 0.825034 0.603579 0.912049
 967000.000 0.919589 0.801353 0.574751 0.847810
 967500.000 0.915380 0.778733 0.589221 0.849844
 968000.000 0.910615 0.784081 0.575627 0.843986
 968500.000 0.876777 0.742926 0.573792 0.810124
 969000.000 0.953150 0.831754 0.605129 0.871202
 969500.000 0.945293 0.846740 0.585165 0.853094
 970000.000 1.025007 0.904421 0.609903 0.954630
 970500.000 0.946643 0.798044 0.621232 0.877190
 971000.000 0.977745 0.798148 0.657398 0.918019
 971500.000 0.964452 0.817619 0.616761 0.900801
 972000.000 0.966521 0.806438 0.618252 0.914193
 972500.000 0.913853 0.780309 0.573088 0.856122
 973000.000 0.973199 0.871368 0.550684 0.911975
 973500.000 0.933590 0.823259 0.556018 0.869638
 974000.000 0.944769 0.829670 0.556615 0.887132
 974500.000 0.897492 0.780489 0.543809 0.840292
 975000.000 0.898658 0.786328 0.550506 0.832949
 975500.000 0.921614 0.799469 0.563472 0.861448
 976000.000 0.860341 0.753635 0.532827 0.792781
 976500.000 0.912968 0.778017 0.603681 0.835033
 977000.000 0.870429 0.757289 0.561616 0.791451
 977500.000 0.894762 0.745709 0.604054 0.824763
 978000.000 0.905239 0.745698 0.618551 0.836807
 978500.000 0.959712 0.829283 0.593863 0.895382
 979000.000 0.930726 0.798666 0.582707 0.868958
 979500.000 0.901075 0.769628 0.575971 0.836541
 980000.000 0.922150 0.811903 0.557969 0.854520
 980500.000 0.939176 0.863254 0.524994 0.862135
 981000.000 0.937866 0.855173 0.543079 0.856113
 981500.000 0.915842 0.824070 0.536492 0.842983
 982000.000 0.927982 0.847583 0.514098 0.860004
 982500.000 0.944461 0.855250 0.537916 0.873617
 983000.000 0.940495 0.856125 0.520957 0.874481
 983500.000 0.947369 0.880652 0.506910 0.873218
 984000.000 0.946884 0.871461 0.531434 0.866783
 984500.000 0.899955 0.798496 0.544670 0.827995
 985000.000 0.913973 0.816473 0.546136 0.840119
 985500.000 0.965787 0.854967 0.600668 0.879612
 986000.000 0.956481 0.829660 0.592275 0.889149
 986500.000 0.982580 0.884186 0.551357 0.919318
 987000.000 0.972454 0.864431 0.566801 0.907100
 987500.000 0.963557 0.876176 0.534272 0.896522
 988000.000 0.910007 0.807868 0.549013 0.837950
 988500.000 0.950119 0.854994 0.543300 0.882759
 989000.000 1.026472 0.946441 0.523660 0.968152
 989500.000 0.992125 0.933954 0.493972 0.923225
 990000.000 1.028146 0.976608 0.479759 0.964487
 990500.000 0.951573 0.870755 0.513204 0.888477
 991000.000 0.951656 0.883906 0.491558 0.887906
 991500.000 0.931756 0.859447 0.504911 0.861833
 992000.000 0.929369 0.827350 0.536711 0.868844
 992500.000 0.971702 0.887638 0.516339 0.913182
 993000.000 0.969301 0.866799 0.550003 0.908430
 993500.000 0.909755 0.800934 0.554614 0.840367
 994000.000 0.969581 0.887182 0.526358 0.903344
 994500.000 0.947546 0.833914 0.552891 0.891394
 995000.000 0.933093 0.824376 0.566569 0.860656
 995500.000 1.035353 0.965817 0.501132 0.979784
 996000.000 0.916128 0.808218 0.571532 0.835892
 996500.000 0.943124 0.857132 0.559031 0.855436
 997000.000 0.997468 0.892942 0.580426 0.925011
 997500.000 0.982142 0.862546 0.587511 0.916543
 998000.000 0.965257 0.840317 0.592026 0.898229
 998500.000 1.007310 0.888076 0.580254 0.950775
 999000.000 0.914713 0.833476 0.571595 0.807463
 999500.000 0.913519 0.822777 0.563026 0.821629
1000000.000 0.917427 0.826914 0.562721 0.826380
