43.697 37.827 -101.2875
46.571 40.902 -103.168
37.549 35.921 -92.567
47.282 41.946 -103.9885
50.871 58.309 -123.836
65.001 68.601 -158.2
59.205 55.01 -139.216
59.638 60.646 -149.4925
60.193 62.327 -151.2325
52.636 49.208 -116.512
52.547 49.284 -121.788
44.033 39.515 -104.6945
46.318 48.255 -120.073
44.011 42.071 -101.0145
51.708 47.282 -114.8235
42.547 41.765 -95.9545
39.183 37.594 -88.512
46.286 43.406 -105.5925
48.486 49.786 -116.2275
42.889 40.912 -100.156
38.391 39.301 -94.738
39.415 45.947 -95.0975
50.732 54.549 -113.9125
45.862 48.32 -113.6435
41.813 42.566 -99.8
40.952 41.292 -99.812
39.9 44.285 -95.1805
44.751 50.056 -115.903
37.994 47.202 -95.946
45.202 49.0 -107.141
40.529 42.55 -102.324
42.16 48.912 -103.368
44.066 46.978 -107.7845
44.897 46.208 -108.023
44.454 47.293 -113.571
46.736 54.001 -122.3495
42.043 45.753 -110.813
40.339 50.127 -114.254
44.625 53.842 -116.9765
46.849 49.28 -123.6165
43.918 46.21 -111.336
44.794 45.393 -110.648
37.683 42.934 -95.19
32.06 38.604 -80.3775
46.295 49.12 -103.711
53.436 62.988 -133.4045
55.839 63.981 -129.556
43.057 49.318 -93.208
40.166 49.427 -105.422
47.345 56.119 -121.863
44.7 53.455 -118.2455
41.294 53.777 -109.0115
40.971 49.705 -106.497
47.034 56.576 -124.0395
46.204 52.973 -124.277
51.632 60.724 -132.075
39.718 48.607 -116.645
47.725 55.636 -127.462
45.823 55.438 -121.567
47.489 58.437 -125.0565
38.774 44.933 -107.212
41.502 51.78 -113.996
40.074 51.838 -109.865
48.401 51.491 -119.318
44.15 49.983 -116.783
42.993 51.739 -114.494
39.875 53.237 -114.16
42.815 50.948 -114.8165
45.102 59.058 -124.0375
48.929 58.663 -132.24
48.513 57.13 -130.027
49.418 58.299 -133.673
44.419 51.638 -117.4955
46.181 51.835 -115.327
44.058 54.261 -121.617
44.443 56.707 -126.595
49.965 58.332 -125.814
51.135 59.216 -123.393
46.49 55.798 -123.5275
42.704 47.609 -109.42
40.957 47.368 -110.3905
46.144 53.98 -122.0885
46.732 49.804 -113.3225
40.822 42.359 -98.842
47.98 44.609 -108.925
47.81 46.879 -115.5715
41.626 43.862 -100.5115
37.381 43.215 -95.5245
42.611 46.917 -107.6085
46.633 50.63 -115.069
51.6 57.491 -125.696
53.575 56.408 -139.6785
49.026 57.432 -131.5835
40.491 41.887 -108.129
46.275 53.191 -117.464
50.39 48.145 -118.0555
51.015 54.204 -135.028
57.468 58.38 -138.152
56.547 51.938 -139.064
51.759 49.295 -133.905
55.464 61.96 -142.476
