49.869 54.877 -113.234
53.661 64.503 -128.357
44.062 56.355 -111.38
56.283 70.511 -143.563
46.371 60.645 -118.115
45.226 54.113 -110.6
50.078 58.764 -122.244
49.855 54.076 -115.634
48.334 55.473 -123.442
39.802 52.135 -117.736
46.097 54.899 -115.558
42.418 51.977 -120.064
47.903 58.252 -133.9115
42.692 50.363 -110.649
47.223 60.078 -121.883
41.606 48.54 -112.809
44.88 49.192 -107.903
40.437 54.466 -104.491
42.266 54.072 -112.936
44.214 57.334 -110.1365
48.325 60.812 -123.869
38.611 50.154 -95.7865
47.579 56.388 -105.803
46.892 57.975 -124.028
45.298 49.311 -119.025
39.779 48.706 -106.083
45.566 55.167 -113.4055
45.026 48.304 -102.078
47.426 56.593 -118.25
38.761 50.724 -98.116
46.738 55.882 -123.278
54.112 63.757 -130.095
48.529 56.311 -120.099
50.102 61.375 -132.219
43.901 56.935 -120.079
53.034 59.193 -127.637
42.489 49.666 -104.291
37.223 43.066 -98.984
44.82 46.736 -109.158
37.492 39.402 -93.8125
32.974 43.618 -86.534
36.76 43.822 -94.839
42.59 53.172 -116.058
35.338 43.532 -98.52
39.67 51.09 -113.712
32.199 40.652 -86.729
34.426 44.229 -91.6295
35.883 42.81 -97.1525
37.505 46.839 -103.436
36.24 45.626 -92.83
36.668 44.42 -94.324
28.845 37.648 -74.823
30.968 38.35 -85.331
35.531 48.965 -101.053
35.706 41.727 -85.899
33.55 38.749 -79.019
36.964 43.817 -94.708
37.045 46.209 -89.869
34.18 47.776 -96.9
35.431 46.665 -94.2725
25.964 36.268 -72.162
27.634 35.639 -78.447
27.341 39.05 -73.4115
28.516 41.942 -83.72
46.043 51.236 -105.17
34.108 43.062 -84.153
28.458 34.534 -78.044
38.727 44.893 -95.433
36.619 46.613 -89.81
38.74 45.85 -99.758
39.039 45.702 -103.43
39.007 43.345 -104.319
37.09 42.172 -97.295
46.031 51.871 -120.491
36.392 42.141 -100.579
34.931 44.211 -91.476
28.926 35.873 -77.024
39.269 44.113 -93.609
32.329 39.281 -80.371
33.161 42.379 -76.664
39.374 53.182 -99.1685
36.78 43.67 -92.377
51.412 51.474 -116.535
45.166 46.886 -106.797
47.875 55.358 -115.851
44.332 52.303 -119.935
58.193 58.888 -136.0585
58.507 54.535 -139.631
49.153 56.465 -123.717
58.761 58.488 -136.119
58.498 61.175 -139.736
56.405 58.881 -134.326
54.156 58.26 -138.9895
50.168 58.058 -125.521
48.062 54.121 -118.864
42.297 55.147 -114.9985
44.966 48.202 -102.422
42.234 44.564 -96.841
42.01 51.765 -120.545
44.548 49.691 -122.935
50.448 57.721 -133.732
