 750000.000   -3.253
 750500.000   -2.560
 751000.000   -3.607
 751500.000   -2.290
 752000.000   -2.563
 752500.000   -3.353
 753000.000   -0.732
 753500.000   -2.223
 754000.000   -1.848
 754500.000   -2.288
 755000.000   -0.366
 755500.000   -2.192
 756000.000   -0.702
 756500.000   -2.838
 757000.000   -1.417
 757500.000   -4.045
 758000.000   -2.212
 758500.000   -3.497
 759000.000   -2.547
 759500.000    0.776
 760000.000   -1.408
 760500.000   -0.625
 761000.000   -1.954
 761500.000   -1.765
 762000.000    0.675
 762500.000   -2.034
 763000.000   -2.279
 763500.000   -1.158
 764000.000   -4.733
 764500.000   -4.198
 765000.000   -3.779
 765500.000   -3.688
 766000.000   -3.071
 766500.000   -1.005
 767000.000   -2.107
 767500.000   -5.078
 768000.000   -1.062
 768500.000   -2.029
 769000.000   -3.184
 769500.000   -5.079
 770000.000   -2.567
 770500.000   -1.598
 771000.000    0.579
 771500.000   -3.083
 772000.000   -1.609
 772500.000   -4.054
 773000.000    0.395
 773500.000   -1.064
 774000.000    0.674
 774500.000   -1.690
 775000.000   -3.527
 775500.000   -0.987
 776000.000   -2.902
 776500.000   -1.516
 777000.000   -3.083
 777500.000   -1.768
 778000.000   -0.026
 778500.000   -4.118
 779000.000   -4.029
 779500.000   -2.551
 780000.000   -1.245
 780500.000   -3.080
 781000.000   -2.732
 781500.000    1.192
 782000.000   -1.946
 782500.000   -0.822
 783000.000   -0.648
 783500.000   -1.782
 784000.000   -1.690
 784500.000   -2.111
 785000.000   -0.890
 785500.000   -0.805
 786000.000   -3.330
 786500.000   -2.196
 787000.000   -1.225
 787500.000   -0.988
 788000.000   -1.328
 788500.000    0.406
 789000.000   -0.728
 789500.000   -1.514
 790000.000   -1.420
 790500.000   -2.015
 791000.000   -3.269
 791500.000   -1.167
 792000.000   -1.680
 792500.000   -0.994
 793000.000   -2.217
 793500.000   -0.993
 794000.000   -3.410
 794500.000   -3.438
 795000.000   -2.040
 795500.000    0.152
 796000.000   -1.601
 796500.000   -0.208
 797000.000   -1.601
 797500.000   -1.875
 798000.000   -1.243
 798500.000   -2.389
 799000.000   -1.071
 799500.000   -1.777
 800000.000   -2.549
 800500.000   -2.283
 801000.000   -0.111
 801500.000   -2.473
 802000.000   -2.368
 802500.000   -2.817
 803000.000   -1.594
 803500.000    1.385
 804000.000   -1.591
 804500.000    2.940
 805000.000    0.587
 805500.000    0.940
 806000.000    0.494
 806500.000    1.722
 807000.000   -1.261
 807500.000   -0.292
 808000.000   -4.476
 808500.000   -2.474
 809000.000   -0.799
 809500.000   -3.241
 810000.000   -2.907
 810500.000   -1.066
 811000.000   -3.422
 811500.000   -1.078
 812000.000    1.903
 812500.000   -0.728
 813000.000   -4.464
 813500.000   -4.402
 814000.000   -1.419
 814500.000   -3.752
 815000.000   -6.031
 815500.000    1.296
 816000.000   -2.017
 816500.000   -2.194
 817000.000   -2.201
 817500.000   -3.765
 818000.000   -1.765
 818500.000   -4.542
 819000.000   -2.033
 819500.000    0.161
 820000.000   -1.678
 820500.000   -3.516
 821000.000   -3.330
 821500.000   -2.111
 822000.000   -1.502
 822500.000   -2.886
 823000.000   -5.862
 823500.000    0.753
 824000.000   -3.081
 824500.000   -0.006
 825000.000   -4.031
 825500.000   -2.558
 826000.000   -1.752
 826500.000   -1.248
 827000.000   -0.805
 827500.000   -3.507
 828000.000   -2.208
 828500.000   -2.464
 829000.000   -3.527
 829500.000   -1.846
 830000.000   -3.243
 830500.000   -3.415
 831000.000   -1.860
 831500.000   -0.271
 832000.000   -2.111
 832500.000   -1.756
 833000.000   -3.484
 833500.000   -1.325
 834000.000   -1.053
 834500.000   -1.775
 835000.000   -0.988
 835500.000   -3.250
 836000.000   -2.911
 836500.000   -0.904
 837000.000   -0.290
 837500.000   -3.424
 838000.000   -2.913
 838500.000   -3.610
 839000.000   -2.302
 839500.000   -3.248
 840000.000   -2.822
 840500.000   -2.735
 841000.000   -2.112
 841500.000   -2.757
 842000.000   -2.473
 842500.000   -2.561
 843000.000   -1.875
 843500.000   -0.098
 844000.000   -2.730
 844500.000   -1.073
 845000.000   -1.837
 845500.000    2.420
 846000.000    0.250
 846500.000   -2.020
 847000.000   -0.526
 847500.000   -1.829
 848000.000   -0.524
 848500.000    0.673
 849000.000   -0.279
 849500.000    0.420
 850000.000   -3.422
 850500.000    0.848
 851000.000    0.406
 851500.000   -2.723
 852000.000   -0.437
 852500.000   -1.845
 853000.000    1.034
 853500.000   -0.459
 854000.000   -0.265
 854500.000   -1.944
 855000.000   -2.604
 855500.000    0.851
 856000.000   -1.227
 856500.000   -2.357
 857000.000   -1.401
 857500.000   -0.714
 858000.000   -2.643
 858500.000   -2.283
 859000.000   -2.455
 859500.000    1.733
 860000.000    0.674
 860500.000   -0.370
 861000.000   -0.017
 861500.000   -1.500
 862000.000   -1.834
 862500.000   -0.790
 863000.000    0.301
 863500.000    1.822
 864000.000   -0.455
 864500.000   -1.065
 865000.000   -0.288
 865500.000   -0.973
 866000.000   -0.716
 866500.000    0.237
 867000.000    1.635
 867500.000   -0.285
 868000.000   -1.946
 868500.000   -1.326
 869000.000   -1.667
 869500.000   -1.262
 870000.000   -2.737
 870500.000   -1.944
 871000.000   -2.458
 871500.000   -0.989
 872000.000   -2.382
 872500.000   -3.947
 873000.000    0.148
 873500.000   -2.975
 874000.000   -2.902
 874500.000   -3.433
 875000.000    1.192
 875500.000   -1.695
 876000.000   -3.232
 876500.000   -3.575
 877000.000   -1.942
 877500.000    0.068
 878000.000   -4.820
 878500.000   -2.739
 879000.000   -4.034
 879500.000   -1.145
 880000.000   -1.161
 880500.000   -3.603
 881000.000   -2.565
 881500.000   -1.614
 882000.000   -1.685
 882500.000   -0.542
 883000.000   -0.214
 883500.000   -3.168
 884000.000   -3.344
 884500.000   -5.243
 885000.000   -2.121
 885500.000    0.578
 886000.000   -0.813
 886500.000   -3.757
 887000.000   -1.238
 887500.000   -1.417
 888000.000   -3.172
 888500.000   -1.151
 889000.000   -0.817
 889500.000   -1.683
 890000.000   -2.093
 890500.000   -1.681
 891000.000   -1.097
 891500.000   -1.699
 892000.000   -1.962
 892500.000   -1.344
 893000.000   -3.344
 893500.000   -2.290
 894000.000   -0.295
 894500.000   -3.223
 895000.000   -3.094
 895500.000   -2.111
 896000.000   -0.027
 896500.000   -2.371
 897000.000   -3.862
 897500.000    0.416
 898000.000   -1.754
 898500.000   -3.591
 899000.000   -2.371
 899500.000    1.117
 900000.000   -0.026
 900500.000   -1.488
 901000.000   -2.208
 901500.000   -1.942
 902000.000   -1.935
 902500.000   -2.551
 903000.000   -2.192
 903500.000   -1.578
 904000.000   -1.154
 904500.000   -0.973
 905000.000   -1.568
 905500.000   -1.761
 906000.000   -0.547
 906500.000   -2.194
 907000.000   -3.154
 907500.000   -1.937
 908000.000   -2.015
 908500.000   -1.145
 909000.000   -2.103
 909500.000   -2.449
 910000.000    0.589
 910500.000   -1.147
 911000.000   -1.761
 911500.000   -0.116
 912000.000   -0.276
 912500.000   -2.536
 913000.000    0.070
 913500.000   -1.497
 914000.000   -3.065
 914500.000   -2.175
 915000.000   -3.665
 915500.000   -2.623
 916000.000   -2.371
 916500.000    0.603
 917000.000   -0.631
 917500.000   -3.227
 918000.000   -0.968
 918500.000   -1.660
 919000.000   -2.625
 919500.000   -2.881
 920000.000   -1.404
 920500.000   -1.834
 921000.000   -2.102
 921500.000   -3.576
 922000.000   -4.455
 922500.000   -2.185
 923000.000    0.748
 923500.000    1.653
 924000.000   -0.719
 924500.000   -1.497
 925000.000   -1.658
 925500.000   -1.044
 926000.000   -0.870
 926500.000   -1.502
 927000.000   -1.569
 927500.000   -2.797
 928000.000   -0.702
 928500.000   -1.742
 929000.000   -2.718
 929500.000   -2.171
 930000.000    0.338
 930500.000    0.159
 931000.000   -3.743
 931500.000   -0.888
 932000.000   -2.276
 932500.000   -4.297
 933000.000   -2.100
 933500.000   -1.763
 934000.000   -0.624
 934500.000   -1.926
 935000.000   -0.631
 935500.000   -2.363
 936000.000   -2.609
 936500.000   -2.529
 937000.000   -0.448
 937500.000   -1.923
 938000.000   -3.227
 938500.000   -4.013
 939000.000   -3.566
 939500.000   -1.734
 940000.000   -2.622
 940500.000   -3.145
 941000.000   -2.521
 941500.000   -2.812
 942000.000   -4.806
 942500.000   -1.413
 943000.000   -4.552
 943500.000   -0.982
 944000.000   -1.933
 944500.000   -2.723
 945000.000   -0.973
 945500.000   -3.419
 946000.000   -0.363
 946500.000   -2.897
 947000.000   -2.015
 947500.000   -1.860
 948000.000   -1.843
 948500.000   -4.192
 949000.000   -0.368
 949500.000   -2.286
 950000.000   -5.688
 950500.000   -0.707
 951000.000   -0.824
 951500.000   -3.158
 952000.000   -4.295
 952500.000   -0.365
 953000.000   -3.174
 953500.000   -2.542
 954000.000   -3.773
 954500.000   -3.241
 955000.000   -2.806
 955500.000   -2.208
 956000.000   -4.043
 956500.000   -2.375
 957000.000   -5.065
 957500.000   -2.968
 958000.000   -2.109
 958500.000   -2.545
 959000.000   -3.074
 959500.000   -1.491
 960000.000   -0.599
 960500.000   -5.335
 961000.000   -5.518
 961500.000   -3.243
 962000.000   -3.605
 962500.000   -0.906
 963000.000   -5.090
 963500.000   -3.594
 964000.000   -2.308
 964500.000   -1.932
 965000.000   -0.973
 965500.000   -3.165
 966000.000   -4.018
 966500.000   -5.143
 967000.000   -1.062
 967500.000   -3.410
 968000.000   -4.366
 968500.000   -4.196
 969000.000   -2.897
 969500.000   -1.511
 970000.000   -2.538
 970500.000   -2.448
 971000.000   -3.429
 971500.000   -3.062
 972000.000   -3.592
 972500.000   -2.460
 973000.000   -1.585
 973500.000   -0.900
 974000.000   -3.326
 974500.000   -2.103
 975000.000   -3.241
 975500.000   -1.658
 976000.000   -4.015
 976500.000   -4.882
 977000.000   -3.434
 977500.000   -2.719
 978000.000   -1.076
 978500.000   -3.839
 979000.000   -2.881
 979500.000   -2.712
 980000.000    0.505
 980500.000   -6.116
 981000.000   -3.504
 981500.000   -2.893
 982000.000   -3.147
 982500.000   -1.754
 983000.000    0.436
 983500.000   -2.100
 984000.000   -1.749
 984500.000   -2.104
 985000.000   -1.935
 985500.000   -2.178
 986000.000   -3.239
 986500.000   -1.562
 987000.000    0.354
 987500.000   -1.834
 988000.000   -0.004
 988500.000   -3.855
 989000.000   -2.710
 989500.000   -2.471
 990000.000   -3.088
 990500.000   -1.326
 991000.000   -0.629
 991500.000   -0.973
 992000.000   -2.272
 992500.000   -2.442
 993000.000   -3.413
 993500.000    1.132
 994000.000    0.947
 994500.000   -0.175
 995000.000    0.159
 995500.000   -2.196
 996000.000    0.058
 996500.000   -4.716
 997000.000   -3.056
 997500.000   -3.679
 998000.000   -0.716
 998500.000   -1.493
 999000.000   -3.930
 999500.000   -1.859
1000000.000   -0.624
