 750000.000    6.717  659.145
 750500.000    6.634  667.332
 751000.000    6.440  687.488
 751500.000    6.449  686.540
 752000.000    6.685  662.334
 752500.000    6.534  677.564
 753000.000    6.525  678.480
 753500.000    6.859  645.489
 754000.000    6.435  688.051
 754500.000    6.656  665.183
 755000.000    6.737  657.176
 755500.000    6.622  668.539
 756000.000    6.590  671.791
 756500.000    6.421  689.538
 757000.000    6.621  668.645
 757500.000    6.590  671.859
 758000.000    6.703  660.552
 758500.000    6.400  691.781
 759000.000    6.553  675.611
 759500.000    6.418  689.857
 760000.000    6.525  678.548
 760500.000    6.533  677.662
 761000.000    6.674  663.368
 761500.000    6.519  679.154
 762000.000    6.541  676.820
 762500.000    6.683  662.485
 763000.000    6.331  699.272
 763500.000    6.679  662.866
 764000.000    6.555  675.397
 764500.000    6.675  663.299
 765000.000    6.761  654.870
 765500.000    6.765  654.435
 766000.000    6.721  658.777
 766500.000    6.960  636.123
 767000.000    6.562  674.702
 767500.000    6.433  688.261
 768000.000    6.520  679.068
 768500.000    6.714  659.461
 769000.000    6.694  661.380
 769500.000    6.583  672.520
 770000.000    6.879  643.616
 770500.000    6.664  664.382
 771000.000    6.963  635.891
 771500.000    6.687  662.119
 772000.000    6.608  669.972
 772500.000    6.627  668.103
 773000.000    6.744  656.541
 773500.000    6.565  674.389
 774000.000    6.653  665.496
 774500.000    6.635  667.304
 775000.000    6.700  660.784
 775500.000    6.796  651.505
 776000.000    6.553  675.641
 776500.000    6.669  663.919
 777000.000    6.615  669.297
 777500.000    6.780  653.031
 778000.000    6.696  661.239
 778500.000    6.552  675.775
 779000.000    6.527  678.372
 779500.000    6.512  679.841
 780000.000    6.548  676.146
 780500.000    6.659  664.863
 781000.000    6.782  652.777
 781500.000    6.535  677.480
 782000.000    6.803  650.802
 782500.000    6.654  665.350
 783000.000    6.307  702.034
 783500.000    6.722  658.617
 784000.000    6.588  672.067
 784500.000    6.574  673.436
 785000.000    6.494  681.768
 785500.000    6.473  683.994
 786000.000    6.541  676.858
 786500.000    6.485  682.742
 787000.000    6.513  679.804
 787500.000    6.753  655.622
 788000.000    6.574  673.488
 788500.000    6.417  689.896
 789000.000    6.583  672.593
 789500.000    6.569  673.983
 790000.000    6.761  654.828
 790500.000    6.638  667.018
 791000.000    6.620  668.814
 791500.000    6.712  659.584
 792000.000    6.651  665.694
 792500.000    6.655  665.254
 793000.000    6.666  664.160
 793500.000    6.702  660.577
 794000.000    6.458  685.581
 794500.000    6.904  641.287
 795000.000    6.654  665.402
 795500.000    6.572  673.636
 796000.000    6.819  649.231
 796500.000    6.598  670.996
 797000.000    6.770  654.010
 797500.000    6.595  671.316
 798000.000    6.605  670.302
 798500.000    6.667  664.042
 799000.000    6.519  679.121
 799500.000    6.548  676.100
 800000.000    6.799  651.218
 800500.000    6.294  703.425
 801000.000    6.590  671.858
 801500.000    6.364  695.721
 802000.000    6.579  672.991
 802500.000    6.635  667.307
 803000.000    6.641  666.651
 803500.000    6.458  685.517
 804000.000    6.536  677.427
 804500.000    6.582  672.621
 805000.000    6.623  668.500
 805500.000    6.641  666.725
 806000.000    6.633  667.488
 806500.000    6.466  684.715
 807000.000    6.724  658.407
 807500.000    6.547  676.274
 808000.000    6.420  689.605
 808500.000    6.627  668.091
 809000.000    6.488  682.352
 809500.000    6.625  668.267
 810000.000    6.817  649.419
 810500.000    6.740  656.929
 811000.000    6.705  660.332
 811500.000    6.497  681.411
 812000.000    6.814  649.759
 812500.000    6.520  679.074
 813000.000    6.586  672.224
 813500.000    6.767  654.298
 814000.000    6.766  654.348
 814500.000    6.528  678.249
 815000.000    6.652  665.610
 815500.000    6.491  682.113
 816000.000    6.404  691.367
 816500.000    6.399  691.890
 817000.000    6.437  687.823
 817500.000    6.668  663.943
 818000.000    6.444  687.071
 818500.000    6.629  667.878
 819000.000    6.583  672.592
 819500.000    6.674  663.373
 820000.000    6.791  651.940
 820500.000    6.631  667.711
 821000.000    6.653  665.508
 821500.000    6.438  687.743
 822000.000    6.766  654.379
 822500.000    6.705  660.326
 823000.000    6.521  678.914
 823500.000    6.831  648.152
 824000.000    6.633  667.481
 824500.000    6.605  670.344
 825000.000    6.699  660.945
 825500.000    6.716  659.196
 826000.000    6.591  671.768
 826500.000    6.702  660.561
 827000.000    6.715  659.369
 827500.000    6.649  665.834
 828000.000    6.660  664.757
 828500.000    6.694  661.418
 829000.000    6.801  651.017
 829500.000    6.702  660.629
 830000.000    6.405  691.240
 830500.000    6.600  670.826
 831000.000    6.544  676.533
 831500.000    6.580  672.822
 832000.000    6.687  662.129
 832500.000    6.732  657.622
 833000.000    6.578  673.094
 833500.000    6.754  655.502
 834000.000    6.717  659.133
 834500.000    6.745  656.427
 835000.000    6.731  657.717
 835500.000    6.630  667.821
 836000.000    6.730  657.824
 836500.000    6.676  663.156
 837000.000    6.789  652.144
 837500.000    6.809  650.256
 838000.000    6.841  647.159
 838500.000    6.756  655.295
 839000.000    6.814  649.715
 839500.000    6.591  671.729
 840000.000    6.582  672.633
 840500.000    6.631  667.724
 841000.000    6.653  665.495
 841500.000    6.896  642.066
 842000.000    6.562  674.734
 842500.000    6.635  667.244
 843000.000    6.605  670.263
 843500.000    6.724  658.444
 844000.000    6.596  671.207
 844500.000    6.713  659.548
 845000.000    6.407  691.032
 845500.000    6.601  670.746
 846000.000    6.567  674.171
 846500.000    6.376  694.388
 847000.000    6.581  672.763
 847500.000    6.472  684.070
 848000.000    6.433  688.238
 848500.000    6.574  673.497
 849000.000    6.571  673.810
 849500.000    6.509  680.228
 850000.000    6.549  675.994
 850500.000    6.647  666.038
 851000.000    6.553  675.585
 851500.000    6.644  666.423
 852000.000    6.520  679.056
 852500.000    6.636  667.168
 853000.000    6.549  676.084
 853500.000    6.622  668.563
 854000.000    6.112  724.368
 854500.000    6.347  697.527
 855000.000    6.158  718.987
 855500.000    6.436  687.960
 856000.000    6.394  692.438
 856500.000    6.482  683.053
 857000.000    6.191  715.141
 857500.000    6.430  688.556
 858000.000    6.302  702.526
 858500.000    6.595  671.318
 859000.000    6.577  673.142
 859500.000    6.352  696.961
 860000.000    6.506  680.481
 860500.000    6.293  703.577
 861000.000    6.319  700.603
 861500.000    6.609  669.929
 862000.000    6.433  688.243
 862500.000    6.489  682.314
 863000.000    6.445  687.001
 863500.000    6.405  691.274
 864000.000    6.342  698.095
 864500.000    6.387  693.195
 865000.000    6.518  679.219
 865500.000    6.473  683.996
 866000.000    6.422  689.424
 866500.000    6.457  685.705
 867000.000    6.524  678.623
 867500.000    6.475  683.753
 868000.000    6.552  675.714
 868500.000    6.352  696.992
 869000.000    6.495  681.640
 869500.000    6.680  662.770
 870000.000    6.718  659.079
 870500.000    6.256  707.660
 871000.000    6.281  704.844
 871500.000    6.446  686.808
 872000.000    6.569  673.985
 872500.000    6.484  682.822
 873000.000    6.398  691.970
 873500.000    6.480  683.259
 874000.000    6.392  692.681
 874500.000    6.571  673.752
 875000.000    6.702  660.588
 875500.000    6.706  660.232
 876000.000    6.614  669.408
 876500.000    6.655  665.285
 877000.000    6.489  682.304
 877500.000    6.730  657.849
 878000.000    6.473  683.966
 878500.000    6.842  647.067
 879000.000    6.574  673.446
 879500.000    6.410  690.687
 880000.000    6.666  664.160
 880500.000    6.656  665.221
 881000.000    6.706  660.235
 881500.000    6.732  657.694
 882000.000    6.459  685.460
 882500.000    6.341  698.208
 883000.000    6.729  657.921
 883500.000    6.630  667.786
 884000.000    6.851  646.216
 884500.000    6.524  678.684
 885000.000    6.767  654.233
 885500.000    6.688  661.992
 886000.000    6.704  660.384
 886500.000    6.443  687.171
 887000.000    6.584  672.431
 887500.000    6.515  679.575
 888000.000    6.739  656.981
 888500.000    6.398  692.040
 889000.000    6.671  663.697
 889500.000    6.420  689.623
 890000.000    6.414  690.220
 890500.000    6.518  679.218
 891000.000    6.610  669.822
 891500.000    6.522  678.844
 892000.000    6.740  656.844
 892500.000    6.834  647.828
 893000.000    6.520  679.088
 893500.000    6.515  679.561
 894000.000    6.351  697.113
 894500.000    6.222  711.518
 895000.000    6.471  684.203
 895500.000    6.577  673.173
 896000.000    6.506  680.555
 896500.000    6.508  680.344
 897000.000    6.502  680.896
 897500.000    6.554  675.561
 898000.000    6.290  703.861
 898500.000    6.376  694.348
 899000.000    6.382  693.696
 899500.000    6.571  673.808
 900000.000    6.484  682.864
 900500.000    6.390  692.846
 901000.000    6.433  688.278
 901500.000    6.612  669.627
 902000.000    6.443  687.201
 902500.000    6.625  668.285
 903000.000    6.281  704.916
 903500.000    6.373  694.668
 904000.000    6.563  674.623
 904500.000    6.494  681.729
 905000.000    6.537  677.291
 905500.000    6.357  696.447
 906000.000    6.369  695.176
 906500.000    6.550  675.892
 907000.000    6.566  674.278
 907500.000    6.508  680.288
 908000.000    6.285  704.456
 908500.000    6.363  695.790
 909000.000    6.573  673.588
 909500.000    6.435  688.031
 910000.000    6.303  702.399
 910500.000    6.549  676.093
 911000.000    6.576  673.221
 911500.000    6.410  690.722
 912000.000    6.498  681.317
 912500.000    6.529  678.130
 913000.000    6.319  700.631
 913500.000    6.513  679.755
 914000.000    6.248  708.624
 914500.000    6.347  697.534
 915000.000    6.326  699.852
 915500.000    6.500  681.126
 916000.000    6.287  704.215
 916500.000    6.297  703.143
 917000.000    6.344  697.833
 917500.000    6.471  684.217
 918000.000    6.474  683.862
 918500.000    6.271  705.984
 919000.000    6.444  687.105
 919500.000    6.274  705.649
 920000.000    6.301  702.646
 920500.000    6.311  701.570
 921000.000    6.606  670.161
 921500.000    6.480  683.291
 922000.000    6.390  692.892
 922500.000    6.336  698.779
 923000.000    6.571  673.754
 923500.000    6.543  676.641
 924000.000    6.355  696.645
 924500.000    6.338  698.559
 925000.000    6.404  691.382
 925500.000    6.378  694.221
 926000.000    6.484  682.799
 926500.000    6.260  707.274
 927000.000    6.459  685.425
 927500.000    6.293  703.507
 928000.000    6.387  693.196
 928500.000    6.270  706.151
 929000.000    6.472  684.042
 929500.000    6.328  699.650
 930000.000    6.421  689.535
 930500.000    6.382  693.718
 931000.000    6.375  694.482
 931500.000    6.753  655.647
 932000.000    6.569  673.962
 932500.000    6.424  689.224
 933000.000    6.391  692.761
 933500.000    6.545  676.487
 934000.000    6.552  675.722
 934500.000    6.400  691.831
 935000.000    6.585  672.345
 935500.000    6.530  678.029
 936000.000    6.428  688.744
 936500.000    6.486  682.568
 937000.000    6.548  676.163
 937500.000    6.396  692.212
 938000.000    6.368  695.224
 938500.000    6.295  703.347
 939000.000    6.463  684.986
 939500.000    6.349  697.338
 940000.000    6.253  707.994
 940500.000    6.353  696.942
 941000.000    6.345  697.797
 941500.000    6.491  682.082
 942000.000    6.479  683.306
 942500.000    6.678  663.024
 943000.000    6.473  683.954
 943500.000    6.539  677.030
 944000.000    6.708  660.019
 944500.000    6.478  683.454
 945000.000    6.411  690.641
 945500.000    6.525  678.540
 946000.000    6.611  669.691
 946500.000    6.611  669.713
 947000.000    6.449  686.493
 947500.000    6.684  662.403
 948000.000    6.400  691.767
 948500.000    6.249  708.532
 949000.000    6.834  647.854
 949500.000    6.529  678.090
 950000.000    6.580  672.855
 950500.000    6.703  660.508
 951000.000    6.627  668.113
 951500.000    6.567  674.189
 952000.000    6.527  678.319
 952500.000    6.674  663.354
 953000.000    6.610  669.763
 953500.000    6.630  667.739
 954000.000    6.668  664.019
 954500.000    6.601  670.728
 955000.000    6.559  675.020
 955500.000    6.577  673.150
 956000.000    6.563  674.589
 956500.000    6.658  664.936
 957000.000    6.514  679.675
 957500.000    6.443  687.207
 958000.000    6.471  684.214
 958500.000    6.465  684.851
 959000.000    6.627  668.067
 959500.000    6.540  677.023
 960000.000    6.477  683.581
 960500.000    6.530  677.985
 961000.000    6.511  679.938
 961500.000    6.687  662.084
 962000.000    6.595  671.281
 962500.000    6.661  664.634
 963000.000    6.344  697.911
 963500.000    6.634  667.428
 964000.000    6.626  668.194
 964500.000    6.585  672.384
 965000.000    6.569  673.956
 965500.000    6.574  673.422
 966000.000    6.314  701.173
 966500.000    6.574  673.476
 967000.000    6.438  687.741
 967500.000    6.577  673.201
 968000.000    6.389  693.020
 968500.000    6.394  692.407
 969000.000    6.654  665.356
 969500.000    6.501  680.997
 970000.000    6.445  686.907
 970500.000    6.308  701.823
 971000.000    6.400  691.790
 971500.000    6.437  687.808
 972000.000    6.540  676.983
 972500.000    6.397  692.087
 973000.000    6.674  663.414
 973500.000    6.494  681.752
 974000.000    6.374  694.588
 974500.000    6.437  687.786
 975000.000    6.504  680.698
 975500.000    6.098  726.030
 976000.000    6.327  699.748
 976500.000    6.280  704.990
 977000.000    6.572  673.639
 977500.000    6.564  674.507
 978000.000    6.686  662.233
 978500.000    6.571  673.729
 979000.000    6.531  677.859
 979500.000    6.234  710.171
 980000.000    6.526  678.443
 980500.000    6.348  697.450
 981000.000    6.374  694.624
 981500.000    6.390  692.901
 982000.000    6.361  696.027
 982500.000    6.548  676.166
 983000.000    6.597  671.170
 983500.000    6.337  698.693
 984000.000    6.288  704.062
 984500.000    6.363  695.828
 985000.000    6.402  691.564
 985500.000    6.384  693.537
 986000.000    6.474  683.893
 986500.000    6.309  701.764
 987000.000    6.370  694.992
 987500.000    6.393  692.588
 988000.000    6.455  685.834
 988500.000    6.764  654.587
 989000.000    6.588  672.068
 989500.000    6.682  662.577
 990000.000    6.672  663.595
 990500.000    6.495  681.675
 991000.000    6.614  669.370
 991500.000    6.567  674.199
 992000.000    6.491  682.084
 992500.000    6.443  687.179
 993000.000    6.328  699.694
 993500.000    6.584  672.449
 994000.000    6.457  685.661
 994500.000    6.540  676.944
 995000.000    6.515  679.527
 995500.000    6.450  686.432
 996000.000    6.669  663.873
 996500.000    6.474  683.851
 997000.000    6.400  691.751
 997500.000    6.537  677.314
 998000.000    6.511  679.940
 998500.000    6.468  684.515
 999000.000    6.392  692.616
 999500.000    6.443  687.130
1000000.000    6.667  664.116
