 750000.000   25.078
 750500.000   25.084
 751000.000   24.359
 751500.000   24.050
 752000.000   24.493
 752500.000   23.671
 753000.000   23.410
 753500.000   23.909
 754000.000   25.260
 754500.000   24.057
 755000.000   23.934
 755500.000   23.210
 756000.000   24.685
 756500.000   23.285
 757000.000   23.872
 757500.000   24.888
 758000.000   24.293
 758500.000   24.622
 759000.000   24.767
 759500.000   25.356
 760000.000   25.049
 760500.000   24.938
 761000.000   25.927
 761500.000   22.980
 762000.000   21.968
 762500.000   23.073
 763000.000   23.239
 763500.000   23.576
 764000.000   22.423
 764500.000   22.640
 765000.000   24.101
 765500.000   24.083
 766000.000   25.055
 766500.000   24.033
 767000.000   24.151
 767500.000   24.273
 768000.000   23.774
 768500.000   23.971
 769000.000   23.864
 769500.000   23.175
 770000.000   23.618
 770500.000   24.960
 771000.000   23.555
 771500.000   23.373
 772000.000   24.511
 772500.000   23.136
 773000.000   23.220
 773500.000   23.435
 774000.000   25.439
 774500.000   24.144
 775000.000   24.036
 775500.000   23.971
 776000.000   23.335
 776500.000   24.695
 777000.000   24.339
 777500.000   24.716
 778000.000   24.860
 778500.000   24.068
 779000.000   25.342
 779500.000   24.525
 780000.000   23.003
 780500.000   23.031
 781000.000   22.909
 781500.000   25.140
 782000.000   24.585
 782500.000   25.607
 783000.000   25.534
 783500.000   25.583
 784000.000   24.819
 784500.000   25.193
 785000.000   24.318
 785500.000   25.002
 786000.000   26.444
 786500.000   26.427
 787000.000   24.875
 787500.000   26.576
 788000.000   24.900
 788500.000   25.966
 789000.000   25.162
 789500.000   26.586
 790000.000   26.258
 790500.000   25.086
 791000.000   26.485
 791500.000   25.316
 792000.000   24.722
 792500.000   24.461
 793000.000   24.395
 793500.000   24.838
 794000.000   24.610
 794500.000   25.024
 795000.000   25.537
 795500.000   25.119
 796000.000   24.590
 796500.000   24.620
 797000.000   24.664
 797500.000   24.271
 798000.000   25.369
 798500.000   25.848
 799000.000   24.424
 799500.000   23.381
 800000.000   22.924
 800500.000   23.509
 801000.000   22.863
 801500.000   22.265
 802000.000   22.578
 802500.000   23.856
 803000.000   25.246
 803500.000   25.006
 804000.000   24.558
 804500.000   25.291
 805000.000   24.698
 805500.000   25.567
 806000.000   26.296
 806500.000   26.490
 807000.000   25.590
 807500.000   25.067
 808000.000   25.043
 808500.000   25.191
 809000.000   24.860
 809500.000   25.467
 810000.000   25.741
 810500.000   25.013
 811000.000   26.641
 811500.000   26.060
 812000.000   24.855
 812500.000   24.009
 813000.000   25.715
 813500.000   25.980
 814000.000   26.726
 814500.000   24.511
 815000.000   26.105
 815500.000   24.228
 816000.000   24.637
 816500.000   26.000
 817000.000   25.226
 817500.000   24.457
 818000.000   25.009
 818500.000   24.738
 819000.000   25.913
 819500.000   26.130
 820000.000   24.144
 820500.000   24.753
 821000.000   25.780
 821500.000   24.918
 822000.000   24.606
 822500.000   24.036
 823000.000   24.025
 823500.000   24.357
 824000.000   24.054
 824500.000   24.399
 825000.000   24.304
 825500.000   23.892
 826000.000   24.863
 826500.000   23.972
 827000.000   23.795
 827500.000   23.590
 828000.000   24.627
 828500.000   23.753
 829000.000   23.574
 829500.000   22.051
 830000.000   23.445
 830500.000   23.905
 831000.000   25.956
 831500.000   24.280
 832000.000   24.198
 832500.000   24.950
 833000.000   25.375
 833500.000   24.631
 834000.000   23.892
 834500.000   24.211
 835000.000   26.385
 835500.000   24.845
 836000.000   24.449
 836500.000   25.851
 837000.000   24.281
 837500.000   24.678
 838000.000   23.945
 838500.000   24.721
 839000.000   23.342
 839500.000   23.350
 840000.000   23.467
 840500.000   21.935
 841000.000   23.405
 841500.000   22.949
 842000.000   23.061
 842500.000   22.734
 843000.000   22.549
 843500.000   23.957
 844000.000   24.056
 844500.000   22.984
 845000.000   23.655
 845500.000   23.899
 846000.000   23.044
 846500.000   21.753
 847000.000   22.575
 847500.000   22.419
 848000.000   22.051
 848500.000   23.840
 849000.000   22.774
 849500.000   24.189
 850000.000   23.248
 850500.000   23.153
 851000.000   22.873
 851500.000   22.038
 852000.000   22.337
 852500.000   23.214
 853000.000   21.879
 853500.000   22.642
 854000.000   22.551
 854500.000   22.937
 855000.000   22.589
 855500.000   23.589
 856000.000   22.313
 856500.000   23.192
 857000.000   22.864
 857500.000   22.461
 858000.000   22.833
 858500.000   23.067
 859000.000   23.164
 859500.000   22.173
 860000.000   22.659
 860500.000   22.483
 861000.000   22.824
 861500.000   22.905
 862000.000   22.099
 862500.000   22.896
 863000.000   22.790
 863500.000   22.812
 864000.000   23.357
 864500.000   22.837
 865000.000   23.087
 865500.000   22.920
 866000.000   23.500
 866500.000   23.114
 867000.000   24.220
 867500.000   22.171
 868000.000   22.230
 868500.000   23.282
 869000.000   22.168
 869500.000   22.299
 870000.000   23.442
 870500.000   23.019
 871000.000   22.748
 871500.000   22.920
 872000.000   22.465
 872500.000   23.035
 873000.000   23.495
 873500.000   24.029
 874000.000   23.023
 874500.000   23.344
 875000.000   23.399
 875500.000   23.572
 876000.000   23.714
 876500.000   23.325
 877000.000   23.510
 877500.000   24.012
 878000.000   22.768
 878500.000   23.405
 879000.000   22.167
 879500.000   23.455
 880000.000   23.472
 880500.000   22.744
 881000.000   23.167
 881500.000   22.430
 882000.000   23.170
 882500.000   24.109
 883000.000   22.035
 883500.000   23.513
 884000.000   23.324
 884500.000   23.599
 885000.000   23.617
 885500.000   21.992
 886000.000   22.933
 886500.000   22.411
 887000.000   23.467
 887500.000   21.537
 888000.000   22.795
 888500.000   22.277
 889000.000   22.922
 889500.000   21.328
 890000.000   21.346
 890500.000   22.426
 891000.000   22.467
 891500.000   22.007
 892000.000   22.106
 892500.000   22.520
 893000.000   22.204
 893500.000   21.744
 894000.000   21.392
 894500.000   22.713
 895000.000   21.531
 895500.000   22.589
 896000.000   22.117
 896500.000   22.651
 897000.000   22.282
 897500.000   21.841
 898000.000   21.919
 898500.000   21.667
 899000.000   22.701
 899500.000   22.988
 900000.000   23.147
 900500.000   23.083
 901000.000   21.899
 901500.000   21.205
 902000.000   21.612
 902500.000   22.693
 903000.000   22.023
 903500.000   22.869
 904000.000   22.949
 904500.000   22.677
 905000.000   21.921
 905500.000   22.151
 906000.000   22.087
 906500.000   22.009
 907000.000   21.862
 907500.000   21.396
 908000.000   21.901
 908500.000   22.162
 909000.000   23.082
 909500.000   22.859
 910000.000   22.213
 910500.000   23.153
 911000.000   22.972
 911500.000   21.640
 912000.000   21.882
 912500.000   22.849
 913000.000   22.385
 913500.000   22.546
 914000.000   21.372
 914500.000   22.529
 915000.000   22.425
 915500.000   23.489
 916000.000   22.608
 916500.000   21.709
 917000.000   22.300
 917500.000   22.279
 918000.000   21.481
 918500.000   21.704
 919000.000   22.336
 919500.000   21.740
 920000.000   21.840
 920500.000   22.128
 921000.000   22.006
 921500.000   22.005
 922000.000   21.666
 922500.000   22.332
 923000.000   21.876
 923500.000   22.169
 924000.000   22.460
 924500.000   21.983
 925000.000   21.926
 925500.000   20.809
 926000.000   22.469
 926500.000   22.047
 927000.000   20.986
 927500.000   22.151
 928000.000   21.985
 928500.000   21.038
 929000.000   21.884
 929500.000   21.631
 930000.000   21.321
 930500.000   21.442
 931000.000   22.606
 931500.000   21.680
 932000.000   22.082
 932500.000   22.420
 933000.000   23.472
 933500.000   22.114
 934000.000   22.969
 934500.000   22.939
 935000.000   23.825
 935500.000   23.382
 936000.000   23.725
 936500.000   22.600
 937000.000   22.733
 937500.000   23.021
 938000.000   23.424
 938500.000   22.408
 939000.000   22.586
 939500.000   22.885
 940000.000   22.169
 940500.000   22.325
 941000.000   22.135
 941500.000   21.716
 942000.000   22.307
 942500.000   22.516
 943000.000   22.574
 943500.000   22.894
 944000.000   23.644
 944500.000   22.550
 945000.000   22.710
 945500.000   22.865
 946000.000   23.881
 946500.000   22.813
 947000.000   22.305
 947500.000   23.189
 948000.000   21.988
 948500.000   22.671
 949000.000   21.719
 949500.000   22.175
 950000.000   21.887
 950500.000   21.307
 951000.000   22.058
 951500.000   22.032
 952000.000   22.195
 952500.000   21.273
 953000.000   21.322
 953500.000   21.461
 954000.000   21.694
 954500.000   22.453
 955000.000   22.124
 955500.000   21.364
 956000.000   22.076
 956500.000   21.930
 957000.000   22.162
 957500.000   20.721
 958000.000   21.850
 958500.000   22.029
 959000.000   21.816
 959500.000   22.312
 960000.000   22.018
 960500.000   21.826
 961000.000   22.488
 961500.000   22.867
 962000.000   21.837
 962500.000   21.831
 963000.000   22.275
 963500.000   22.478
 964000.000   22.868
 964500.000   21.980
 965000.000   21.427
 965500.000   21.367
 966000.000   20.907
 966500.000   21.869
 967000.000   21.386
 967500.000   21.705
 968000.000   21.236
 968500.000   21.113
 969000.000   21.782
 969500.000   21.233
 970000.000   22.315
 970500.000   22.161
 971000.000   23.003
 971500.000   22.815
 972000.000   22.397
 972500.000   22.645
 973000.000   21.665
 973500.000   22.196
 974000.000   22.177
 974500.000   22.957
 975000.000   22.001
 975500.000   21.170
 976000.000   22.495
 976500.000   22.082
 977000.000   22.240
 977500.000   23.539
 978000.000   21.559
 978500.000   21.386
 979000.000   22.314
 979500.000   22.857
 980000.000   21.046
 980500.000   22.663
 981000.000   23.262
 981500.000   22.189
 982000.000   22.094
 982500.000   21.528
 983000.000   21.047
 983500.000   22.502
 984000.000   22.518
 984500.000   22.054
 985000.000   21.925
 985500.000   22.796
 986000.000   22.714
 986500.000   23.018
 987000.000   22.529
 987500.000   22.382
 988000.000   22.135
 988500.000   22.703
 989000.000   22.694
 989500.000   22.887
 990000.000   22.054
 990500.000   23.158
 991000.000   22.809
 991500.000   22.631
 992000.000   22.931
 992500.000   21.262
 993000.000   22.255
 993500.000   23.471
 994000.000   23.424
 994500.000   22.810
 995000.000   21.888
 995500.000   23.593
 996000.000   22.431
 996500.000   21.868
 997000.000   23.027
 997500.000   22.686
 998000.000   22.043
 998500.000   22.633
 999000.000   22.751
 999500.000   22.270
1000000.000   22.842
