 750000.000    6.430  655.195
 750500.000    6.408  657.474
 751000.000    6.376  660.754
 751500.000    6.328  665.806
 752000.000    6.379  660.388
 752500.000    6.558  642.448
 753000.000    6.512  647.000
 753500.000    6.359  662.507
 754000.000    6.716  627.338
 754500.000    6.871  613.136
 755000.000    6.646  633.945
 755500.000    6.348  663.678
 756000.000    6.324  666.174
 756500.000    6.592  639.105
 757000.000    6.208  678.671
 757500.000    6.452  652.927
 758000.000    6.383  660.000
 758500.000    6.441  654.117
 759000.000    6.360  662.450
 759500.000    6.402  658.114
 760000.000    6.089  691.928
 760500.000    6.393  659.014
 761000.000    6.347  663.794
 761500.000    6.607  637.689
 762000.000    6.335  665.019
 762500.000    6.414  656.787
 763000.000    6.555  642.733
 763500.000    6.416  656.656
 764000.000    6.557  642.518
 764500.000    6.486  649.553
 765000.000    6.916  609.182
 765500.000    6.782  621.191
 766000.000    6.631  635.387
 766500.000    6.230  676.243
 767000.000    6.602  638.174
 767500.000    6.357  662.704
 768000.000    6.234  675.814
 768500.000    6.400  658.298
 769000.000    6.335  665.018
 769500.000    6.255  673.572
 770000.000    6.046  696.812
 770500.000    6.519  646.288
 771000.000    6.345  663.933
 771500.000    6.291  669.710
 772000.000    6.075  693.492
 772500.000    6.424  655.836
 773000.000    6.488  649.305
 773500.000    6.413  656.931
 774000.000    6.306  668.083
 774500.000    6.009  701.116
 775000.000    6.388  659.478
 775500.000    6.115  688.897
 776000.000    6.451  653.064
 776500.000    6.150  685.083
 777000.000    6.727  626.244
 777500.000    6.019  699.892
 778000.000    6.462  651.934
 778500.000    6.403  658.005
 779000.000    6.502  647.940
 779500.000    6.491  649.036
 780000.000    6.333  665.257
 780500.000    6.418  656.439
 781000.000    6.299  668.872
 781500.000    6.433  654.867
 782000.000    6.396  658.685
 782500.000    6.439  654.254
 783000.000    6.502  647.920
 783500.000    6.189  680.758
 784000.000    6.171  682.717
 784500.000    6.322  666.372
 785000.000    6.316  666.994
 785500.000    6.200  679.528
 786000.000    6.034  698.244
 786500.000    6.381  660.212
 787000.000    6.135  686.760
 787500.000    6.308  667.838
 788000.000    6.511  647.090
 788500.000    6.330  665.512
 789000.000    6.322  666.381
 789500.000    6.410  657.224
 790000.000    6.369  661.465
 790500.000    6.215  677.883
 791000.000    6.600  638.304
 791500.000    6.546  643.560
 792000.000    6.302  668.537
 792500.000    6.132  687.018
 793000.000    6.457  652.498
 793500.000    6.336  664.916
 794000.000    6.455  652.669
 794500.000    6.309  667.772
 795000.000    6.344  664.094
 795500.000    6.471  651.092
 796000.000    6.452  652.922
 796500.000    6.272  671.670
 797000.000    6.335  664.974
 797500.000    6.279  670.986
 798000.000    6.491  649.068
 798500.000    6.633  635.178
 799000.000    6.471  651.073
 799500.000    6.346  663.846
 800000.000    6.642  634.329
 800500.000    6.369  661.462
 801000.000    6.450  653.142
 801500.000    6.500  648.099
 802000.000    6.558  642.392
 802500.000    6.360  662.463
 803000.000    6.655  633.009
 803500.000    6.613  637.086
 804000.000    6.582  640.100
 804500.000    6.554  642.815
 805000.000    6.728  626.164
 805500.000    6.557  642.558
 806000.000    6.590  639.326
 806500.000    6.352  663.229
 807000.000    6.450  653.196
 807500.000    6.419  656.313
 808000.000    6.662  632.427
 808500.000    6.519  646.300
 809000.000    6.378  660.513
 809500.000    6.482  649.912
 810000.000    6.338  664.759
 810500.000    6.278  671.018
 811000.000    6.396  658.683
 811500.000    6.468  651.362
 812000.000    6.568  641.477
 812500.000    6.330  665.563
 813000.000    6.433  654.890
 813500.000    6.444  653.815
 814000.000    6.144  685.745
 814500.000    6.506  647.583
 815000.000    6.376  660.793
 815500.000    6.329  665.609
 816000.000    6.310  667.657
 816500.000    6.467  651.466
 817000.000    6.626  635.851
 817500.000    6.291  669.646
 818000.000    6.464  651.714
 818500.000    6.451  653.076
 819000.000    6.628  635.650
 819500.000    6.500  648.127
 820000.000    6.666  631.978
 820500.000    6.475  650.631
 821000.000    6.595  638.818
 821500.000    6.551  643.060
 822000.000    6.596  638.757
 822500.000    6.668  631.786
 823000.000    6.753  623.897
 823500.000    6.527  645.421
 824000.000    6.549  643.302
 824500.000    6.683  630.400
 825000.000    6.600  638.293
 825500.000    6.754  623.739
 826000.000    6.713  627.625
 826500.000    6.760  623.226
 827000.000    6.640  634.465
 827500.000    6.525  645.685
 828000.000    6.771  622.236
 828500.000    6.477  650.398
 829000.000    6.705  628.350
 829500.000    6.667  631.870
 830000.000    6.826  617.234
 830500.000    6.387  659.569
 831000.000    6.717  627.206
 831500.000    6.375  660.846
 832000.000    6.605  637.802
 832500.000    6.811  618.517
 833000.000    6.656  632.973
 833500.000    6.373  661.036
 834000.000    6.432  654.966
 834500.000    6.325  666.105
 835000.000    6.655  633.018
 835500.000    6.354  663.033
 836000.000    6.368  661.566
 836500.000    6.617  636.720
 837000.000    6.291  669.649
 837500.000    6.626  635.845
 838000.000    6.521  646.049
 838500.000    6.764  622.833
 839000.000    6.460  652.119
 839500.000    6.847  615.304
 840000.000    6.497  648.439
 840500.000    6.405  657.805
 841000.000    6.510  647.119
 841500.000    6.542  644.030
 842000.000    6.467  651.430
 842500.000    6.519  646.264
 843000.000    6.547  643.514
 843500.000    6.456  652.518
 844000.000    6.460  652.145
 844500.000    6.306  668.103
 845000.000    6.506  647.577
 845500.000    6.252  673.897
 846000.000    6.330  665.558
 846500.000    6.465  651.658
 847000.000    6.351  663.305
 847500.000    6.483  649.862
 848000.000    6.530  645.139
 848500.000    6.278  671.083
 849000.000    6.670  631.630
 849500.000    6.566  641.605
 850000.000    6.332  665.393
 850500.000    6.674  631.210
 851000.000    6.719  627.012
 851500.000    6.277  671.188
 852000.000    6.428  655.437
 852500.000    6.465  651.610
 853000.000    6.383  660.040
 853500.000    6.609  637.410
 854000.000    6.434  654.802
 854500.000    6.161  683.817
 855000.000    6.245  674.583
 855500.000    6.492  648.991
 856000.000    6.460  652.135
 856500.000    6.426  655.600
 857000.000    6.500  648.106
 857500.000    6.698  629.025
 858000.000    6.480  650.119
 858500.000    6.439  654.251
 859000.000    6.431  655.112
 859500.000    6.339  664.645
 860000.000    6.348  663.695
 860500.000    6.524  645.786
 861000.000    6.302  668.503
 861500.000    6.528  645.358
 862000.000    6.550  643.156
 862500.000    6.440  654.185
 863000.000    6.392  659.136
 863500.000    6.213  678.124
 864000.000    6.462  651.911
 864500.000    6.346  663.837
 865000.000    6.338  664.719
 865500.000    6.710  627.885
 866000.000    6.617  636.693
 866500.000    6.559  642.291
 867000.000    6.569  641.321
 867500.000    6.653  633.195
 868000.000    6.312  667.427
 868500.000    6.777  621.614
 869000.000    6.652  633.380
 869500.000    6.721  626.840
 870000.000    6.444  653.788
 870500.000    6.674  631.230
 871000.000    6.459  652.254
 871500.000    6.551  643.085
 872000.000    6.604  637.902
 872500.000    6.584  639.879
 873000.000    6.734  625.644
 873500.000    6.597  638.597
 874000.000    6.589  639.420
 874500.000    6.666  632.022
 875000.000    6.817  618.021
 875500.000    6.663  632.261
 876000.000    6.747  624.435
 876500.000    6.427  655.509
 877000.000    6.483  649.883
 877500.000    6.437  654.517
 878000.000    6.424  655.787
 878500.000    6.395  658.812
 879000.000    6.508  647.356
 879500.000    6.550  643.151
 880000.000    6.726  626.364
 880500.000    6.440  654.193
 881000.000    6.599  638.462
 881500.000    6.679  630.754
 882000.000    6.710  627.904
 882500.000    6.653  633.269
 883000.000    6.749  624.214
 883500.000    6.369  661.514
 884000.000    6.455  652.702
 884500.000    6.273  671.611
 885000.000    6.457  652.451
 885500.000    6.645  633.977
 886000.000    6.362  662.251
 886500.000    6.517  646.422
 887000.000    6.226  676.679
 887500.000    6.424  655.852
 888000.000    6.303  668.391
 888500.000    6.396  658.734
 889000.000    6.437  654.503
 889500.000    6.610  637.350
 890000.000    6.205  678.931
 890500.000    6.508  647.398
 891000.000    6.482  649.897
 891500.000    6.496  648.575
 892000.000    6.544  643.764
 892500.000    6.605  637.800
 893000.000    6.389  659.404
 893500.000    6.375  660.858
 894000.000    6.459  652.282
 894500.000    6.387  659.650
 895000.000    5.963  706.538
 895500.000    6.466  651.538
 896000.000    6.116  688.885
 896500.000    6.337  664.788
 897000.000    6.375  660.858
 897500.000    6.101  690.527
 898000.000    6.492  648.979
 898500.000    6.332  665.335
 899000.000    6.176  682.195
 899500.000    6.298  668.949
 900000.000    6.572  641.027
 900500.000    6.203  679.147
 901000.000    6.288  669.945
 901500.000    6.342  664.282
 902000.000    6.559  642.321
 902500.000    6.432  654.961
 903000.000    6.280  670.861
 903500.000    6.217  677.702
 904000.000    6.475  650.611
 904500.000    6.578  640.424
 905000.000    6.793  620.188
 905500.000    6.628  635.582
 906000.000    6.476  650.577
 906500.000    6.092  691.507
 907000.000    5.969  705.777
 907500.000    6.520  646.164
 908000.000    6.528  645.361
 908500.000    6.320  666.594
 909000.000    6.162  683.651
 909500.000    6.379  660.422
 910000.000    6.287  670.143
 910500.000    6.595  638.813
 911000.000    6.414  656.841
 911500.000    6.234  675.785
 912000.000    6.385  659.833
 912500.000    6.360  662.398
 913000.000    6.638  634.667
 913500.000    6.561  642.097
 914000.000    6.403  657.922
 914500.000    6.206  678.866
 915000.000    6.486  649.505
 915500.000    6.574  640.851
 916000.000    6.452  652.930
 916500.000    6.390  659.334
 917000.000    6.466  651.548
 917500.000    6.612  637.198
 918000.000    6.454  652.787
 918500.000    6.688  629.932
 919000.000    6.659  632.650
 919500.000    6.347  663.780
 920000.000    6.245  674.598
 920500.000    6.537  644.468
 921000.000    6.492  648.982
 921500.000    6.538  644.421
 922000.000    6.523  645.875
 922500.000    6.312  667.407
 923000.000    6.500  648.123
 923500.000    6.650  633.528
 924000.000    6.699  628.897
 924500.000    6.585  639.773
 925000.000    6.331  665.440
 925500.000    6.515  646.639
 926000.000    6.577  640.603
 926500.000    6.364  661.976
 927000.000    6.575  640.717
 927500.000    6.460  652.135
 928000.000    6.416  656.648
 928500.000    6.308  667.847
 929000.000    6.356  662.838
 929500.000    6.466  651.538
 930000.000    6.622  636.207
 930500.000    6.730  625.965
 931000.000    6.371  661.282
 931500.000    6.399  658.368
 932000.000    6.488  649.390
 932500.000    6.387  659.573
 933000.000    6.429  655.319
 933500.000    6.596  638.743
 934000.000    6.350  663.459
 934500.000    6.308  667.883
 935000.000    6.465  651.616
 935500.000    6.576  640.664
 936000.000    6.222  677.129
 936500.000    6.349  663.514
 937000.000    6.460  652.188
 937500.000    6.765  622.754
 938000.000    6.725  626.483
 938500.000    6.361  662.350
 939000.000    6.265  672.445
 939500.000    6.655  633.021
 940000.000    6.584  639.831
 940500.000    6.708  628.066
 941000.000    6.627  635.739
 941500.000    6.634  635.037
 942000.000    6.576  640.641
 942500.000    6.641  634.397
 943000.000    6.421  656.109
 943500.000    6.325  666.105
 944000.000    6.558  642.397
 944500.000    6.425  655.714
 945000.000    6.559  642.277
 945500.000    6.475  650.681
 946000.000    6.446  653.614
 946500.000    6.579  640.377
 947000.000    6.351  663.339
 947500.000    6.299  668.857
 948000.000    6.709  627.921
 948500.000    6.421  656.118
 949000.000    6.384  659.908
 949500.000    6.508  647.299
 950000.000    6.403  657.929
 950500.000    6.466  651.553
 951000.000    6.374  660.940
 951500.000    6.415  656.778
 952000.000    6.132  687.096
 952500.000    6.319  666.725
 953000.000    6.402  658.107
 953500.000    6.380  660.290
 954000.000    6.581  640.176
 954500.000    6.527  645.463
 955000.000    6.469  651.231
 955500.000    6.356  662.844
 956000.000    6.496  648.587
 956500.000    6.797  619.814
 957000.000    6.411  657.173
 957500.000    6.437  654.498
 958000.000    6.381  660.252
 958500.000    6.485  649.643
 959000.000    6.234  675.849
 959500.000    6.480  650.130
 960000.000    6.564  641.851
 960500.000    6.631  635.373
 961000.000    6.568  641.431
 961500.000    6.147  685.396
 962000.000    6.585  639.806
 962500.000    6.620  636.414
 963000.000    6.502  647.985
 963500.000    6.523  645.893
 964000.000    6.620  636.359
 964500.000    6.674  631.260
 965000.000    6.522  645.975
 965500.000    6.634  635.082
 966000.000    6.693  629.438
 966500.000    6.630  635.444
 967000.000    6.463  651.855
 967500.000    6.537  644.439
 968000.000    6.285  670.325
 968500.000    6.318  666.764
 969000.000    6.516  646.591
 969500.000    6.319  666.701
 970000.000    6.544  643.825
 970500.000    6.492  648.967
 971000.000    6.653  633.282
 971500.000    6.609  637.467
 972000.000    6.594  638.873
 972500.000    6.692  629.518
 973000.000    6.408  657.496
 973500.000    6.463  651.820
 974000.000    6.437  654.521
 974500.000    6.441  654.092
 975000.000    6.422  655.998
 975500.000    6.416  656.621
 976000.000    6.401  658.176
 976500.000    6.680  630.676
 977000.000    6.433  654.857
 977500.000    6.380  660.295
 978000.000    6.504  647.787
 978500.000    6.598  638.539
 979000.000    6.602  638.150
 979500.000    6.364  661.970
 980000.000    6.736  625.429
 980500.000    6.749  624.253
 981000.000    6.444  653.809
 981500.000    6.386  659.732
 982000.000    6.484  649.704
 982500.000    6.283  670.514
 983000.000    6.392  659.068
 983500.000    6.289  669.911
 984000.000    6.395  658.768
 984500.000    6.471  651.021
 985000.000    6.709  627.969
 985500.000    6.365  661.941
 986000.000    6.383  659.997
 986500.000    6.282  670.616
 987000.000    6.232  676.001
 987500.000    6.387  659.582
 988000.000    6.332  665.319
 988500.000    6.486  649.542
 989000.000    6.202  679.270
 989500.000    6.588  639.486
 990000.000    6.644  634.050
 990500.000    6.524  645.743
 991000.000    6.292  669.571
 991500.000    6.410  657.195
 992000.000    6.343  664.239
 992500.000    6.195  680.109
 993000.000    6.259  673.113
 993500.000    6.174  682.347
 994000.000    6.243  674.831
 994500.000    6.138  686.322
 995000.000    6.423  655.891
 995500.000    6.630  635.432
 996000.000    6.415  656.769
 996500.000    6.568  641.423
 997000.000    6.368  661.612
 997500.000    6.028  698.839
 998000.000    6.571  641.112
 998500.000    6.332  665.293
 999000.000    6.463  651.840
 999500.000    6.362  662.193
1000000.000    6.312  667.490
