       1    1.679    0.126
       2    2.083    0.133
       3    1.088    0.105
       4    0.689    0.106
       5    1.419    0.135
       6    0.463    0.091
       7    0.465    0.072
       8    1.845    0.156
       9    0.739    0.114
      10    1.825    0.204
      11    0.754    0.110
      12    0.853    0.137
      13    0.278    0.088
      14    1.361    0.226
      15    0.916    0.122
      16    0.913    0.120
      17    1.528    0.263
      18    1.444    0.183
      19    1.167    0.141
      20    1.397    0.161
      21    2.687    0.189
