TRP_lipid
""
WAVELENGTH	FLUORESCENCE
300.0	124.19429779052734
300.5	130.82742309570312
301.0	138.40029907226562
301.5	145.41342163085938
302.0	155.61181640625
302.5	167.36648559570312
303.0	178.76731872558594
303.5	191.77793884277344
304.0	204.03863525390625
304.5	218.18447875976562
305.0	234.1900177001953
305.5	246.88327026367188
306.0	264.4752197265625
306.5	277.74755859375
307.0	296.4800109863281
307.5	311.5091552734375
308.0	331.6373291015625
308.5	351.12847900390625
309.0	369.20758056640625
309.5	389.6729736328125
310.0	408.8585205078125
310.5	428.615966796875
311.0	451.0451354980469
311.5	472.0530700683594
312.0	495.9566345214844
312.5	518.4138793945312
313.0	543.7008666992188
313.5	567.1226196289062
314.0	593.5609130859375
314.5	622.782958984375
315.0	645.4526977539062
315.5	675.6917114257812
316.0	698.7527465820312
316.5	729.9125366210938
317.0	759.242431640625
317.5	786.054443359375
318.0	813.558837890625
318.5	844.1555786132812
319.0	872.3507690429688
319.5	903.5739135742188
320.0	932.3045043945312
320.5	965.0554809570312
321.0	1000.8816528320312
321.5	1028.1768798828125
322.0	1064.9149169921875
322.5	1093.4468994140625
323.0	1131.064453125
323.5	1165.660400390625
324.0	1196.8543701171875
324.5	1229.222900390625
325.0	1264.4560546875
325.5	1296.4407958984375
326.0	1331.946044921875
326.5	1364.886962890625
327.0	1400.925537109375
327.5	1440.44921875
328.0	1469.677734375
328.5	1508.7760009765625
329.0	1537.9512939453125
329.5	1576.956298828125
330.0	1608.8468017578125
330.5	1643.9002685546875
331.0	1674.704833984375
331.5	1708.7369384765625
332.0	1739.529541015625
332.5	1773.2781982421875
333.0	1808.8692626953125
333.5	1835.56201171875
334.0	1870.9742431640625
334.5	1900.2730712890625
335.0	1931.8736572265625
335.5	1959.7064208984375
336.0	1989.65380859375
336.5	2017.0347900390625
337.0	2046.1529541015625
337.5	2077.75439453125
338.0	2100.29296875
338.5	2129.876708984375
339.0	2154.062255859375
339.5	2179.737060546875
340.0	2201.959228515625
340.5	2225.32470703125
341.0	2246.0322265625
341.5	2268.95458984375
342.0	2293.368896484375
342.5	2310.400390625
343.0	2332.95458984375
343.5	2351.0126953125
344.0	2370.185791015625
344.5	2386.321044921875
345.0	2403.452880859375
345.5	2417.65966796875
346.0	2433.69384765625
346.5	2449.404296875
347.0	2462.135986328125
347.5	2475.288330078125
348.0	2486.52734375
348.5	2498.089111328125
349.0	2508.85107421875
349.5	2519.01025390625
350.0	2529.196044921875
350.5	2536.945556640625
351.0	2545.271240234375
351.5	2551.99853515625
352.0	2557.8056640625
352.5	2563.226318359375
353.0	2568.903076171875
353.5	2572.99365234375
354.0	2577.32666015625
354.5	2580.323974609375
355.0	2582.33984375
355.5	2584.097900390625
356.0	2585.75927734375
356.5	2585.7294921875
357.0	2584.6884765625
357.5	2584.434814453125
358.0	2582.99658203125
358.5	2581.13134765625
359.0	2579.140380859375
359.5	2575.732177734375
360.0	2573.322509765625
360.5	2569.36376953125
361.0	2565.192626953125
361.5	2558.425537109375
362.0	2552.458740234375
362.5	2546.54248046875
363.0	2539.760498046875
363.5	2532.732177734375
364.0	2523.863525390625
364.5	2515.7783203125
365.0	2504.7998046875
365.5	2493.885009765625
366.0	2484.34228515625
366.5	2472.55078125
367.0	2460.966552734375
367.5	2447.67578125
368.0	2434.954345703125
368.5	2422.5380859375
369.0	2408.273193359375
369.5	2394.826904296875
370.0	2380.283447265625
370.5	2365.880126953125
371.0	2347.718994140625
371.5	2330.99853515625
372.0	2314.58447265625
372.5	2297.292236328125
373.0	2280.84033203125
373.5	2260.61376953125
374.0	2241.2978515625
374.5	2224.30615234375
375.0	2204.655517578125
375.5	2186.688720703125
376.0	2165.049072265625
376.5	2144.456298828125
377.0	2125.5869140625
377.5	2104.279052734375
378.0	2084.28271484375
378.5	2060.7548828125
379.0	2038.6278076171875
379.5	2019.32568359375
380.0	1996.730712890625
380.5	1975.59912109375
381.0	1949.9683837890625
381.5	1927.1591796875
382.0	1906.039306640625
382.5	1882.9326171875
383.0	1861.722412109375
383.5	1836.0274658203125
384.0	1812.2369384765625
384.5	1791.5684814453125
385.0	1768.3629150390625
385.5	1746.7750244140625
386.0	1721.9652099609375
386.5	1698.0894775390625
387.0	1677.0089111328125
387.5	1653.1981201171875
388.0	1631.735595703125
388.5	1605.761474609375
389.0	1582.54296875
389.5	1561.6959228515625
390.0	1536.8275146484375
390.5	1517.635498046875
391.0	1492.74658203125
391.5	1470.564208984375
392.0	1449.882568359375
392.5	1424.982177734375
393.0	1406.1585693359375
393.5	1381.7918701171875
394.0	1359.577392578125
394.5	1340.0428466796875
395.0	1315.81103515625
395.5	1293.94873046875
396.0	1274.4144287109375
396.5	1250.8782958984375
397.0	1233.94580078125
397.5	1211.312744140625
398.0	1190.972412109375
398.5	1172.8583984375
399.0	1151.24755859375
399.5	1131.3304443359375
400.0	1113.3489990234375
400.5	1096.0836181640625
401.0	1077.059814453125
401.5	1056.8538818359375
402.0	1037.8419189453125
402.5	1020.5830688476562
403.0	1000.5852661132812
403.5	982.5213623046875
404.0	966.13916015625
404.5	949.7154541015625
405.0	932.3734130859375
405.5	913.5845947265625
406.0	898.3903198242188
406.5	881.5862426757812
407.0	863.7283325195312
407.5	847.9214477539062
408.0	833.512451171875
408.5	816.476318359375
409.0	803.7061767578125
409.5	787.0350341796875
410.0	773.57470703125
410.5	759.1205444335938
411.0	743.8878784179688
411.5	731.0865478515625
412.0	716.9303588867188
412.5	702.1769409179688
413.0	688.391845703125
413.5	675.771728515625
414.0	661.507568359375
414.5	651.0516357421875
415.0	636.3964233398438
415.5	624.9241333007812
416.0	612.4296264648438
416.5	599.2055053710938
417.0	587.9882202148438
417.5	576.4713745117188
418.0	563.9921875
418.5	553.6029663085938
419.0	542.5519409179688
419.5	530.4657592773438
420.0	519.6566162109375
420.5	509.9500427246094
421.0	498.5767822265625
421.5	490.0430908203125
422.0	479.12347412109375
422.5	468.5220947265625
423.0	461.089111328125
423.5	450.658203125
424.0	442.11962890625
424.5	433.052734375
425.0	422.9929504394531
425.5	414.7786865234375
426.0	406.05230712890625
426.5	396.8063049316406
427.0	389.2697448730469
427.5	381.08294677734375
428.0	372.2099304199219
428.5	364.81512451171875
429.0	357.09112548828125
429.5	348.3826904296875
430.0	341.72296142578125
430.5	334.6450500488281
431.0	326.9996643066406
431.5	320.7313232421875
432.0	313.6626281738281
432.5	306.33477783203125
433.0	300.38433837890625
433.5	293.9661560058594
434.0	287.1047058105469
434.5	281.66497802734375
435.0	275.57794189453125
435.5	269.063720703125
436.0	263.7585144042969
436.5	258.03125
437.0	252.17979431152344
437.5	247.4257049560547
438.0	242.22528076171875
438.5	236.47677612304688
439.0	231.92930603027344
439.5	227.07484436035156
440.0	221.7038116455078
440.5	217.32461547851562
441.0	212.8554229736328
441.5	207.99020385742188
442.0	203.9932861328125
442.5	199.73858642578125
443.0	194.99232482910156
443.5	191.26327514648438
444.0	186.9200439453125
444.5	182.69300842285156
445.0	178.28526306152344
445.5	174.73739624023438
446.0	170.99542236328125
446.5	166.97802734375
447.0	163.81832885742188
447.5	160.30726623535156
448.0	156.38510131835938
448.5	153.51919555664062
449.0	150.05308532714844
449.5	146.35072326660156
450.0	143.6131591796875
