      64    1.428    0.131
      65    1.961    0.129
      66    1.155    0.081
      67    0.978    0.095
      68    1.522    0.134
      69    0.637    0.086
      70    0.509    0.065
      71    1.886    0.117
      72    1.012    0.114
      73    2.012    0.148
      74    0.886    0.124
      75    0.540    0.102
      76    0.248    0.072
      77    1.558    0.198
      78    1.090    0.110
      79    1.404    0.143
      80    1.438    0.167
      81    1.324    0.127
      82    1.586    0.198
      83    1.659    0.175
      84    2.880    0.150
