 750000.000   28.163
 750500.000   26.922
 751000.000   27.798
 751500.000   28.410
 752000.000   27.578
 752500.000   26.499
 753000.000   27.304
 753500.000   28.842
 754000.000   27.432
 754500.000   27.834
 755000.000   27.772
 755500.000   27.594
 756000.000   27.926
 756500.000   27.918
 757000.000   28.113
 757500.000   27.223
 758000.000   27.766
 758500.000   28.863
 759000.000   27.398
 759500.000   28.293
 760000.000   28.651
 760500.000   28.114
 761000.000   26.922
 761500.000   28.101
 762000.000   27.262
 762500.000   28.001
 763000.000   27.226
 763500.000   28.163
 764000.000   28.221
 764500.000   27.104
 765000.000   27.870
 765500.000   27.803
 766000.000   27.375
 766500.000   28.369
 767000.000   26.490
 767500.000   28.153
 768000.000   26.926
 768500.000   27.253
 769000.000   27.125
 769500.000   26.887
 770000.000   27.493
 770500.000   27.147
 771000.000   27.519
 771500.000   28.009
 772000.000   28.196
 772500.000   28.130
 773000.000   27.453
 773500.000   28.599
 774000.000   28.136
 774500.000   28.260
 775000.000   27.617
 775500.000   28.658
 776000.000   28.358
 776500.000   29.453
 777000.000   29.731
 777500.000   29.862
 778000.000   29.605
 778500.000   29.030
 779000.000   28.913
 779500.000   28.749
 780000.000   28.792
 780500.000   30.381
 781000.000   28.465
 781500.000   29.119
 782000.000   29.257
 782500.000   29.579
 783000.000   28.246
 783500.000   28.905
 784000.000   28.906
 784500.000   28.770
 785000.000   29.067
 785500.000   30.192
 786000.000   28.988
 786500.000   28.755
 787000.000   27.966
 787500.000   29.721
 788000.000   29.006
 788500.000   28.279
 789000.000   29.940
 789500.000   26.893
 790000.000   28.151
 790500.000   27.473
 791000.000   27.625
 791500.000   27.799
 792000.000   27.739
 792500.000   28.319
 793000.000   27.522
 793500.000   26.979
 794000.000   27.091
 794500.000   27.003
 795000.000   26.893
 795500.000   27.996
 796000.000   27.047
 796500.000   28.161
 797000.000   28.164
 797500.000   27.969
 798000.000   27.403
 798500.000   28.237
 799000.000   27.397
 799500.000   27.316
 800000.000   28.115
 800500.000   26.750
 801000.000   26.279
 801500.000   28.673
 802000.000   26.333
 802500.000   27.273
 803000.000   27.119
 803500.000   28.220
 804000.000   29.169
 804500.000   26.949
 805000.000   26.267
 805500.000   27.318
 806000.000   27.219
 806500.000   26.883
 807000.000   27.066
 807500.000   25.978
 808000.000   28.587
 808500.000   28.055
 809000.000   28.607
 809500.000   26.570
 810000.000   27.546
 810500.000   27.881
 811000.000   28.304
 811500.000   28.095
 812000.000   28.214
 812500.000   27.792
 813000.000   27.149
 813500.000   28.477
 814000.000   27.889
 814500.000   27.889
 815000.000   27.803
 815500.000   28.392
 816000.000   28.063
 816500.000   27.140
 817000.000   28.220
 817500.000   27.894
 818000.000   28.327
 818500.000   28.673
 819000.000   27.167
 819500.000   27.855
 820000.000   28.332
 820500.000   27.321
 821000.000   27.435
 821500.000   27.587
 822000.000   28.184
 822500.000   26.617
 823000.000   27.851
 823500.000   27.652
 824000.000   25.849
 824500.000   28.073
 825000.000   27.906
 825500.000   26.859
 826000.000   27.405
 826500.000   28.540
 827000.000   27.020
 827500.000   27.731
 828000.000   27.520
 828500.000   27.571
 829000.000   28.237
 829500.000   28.530
 830000.000   28.398
 830500.000   28.035
 831000.000   28.952
 831500.000   27.566
 832000.000   28.744
 832500.000   28.233
 833000.000   27.364
 833500.000   28.011
 834000.000   27.869
 834500.000   27.357
 835000.000   27.788
 835500.000   26.739
 836000.000   27.668
 836500.000   27.559
 837000.000   27.553
 837500.000   28.507
 838000.000   27.782
 838500.000   26.788
 839000.000   27.488
 839500.000   27.531
 840000.000   27.217
 840500.000   27.134
 841000.000   26.985
 841500.000   27.810
 842000.000   25.730
 842500.000   27.495
 843000.000   28.398
 843500.000   27.609
 844000.000   26.852
 844500.000   27.981
 845000.000   27.174
 845500.000   27.920
 846000.000   28.758
 846500.000   28.062
 847000.000   28.569
 847500.000   27.029
 848000.000   27.982
 848500.000   25.780
 849000.000   28.295
 849500.000   26.818
 850000.000   26.752
 850500.000   27.312
 851000.000   27.276
 851500.000   26.858
 852000.000   26.790
 852500.000   27.730
 853000.000   27.024
 853500.000   27.012
 854000.000   27.895
 854500.000   28.730
 855000.000   27.087
 855500.000   27.745
 856000.000   28.427
 856500.000   28.143
 857000.000   27.771
 857500.000   27.958
 858000.000   28.024
 858500.000   28.565
 859000.000   28.551
 859500.000   27.381
 860000.000   27.126
 860500.000   28.367
 861000.000   27.860
 861500.000   27.892
 862000.000   28.934
 862500.000   28.268
 863000.000   27.299
 863500.000   26.963
 864000.000   27.371
 864500.000   27.722
 865000.000   27.528
 865500.000   27.240
 866000.000   28.074
 866500.000   27.641
 867000.000   26.814
 867500.000   27.367
 868000.000   27.433
 868500.000   26.395
 869000.000   26.544
 869500.000   27.269
 870000.000   27.308
 870500.000   26.391
 871000.000   26.355
 871500.000   27.107
 872000.000   27.794
 872500.000   25.938
 873000.000   27.153
 873500.000   27.180
 874000.000   26.420
 874500.000   27.280
 875000.000   26.797
 875500.000   26.847
 876000.000   27.171
 876500.000   27.247
 877000.000   27.013
 877500.000   27.224
 878000.000   27.196
 878500.000   27.153
 879000.000   27.035
 879500.000   27.226
 880000.000   27.153
 880500.000   27.859
 881000.000   27.585
 881500.000   27.449
 882000.000   27.632
 882500.000   26.738
 883000.000   27.983
 883500.000   28.139
 884000.000   27.684
 884500.000   28.255
 885000.000   27.703
 885500.000   28.354
 886000.000   27.934
 886500.000   28.269
 887000.000   28.411
 887500.000   27.565
 888000.000   28.333
 888500.000   27.652
 889000.000   26.632
 889500.000   27.800
 890000.000   27.500
 890500.000   27.106
 891000.000   26.637
 891500.000   26.512
 892000.000   27.536
 892500.000   28.028
 893000.000   27.704
 893500.000   27.312
 894000.000   27.351
 894500.000   26.958
 895000.000   27.488
 895500.000   26.738
 896000.000   27.147
 896500.000   28.040
 897000.000   27.177
 897500.000   27.311
 898000.000   26.686
 898500.000   28.134
 899000.000   28.387
 899500.000   27.322
 900000.000   26.525
 900500.000   26.097
 901000.000   26.153
 901500.000   27.257
 902000.000   27.857
 902500.000   26.923
 903000.000   27.749
 903500.000   28.298
 904000.000   28.414
 904500.000   26.359
 905000.000   27.328
 905500.000   27.491
 906000.000   27.568
 906500.000   27.934
 907000.000   26.607
 907500.000   26.881
 908000.000   27.561
 908500.000   27.378
 909000.000   27.398
 909500.000   26.785
 910000.000   28.135
 910500.000   28.120
 911000.000   27.503
 911500.000   27.472
 912000.000   27.151
 912500.000   26.868
 913000.000   26.670
 913500.000   26.905
 914000.000   27.827
 914500.000   29.195
 915000.000   28.200
 915500.000   28.930
 916000.000   28.825
 916500.000   28.070
 917000.000   28.526
 917500.000   29.199
 918000.000   28.652
 918500.000   27.865
 919000.000   29.360
 919500.000   28.261
 920000.000   29.276
 920500.000   29.805
 921000.000   29.298
 921500.000   27.346
 922000.000   28.363
 922500.000   28.753
 923000.000   28.929
 923500.000   28.371
 924000.000   28.702
 924500.000   28.985
 925000.000   27.950
 925500.000   28.066
 926000.000   28.146
 926500.000   27.163
 927000.000   27.447
 927500.000   27.360
 928000.000   27.261
 928500.000   27.351
 929000.000   27.216
 929500.000   27.483
 930000.000   27.003
 930500.000   26.543
 931000.000   27.465
 931500.000   27.670
 932000.000   27.526
 932500.000   28.143
 933000.000   27.671
 933500.000   27.699
 934000.000   27.208
 934500.000   28.488
 935000.000   28.667
 935500.000   26.689
 936000.000   27.604
 936500.000   26.385
 937000.000   26.948
 937500.000   27.085
 938000.000   27.344
 938500.000   27.668
 939000.000   27.765
 939500.000   28.252
 940000.000   27.982
 940500.000   28.288
 941000.000   28.223
 941500.000   28.341
 942000.000   27.700
 942500.000   27.271
 943000.000   28.183
 943500.000   26.855
 944000.000   27.655
 944500.000   28.102
 945000.000   27.557
 945500.000   28.633
 946000.000   28.254
 946500.000   28.925
 947000.000   29.103
 947500.000   28.478
 948000.000   28.930
 948500.000   28.021
 949000.000   28.168
 949500.000   27.766
 950000.000   28.295
 950500.000   27.597
 951000.000   28.163
 951500.000   27.832
 952000.000   27.560
 952500.000   29.924
 953000.000   28.342
 953500.000   26.652
 954000.000   26.984
 954500.000   27.747
 955000.000   27.491
 955500.000   28.485
 956000.000   28.857
 956500.000   27.901
 957000.000   29.176
 957500.000   28.692
 958000.000   28.175
 958500.000   28.901
 959000.000   27.618
 959500.000   28.280
 960000.000   27.935
 960500.000   27.801
 961000.000   27.956
 961500.000   28.092
 962000.000   27.959
 962500.000   28.710
 963000.000   27.523
 963500.000   27.891
 964000.000   28.103
 964500.000   28.160
 965000.000   27.689
 965500.000   28.237
 966000.000   27.536
 966500.000   27.847
 967000.000   27.112
 967500.000   28.605
 968000.000   27.831
 968500.000   27.082
 969000.000   29.111
 969500.000   27.719
 970000.000   28.312
 970500.000   29.137
 971000.000   28.856
 971500.000   28.776
 972000.000   28.078
 972500.000   27.908
 973000.000   28.301
 973500.000   27.965
 974000.000   27.588
 974500.000   28.016
 975000.000   27.970
 975500.000   26.892
 976000.000   27.677
 976500.000   26.982
 977000.000   28.163
 977500.000   27.489
 978000.000   27.954
 978500.000   28.257
 979000.000   28.933
 979500.000   28.480
 980000.000   27.594
 980500.000   28.887
 981000.000   28.077
 981500.000   28.731
 982000.000   27.593
 982500.000   27.659
 983000.000   27.839
 983500.000   27.586
 984000.000   28.973
 984500.000   27.965
 985000.000   28.419
 985500.000   27.963
 986000.000   29.081
 986500.000   27.671
 987000.000   28.160
 987500.000   27.230
 988000.000   28.376
 988500.000   27.067
 989000.000   26.879
 989500.000   28.431
 990000.000   27.987
 990500.000   28.418
 991000.000   29.006
 991500.000   28.820
 992000.000   28.825
 992500.000   28.908
 993000.000   28.254
 993500.000   27.706
 994000.000   28.037
 994500.000   27.901
 995000.000   28.874
 995500.000   28.852
 996000.000   27.976
 996500.000   27.474
 997000.000   28.139
 997500.000   27.742
 998000.000   28.923
 998500.000   28.720
 999000.000   28.700
 999500.000   28.206
1000000.000   27.887
