 750000.000    6.292  677.464
 750500.000    6.171  690.765
 751000.000    6.256  681.388
 751500.000    6.467  659.198
 752000.000    6.317  674.864
 752500.000    6.110  697.630
 753000.000    6.408  665.215
 753500.000    6.287  677.983
 754000.000    6.317  674.795
 754500.000    6.268  680.055
 755000.000    6.149  693.221
 755500.000    6.131  695.236
 756000.000    6.248  682.290
 756500.000    6.371  669.133
 757000.000    6.388  667.319
 757500.000    6.270  679.895
 758000.000    6.421  663.839
 758500.000    6.492  656.672
 759000.000    6.214  685.956
 759500.000    6.231  684.102
 760000.000    6.310  675.593
 760500.000    6.288  677.909
 761000.000    6.239  683.201
 761500.000    6.485  657.347
 762000.000    6.110  697.642
 762500.000    6.337  672.722
 763000.000    6.333  673.130
 763500.000    6.351  671.246
 764000.000    6.436  662.290
 764500.000    6.327  673.714
 765000.000    6.373  668.910
 765500.000    6.358  670.437
 766000.000    6.409  665.102
 766500.000    6.331  673.314
 767000.000    6.176  690.213
 767500.000    6.334  673.012
 768000.000    6.298  676.845
 768500.000    6.161  691.883
 769000.000    6.263  680.683
 769500.000    6.274  679.483
 770000.000    6.224  684.943
 770500.000    6.244  682.657
 771000.000    6.263  680.621
 771500.000    6.490  656.830
 772000.000    6.313  675.241
 772500.000    6.445  661.381
 773000.000    6.305  676.068
 773500.000    6.247  682.419
 774000.000    6.419  664.043
 774500.000    6.378  668.370
 775000.000    6.146  693.629
 775500.000    6.256  681.406
 776000.000    6.405  665.495
 776500.000    6.533  652.517
 777000.000    6.518  653.954
 777500.000    6.427  663.214
 778000.000    6.606  645.281
 778500.000    6.452  660.671
 779000.000    6.435  662.399
 779500.000    6.429  663.077
 780000.000    6.658  640.217
 780500.000    6.671  639.045
 781000.000    6.349  671.407
 781500.000    6.457  660.224
 782000.000    6.308  675.801
 782500.000    6.535  652.255
 783000.000    6.224  684.876
 783500.000    6.394  666.669
 784000.000    6.335  672.896
 784500.000    6.369  669.356
 785000.000    6.363  669.896
 785500.000    6.493  656.537
 786000.000    6.384  667.715
 786500.000    6.634  642.540
 787000.000    6.270  679.849
 787500.000    6.355  670.776
 788000.000    6.382  667.964
 788500.000    6.205  687.002
 789000.000    6.566  649.231
 789500.000    6.199  687.683
 790000.000    6.374  668.736
 790500.000    6.136  694.709
 791000.000    6.445  661.394
 791500.000    6.318  674.668
 792000.000    6.249  682.117
 792500.000    6.509  654.947
 793000.000    6.221  685.180
 793500.000    6.339  672.483
 794000.000    6.219  685.463
 794500.000    6.114  697.215
 795000.000    6.073  701.971
 795500.000    6.355  670.742
 796000.000    6.215  685.932
 796500.000    6.313  675.202
 797000.000    6.216  685.760
 797500.000    6.417  664.269
 798000.000    6.269  680.001
 798500.000    6.303  676.318
 799000.000    6.395  666.568
 799500.000    6.097  699.132
 800000.000    6.225  684.819
 800500.000    6.294  677.309
 801000.000    6.075  701.752
 801500.000    6.406  665.491
 802000.000    6.153  692.827
 802500.000    6.157  692.367
 803000.000    5.950  716.480
 803500.000    6.187  688.980
 804000.000    6.431  662.903
 804500.000    6.223  684.999
 805000.000    6.101  698.672
 805500.000    6.258  681.146
 806000.000    6.231  684.150
 806500.000    6.072  701.985
 807000.000    6.352  671.126
 807500.000    6.078  701.374
 808000.000    6.459  660.012
 808500.000    6.347  671.675
 809000.000    6.480  657.832
 809500.000    6.209  686.599
 810000.000    6.235  683.731
 810500.000    6.405  665.526
 811000.000    6.410  665.051
 811500.000    6.239  683.264
 812000.000    6.428  663.161
 812500.000    6.226  684.651
 813000.000    6.347  671.606
 813500.000    6.255  681.542
 814000.000    6.532  652.623
 814500.000    6.222  685.153
 815000.000    6.290  677.680
 815500.000    6.288  677.924
 816000.000    6.140  694.222
 816500.000    6.137  694.636
 817000.000    6.392  666.888
 817500.000    6.242  682.928
 818000.000    6.406  665.444
 818500.000    6.439  662.069
 819000.000    6.158  692.269
 819500.000    6.312  675.368
 820000.000    6.549  650.927
 820500.000    6.161  691.941
 821000.000    6.395  666.581
 821500.000    6.300  676.638
 822000.000    6.279  678.924
 822500.000    6.046  705.100
 823000.000    6.356  670.650
 823500.000    6.275  679.374
 824000.000    6.024  707.617
 824500.000    6.352  671.137
 825000.000    6.216  685.762
 825500.000    6.103  698.498
 826000.000    6.162  691.743
 826500.000    6.363  669.986
 827000.000    6.161  691.873
 827500.000    6.347  671.602
 828000.000    6.217  685.657
 828500.000    6.200  687.542
 829000.000    6.351  671.180
 829500.000    6.387  667.469
 830000.000    6.358  670.426
 830500.000    6.294  677.261
 831000.000    6.452  660.718
 831500.000    6.115  697.156
 832000.000    6.250  682.006
 832500.000    6.229  684.345
 833000.000    6.148  693.335
 833500.000    6.245  682.541
 834000.000    6.295  677.214
 834500.000    6.292  677.531
 835000.000    6.336  672.819
 835500.000    6.191  688.590
 836000.000    6.301  676.489
 836500.000    6.252  681.784
 837000.000    6.236  683.602
 837500.000    6.352  671.144
 838000.000    6.081  701.033
 838500.000    6.204  687.082
 839000.000    6.284  678.411
 839500.000    6.164  691.590
 840000.000    6.217  685.646
 840500.000    6.213  686.121
 841000.000    6.043  705.372
 841500.000    6.365  669.742
 842000.000    5.948  716.645
 842500.000    6.310  675.545
 843000.000    6.529  652.885
 843500.000    6.169  690.994
 844000.000    6.159  692.116
 844500.000    6.179  689.853
 845000.000    6.140  694.278
 845500.000    6.367  669.494
 846000.000    6.331  673.307
 846500.000    6.318  674.654
 847000.000    6.341  672.229
 847500.000    6.066  702.742
 848000.000    6.344  671.993
 848500.000    6.052  704.373
 849000.000    6.345  671.796
 849500.000    6.305  676.146
 850000.000    6.263  680.611
 850500.000    6.323  674.198
 851000.000    6.293  677.389
 851500.000    6.216  685.803
 852000.000    6.270  679.840
 852500.000    6.296  677.115
 853000.000    6.119  696.693
 853500.000    6.259  681.098
 854000.000    6.363  669.907
 854500.000    6.340  672.387
 855000.000    6.170  690.914
 855500.000    6.092  699.747
 856000.000    6.376  668.535
 856500.000    6.337  672.724
 857000.000    6.310  675.540
 857500.000    6.352  671.068
 858000.000    6.256  681.397
 858500.000    6.300  676.645
 859000.000    6.318  674.716
 859500.000    6.281  678.718
 860000.000    6.256  681.431
 860500.000    6.320  674.533
 861000.000    6.320  674.447
 861500.000    6.482  657.662
 862000.000    6.531  652.726
 862500.000    6.350  671.302
 863000.000    6.260  680.949
 863500.000    6.273  679.601
 864000.000    6.259  681.018
 864500.000    6.263  680.655
 865000.000    6.302  676.413
 865500.000    6.320  674.521
 866000.000    6.410  665.060
 866500.000    6.273  679.555
 867000.000    6.142  693.988
 867500.000    6.116  696.978
 868000.000    6.300  676.641
 868500.000    6.125  696.006
 869000.000    6.039  705.925
 869500.000    6.169  691.056
 870000.000    6.246  682.501
 870500.000    6.078  701.326
 871000.000    6.039  705.843
 871500.000    6.230  684.185
 872000.000    6.202  687.362
 872500.000    5.982  712.628
 873000.000    6.218  685.553
 873500.000    6.130  695.387
 874000.000    6.061  703.293
 874500.000    6.207  686.824
 875000.000    6.065  702.866
 875500.000    6.039  705.897
 876000.000    6.423  663.637
 876500.000    6.193  688.302
 877000.000    5.985  712.231
 877500.000    6.152  692.930
 878000.000    6.245  682.555
 878500.000    6.032  706.749
 879000.000    6.185  689.190
 879500.000    6.164  691.598
 880000.000    6.167  691.199
 880500.000    6.281  678.689
 881000.000    6.145  693.657
 881500.000    6.143  693.951
 882000.000    6.224  684.883
 882500.000    6.104  698.319
 883000.000    6.340  672.399
 883500.000    6.413  664.661
 884000.000    6.224  684.871
 884500.000    6.500  655.809
 885000.000    6.334  672.995
 885500.000    6.452  660.716
 886000.000    6.340  672.355
 886500.000    6.263  680.635
 887000.000    6.277  679.142
 887500.000    6.342  672.179
 888000.000    6.279  678.900
 888500.000    6.414  664.647
 889000.000    6.185  689.217
 889500.000    6.356  670.706
 890000.000    6.289  677.796
 890500.000    6.154  692.691
 891000.000    6.143  693.874
 891500.000    6.119  696.632
 892000.000    6.340  672.415
 892500.000    6.397  666.345
 893000.000    6.336  672.821
 893500.000    6.167  691.203
 894000.000    6.234  683.823
 894500.000    6.139  694.422
 895000.000    6.209  686.591
 895500.000    6.193  688.295
 896000.000    6.139  694.347
 896500.000    6.330  673.480
 897000.000    6.334  672.974
 897500.000    6.256  681.433
 898000.000    6.134  694.931
 898500.000    6.404  665.669
 899000.000    6.244  682.684
 899500.000    6.133  695.040
 900000.000    6.024  707.601
 900500.000    6.106  698.102
 901000.000    6.111  697.545
 901500.000    6.350  671.282
 902000.000    6.301  676.547
 902500.000    6.296  677.062
 903000.000    6.512  654.647
 903500.000    6.382  667.897
 904000.000    6.436  662.320
 904500.000    6.192  688.474
 905000.000    6.246  682.510
 905500.000    6.219  685.423
 906000.000    6.336  672.805
 906500.000    6.331  673.293
 907000.000    6.139  694.382
 907500.000    6.194  688.215
 908000.000    6.326  673.803
 908500.000    6.300  676.588
 909000.000    6.175  690.385
 909500.000    6.229  684.360
 910000.000    6.356  670.675
 910500.000    6.296  677.027
 911000.000    6.371  669.100
 911500.000    6.159  692.093
 912000.000    6.234  683.849
 912500.000    6.156  692.466
 913000.000    6.055  704.046
 913500.000    6.094  699.473
 914000.000    6.339  672.437
 914500.000    6.311  675.478
 915000.000    6.291  677.596
 915500.000    6.411  664.924
 916000.000    6.488  657.054
 916500.000    6.402  665.825
 917000.000    6.261  680.807
 917500.000    6.436  662.303
 918000.000    6.296  677.057
 918500.000    6.209  686.498
 919000.000    6.432  662.731
 919500.000    6.187  688.939
 920000.000    6.464  659.474
 920500.000    6.524  653.437
 921000.000    6.361  670.190
 921500.000    6.079  701.291
 922000.000    6.400  666.039
 922500.000    6.246  682.526
 923000.000    6.504  655.394
 923500.000    6.217  685.630
 924000.000    6.311  675.471
 924500.000    6.397  666.389
 925000.000    6.336  672.754
 925500.000    6.052  704.339
 926000.000    6.432  662.790
 926500.000    6.208  686.640
 927000.000    6.542  651.619
 927500.000    6.270  679.908
 928000.000    6.284  678.385
 928500.000    6.150  693.106
 929000.000    6.044  705.320
 929500.000    6.226  684.667
 930000.000    6.096  699.330
 930500.000    6.096  699.317
 931000.000    6.219  685.483
 931500.000    6.389  667.226
 932000.000    6.285  678.212
 932500.000    6.147  693.514
 933000.000    6.257  681.244
 933500.000    6.285  678.221
 934000.000    6.057  703.770
 934500.000    6.471  658.718
 935000.000    6.328  673.648
 935500.000    6.045  705.162
 936000.000    6.417  664.344
 936500.000    6.099  698.965
 937000.000    6.136  694.732
 937500.000    6.329  673.532
 938000.000    6.206  686.939
 938500.000    6.222  685.161
 939000.000    6.204  687.131
 939500.000    6.374  668.807
 940000.000    6.309  675.657
 940500.000    6.286  678.166
 941000.000    6.179  689.849
 941500.000    6.279  678.937
 942000.000    6.204  687.093
 942500.000    6.198  687.795
 943000.000    6.459  659.938
 943500.000    6.187  688.970
 944000.000    6.313  675.254
 944500.000    6.384  667.751
 945000.000    6.373  668.869
 945500.000    6.378  668.339
 946000.000    6.177  690.106
 946500.000    6.546  651.179
 947000.000    6.332  673.245
 947500.000    6.125  696.000
 948000.000    6.296  677.068
 948500.000    6.526  653.179
 949000.000    6.240  683.138
 949500.000    6.127  695.693
 950000.000    6.291  677.573
 950500.000    6.110  697.649
 951000.000    6.277  679.167
 951500.000    6.296  677.093
 952000.000    6.303  676.330
 952500.000    6.585  647.324
 953000.000    6.408  665.217
 953500.000    6.061  703.309
 954000.000    6.076  701.576
 954500.000    6.290  677.709
 955000.000    6.169  691.047
 955500.000    6.313  675.213
 956000.000    6.493  656.531
 956500.000    6.405  665.527
 957000.000    6.508  654.966
 957500.000    6.380  668.203
 958000.000    6.365  669.770
 958500.000    6.475  658.339
 959000.000    6.192  688.435
 959500.000    6.359  670.342
 960000.000    6.355  670.800
 960500.000    6.280  678.782
 961000.000    6.235  683.643
 961500.000    6.358  670.433
 962000.000    6.289  677.777
 962500.000    6.513  654.460
 963000.000    6.425  663.449
 963500.000    6.194  688.176
 964000.000    6.386  667.557
 964500.000    6.462  659.648
 965000.000    6.206  686.900
 965500.000    6.364  669.819
 966000.000    6.261  680.802
 966500.000    6.380  668.102
 967000.000    6.284  678.391
 967500.000    6.495  656.313
 968000.000    6.163  691.635
 968500.000    6.273  679.559
 969000.000    6.364  669.854
 969500.000    6.340  672.364
 970000.000    6.236  683.601
 970500.000    6.474  658.468
 971000.000    6.350  671.349
 971500.000    6.485  657.353
 972000.000    6.353  670.955
 972500.000    6.419  664.070
 973000.000    6.487  657.105
 973500.000    6.441  661.803
 974000.000    6.332  673.192
 974500.000    6.161  691.953
 975000.000    6.373  668.893
 975500.000    6.238  683.311
 976000.000    6.209  686.578
 976500.000    6.005  709.896
 977000.000    6.277  679.100
 977500.000    6.335  672.894
 978000.000    6.374  668.783
 978500.000    6.205  686.984
 979000.000    6.617  644.172
 979500.000    6.264  680.481
 980000.000    6.254  681.646
 980500.000    6.397  666.333
 981000.000    6.269  680.000
 981500.000    6.469  659.003
 982000.000    6.435  662.417
 982500.000    6.257  681.296
 983000.000    6.362  670.071
 983500.000    5.922  719.806
 984000.000    6.463  659.543
 984500.000    6.195  688.105
 985000.000    6.311  675.440
 985500.000    6.175  690.373
 986000.000    6.183  689.410
 986500.000    6.292  677.460
 987000.000    6.316  674.895
 987500.000    6.350  671.300
 988000.000    6.304  676.240
 988500.000    6.127  695.742
 989000.000    6.066  702.759
 989500.000    6.247  682.381
 990000.000    6.300  676.601
 990500.000    6.290  677.681
 991000.000    6.330  673.471
 991500.000    6.282  678.609
 992000.000    6.401  665.968
 992500.000    6.474  658.496
 993000.000    6.351  671.191
 993500.000    6.088  700.184
 994000.000    6.292  677.457
 994500.000    6.290  677.724
 995000.000    6.357  670.609
 995500.000    6.409  665.128
 996000.000    6.225  684.737
 996500.000    6.267  680.204
 997000.000    6.382  667.955
 997500.000    6.164  691.549
 998000.000    6.337  672.678
 998500.000    6.274  679.467
 999000.000    6.350  671.288
 999500.000    6.431  662.899
1000000.000    6.281  678.640
