48.154 51.667 -134.8905
45.519 52.403 -125.602
47.277 53.823 -132.779
43.624 44.86 -113.009
41.556 45.904 -119.039
45.849 53.252 -126.0125
46.729 47.973 -126.936
51.788 57.021 -138.313
48.903 49.874 -130.55
49.897 52.579 -132.712
49.907 55.169 -138.4155
50.502 58.466 -148.7575
52.23 56.626 -139.007
50.758 56.577 -150.809
55.558 60.239 -145.399
57.726 54.782 -144.516
54.761 53.802 -131.4235
51.405 50.623 -120.0185
41.408 41.067 -106.8845
39.845 39.197 -104.0575
40.763 44.958 -100.943
46.177 46.017 -115.7895
45.079 43.975 -114.247
44.429 44.864 -105.8655
53.043 46.663 -123.7365
44.672 41.385 -106.486
50.829 46.105 -118.853
48.458 52.404 -122.887
44.78 46.538 -105.1875
45.754 44.718 -105.0405
43.29 46.146 -115.4095
42.593 46.701 -109.959
39.036 41.08 -91.1595
37.933 41.388 -92.657
40.605 41.612 -101.07
47.292 49.898 -116.2965
46.351 47.378 -114.1455
51.05 48.479 -124.556
46.508 46.46 -111.158
42.414 45.31 -101.361
43.687 44.92 -107.687
43.156 45.527 -103.306
38.166 42.065 -96.22
44.038 49.824 -100.426
41.622 45.963 -104.8925
47.759 49.664 -111.7565
38.923 43.514 -95.3335
34.305 41.418 -93.3445
27.209 32.895 -72.374
31.642 34.25 -79.32
26.286 32.919 -75.267
33.424 40.066 -98.486
33.199 32.638 -87.55
30.569 32.46 -68.637
34.45 37.934 -93.283
34.838 42.46 -88.926
39.667 38.468 -101.1185
43.831 44.767 -101.3105
51.071 57.119 -133.489
48.907 51.022 -119.138
41.962 42.004 -102.1445
47.431 49.938 -124.785
38.168 40.321 -103.773
42.511 48.111 -112.593
43.445 46.978 -107.6775
52.56 53.852 -125.866
39.781 46.766 -113.416
46.294 49.47 -124.6295
40.412 45.918 -115.437
46.081 53.606 -124.2875
50.728 54.681 -132.6425
43.54 49.206 -111.4055
42.438 50.512 -116.335
41.462 45.67 -112.801
48.41 55.969 -130.0905
50.582 53.886 -125.448
43.415 48.342 -120.369
45.814 44.802 -108.495
42.736 45.553 -99.85
40.046 41.531 -96.137
42.935 44.12 -108.7795
44.619 53.472 -112.464
41.426 49.825 -115.19
40.487 44.125 -114.7385
37.635 46.679 -111.392
43.572 46.068 -124.058
43.546 49.814 -114.2535
42.143 46.979 -113.465
44.337 48.498 -121.939
38.608 43.226 -115.34
48.93 49.819 -117.002
47.394 50.546 -128.314
45.353 47.905 -119.65
43.287 45.62 -115.712
45.704 48.77 -119.6415
42.57 45.4 -112.679
46.242 48.791 -122.447
47.53 49.549 -123.3135
48.259 50.696 -128.3055
47.174 45.774 -114.657
49.117 46.94 -131.499
