28.991 30.192 -72.665
22.303 29.663 -60.9425
23.968 24.153 -57.6285
24.01 29.335 -58.9615
28.632 34.987 -74.147
33.524 36.233 -74.6935
30.398 31.349 -70.2
40.111 41.882 -90.2935
39.083 45.252 -93.788
40.271 41.222 -96.737
44.047 50.204 -102.4135
38.538 41.016 -92.6385
31.996 35.733 -71.227
28.806 33.046 -70.31
26.098 32.512 -67.54
24.712 26.095 -55.2295
40.253 46.174 -100.838
32.088 38.979 -83.814
25.805 31.962 -72.505
24.482 30.988 -65.415
23.204 29.588 -63.101
24.829 27.0 -66.816
29.898 30.9 -74.5265
38.474 42.138 -100.757
29.937 31.271 -78.1805
39.17 37.968 -97.9635
42.872 49.061 -108.311
46.712 51.88 -124.007
45.481 49.543 -122.511
48.069 49.539 -126.293
48.432 49.412 -126.3815
53.711 54.503 -130.6835
50.154 57.25 -130.517
60.84 63.442 -150.6515
55.153 63.275 -149.1895
52.479 56.113 -122.584
58.866 68.832 -145.0665
58.909 60.595 -145.0065
56.871 60.936 -136.7305
47.597 59.526 -128.4045
56.61 59.294 -133.379
63.545 62.963 -150.879
58.363 59.487 -130.4475
52.16 55.026 -128.869
52.916 52.071 -128.243
46.627 51.59 -119.53
61.137 58.599 -131.705
49.513 54.0 -118.5825
55.05 58.202 -131.4865
48.049 50.919 -119.4565
38.608 43.796 -100.5005
40.072 49.205 -113.6335
46.104 49.321 -119.653
45.848 49.739 -119.356
34.71 39.284 -92.2245
37.226 44.524 -94.6095
32.028 33.936 -75.565
36.868 41.174 -95.85
36.513 44.108 -93.72
30.635 39.389 -84.509
34.463 43.364 -88.191
38.032 38.079 -96.3545
41.001 41.094 -109.0335
32.18 30.172 -71.999
35.265 38.323 -92.4955
33.869 36.072 -83.1795
34.94 38.535 -94.512
37.493 41.782 -96.0675
41.689 42.715 -107.559
29.364 32.093 -75.664
33.386 40.51 -90.863
35.415 47.945 -102.667
41.783 44.78 -97.654
43.807 45.059 -105.283
34.944 41.702 -92.145
37.198 46.14 -102.663
38.04 43.715 -99.7405
37.428 39.634 -94.5825
30.398 33.972 -83.279
32.945 34.709 -81.1435
40.598 39.783 -97.835
30.695 40.495 -82.467
29.015 34.469 -65.145
28.809 28.506 -69.849
33.559 30.33 -85.728
28.559 33.917 -76.5735
34.64 38.521 -83.8235
33.624 39.194 -75.194
39.92 38.894 -97.151
38.081 39.208 -92.411
40.446 42.558 -96.354
34.799 44.875 -86.4265
36.73 44.029 -97.269
26.811 33.905 -70.797
26.455 36.313 -76.844
35.127 35.335 -85.8805
32.467 37.384 -81.982
27.226 33.53 -73.1665
31.577 38.544 -74.5075
38.289 45.936 -91.1605
30.422 35.57 -80.984
