 750000.000    0.429
 750500.000    1.840
 751000.000   -0.613
 751500.000    1.572
 752000.000    1.999
 752500.000    2.340
 753000.000    1.657
 753500.000    0.278
 754000.000    1.399
 754500.000    2.267
 755000.000    0.862
 755500.000    0.966
 756000.000    0.700
 756500.000    2.521
 757000.000    1.474
 757500.000    2.084
 758000.000    0.869
 758500.000    1.996
 759000.000    2.099
 759500.000    0.161
 760000.000    4.175
 760500.000   -0.081
 761000.000    1.829
 761500.000    2.956
 762000.000    1.575
 762500.000   -0.187
 763000.000    0.700
 763500.000   -0.262
 764000.000    3.396
 764500.000    0.702
 765000.000    0.782
 765500.000    1.476
 766000.000   -1.291
 766500.000    1.662
 767000.000    2.446
 767500.000    0.361
 768000.000    2.441
 768500.000   -0.175
 769000.000    2.262
 769500.000    1.375
 770000.000    3.490
 770500.000    1.836
 771000.000    2.168
 771500.000    1.825
 772000.000    1.389
 772500.000    1.733
 773000.000    0.688
 773500.000    4.434
 774000.000    1.220
 774500.000   -0.185
 775000.000    1.822
 775500.000    2.345
 776000.000    0.858
 776500.000    3.397
 777000.000    2.782
 777500.000    2.611
 778000.000    1.486
 778500.000   -0.712
 779000.000    1.570
 779500.000    3.660
 780000.000    2.438
 780500.000    3.300
 781000.000   -0.182
 781500.000    1.735
 782000.000    4.448
 782500.000    0.267
 783000.000    1.302
 783500.000    1.131
 784000.000    0.952
 784500.000   -0.796
 785000.000    0.342
 785500.000   -0.013
 786000.000    3.124
 786500.000    4.789
 787000.000    1.123
 787500.000    1.218
 788000.000    1.648
 788500.000    3.728
 789000.000    2.008
 789500.000   -0.890
 790000.000    0.532
 790500.000    2.260
 791000.000    1.295
 791500.000    1.816
 792000.000    3.126
 792500.000    0.166
 793000.000    0.336
 793500.000    1.912
 794000.000    1.476
 794500.000   -2.437
 795000.000    4.434
 795500.000    2.150
 796000.000    1.218
 796500.000    2.338
 797000.000    1.469
 797500.000    3.309
 798000.000    4.265
 798500.000    1.036
 799000.000    1.643
 799500.000    3.568
 800000.000    1.110
 800500.000    2.439
 801000.000    1.036
 801500.000    0.345
 802000.000    1.041
 802500.000    1.815
 803000.000   -0.888
 803500.000    1.208
 804000.000    0.675
 804500.000    0.329
 805000.000    1.385
 805500.000    1.737
 806000.000    0.856
 806500.000    1.474
 807000.000    2.068
 807500.000    3.990
 808000.000    3.985
 808500.000    4.696
 809000.000    2.691
 809500.000    2.178
 810000.000    1.907
 810500.000    2.615
 811000.000    4.537
 811500.000    3.744
 812000.000    3.037
 812500.000    1.375
 813000.000   -0.348
 813500.000    2.178
 814000.000    1.403
 814500.000    3.997
 815000.000   -0.175
 815500.000    1.740
 816000.000    1.992
 816500.000    1.747
 817000.000    3.296
 817500.000    0.858
 818000.000    2.358
 818500.000    3.231
 819000.000    5.048
 819500.000    3.568
 820000.000    1.999
 820500.000    1.999
 821000.000    1.053
 821500.000    1.981
 822000.000    1.738
 822500.000    1.994
 823000.000    2.171
 823500.000    2.086
 824000.000    3.912
 824500.000    1.217
 825000.000    1.133
 825500.000    3.648
 826000.000    1.220
 826500.000    5.651
 827000.000    1.910
 827500.000    3.477
 828000.000   -0.611
 828500.000    1.483
 829000.000    2.091
 829500.000    2.097
 830000.000    4.444
 830500.000    2.959
 831000.000    1.137
 831500.000    2.445
 832000.000    3.921
 832500.000    2.175
 833000.000    2.707
 833500.000    2.689
 834000.000    2.354
 834500.000    1.391
 835000.000    1.043
 835500.000    3.472
 836000.000    4.608
 836500.000    0.867
 837000.000    0.862
 837500.000    1.747
 838000.000    1.300
 838500.000    3.477
 839000.000    2.013
 839500.000    4.434
 840000.000    1.490
 840500.000    2.501
 841000.000    1.912
 841500.000    3.224
 842000.000    3.213
 842500.000    3.744
 843000.000    2.959
 843500.000    1.737
 844000.000    3.914
 844500.000    3.130
 845000.000    3.743
 845500.000    3.479
 846000.000    3.051
 846500.000    6.530
 847000.000    3.128
 847500.000    3.740
 848000.000    2.968
 848500.000    3.215
 849000.000    4.187
 849500.000    2.959
 850000.000    2.345
 850500.000    3.325
 851000.000    2.359
 851500.000    4.436
 852000.000    2.867
 852500.000    2.700
 853000.000    2.618
 853500.000    3.997
 854000.000    2.941
 854500.000    2.090
 855000.000    3.747
 855500.000    3.481
 856000.000    1.996
 856500.000    3.664
 857000.000    2.345
 857500.000    3.138
 858000.000    7.298
 858500.000    2.430
 859000.000    2.608
 859500.000    0.338
 860000.000   -1.993
 860500.000    3.467
 861000.000    3.665
 861500.000   -0.082
 862000.000    2.705
 862500.000    0.950
 863000.000    1.738
 863500.000    1.836
 864000.000    4.787
 864500.000    0.961
 865000.000   -1.557
 865500.000    0.956
 866000.000    2.869
 866500.000    2.253
 867000.000    4.373
 867500.000    3.046
 868000.000    3.036
 868500.000    1.643
 869000.000    1.302
 869500.000    3.304
 870000.000    3.910
 870500.000    2.530
 871000.000    0.085
 871500.000    2.345
 872000.000    3.916
 872500.000    0.436
 873000.000    2.871
 873500.000    3.749
 874000.000    1.472
 874500.000    4.700
 875000.000    1.394
 875500.000    1.829
 876000.000    2.269
 876500.000    1.460
 877000.000    3.483
 877500.000    1.474
 878000.000    2.251
 878500.000    1.584
 879000.000    4.098
 879500.000   -1.557
 880000.000    4.242
 880500.000    0.700
 881000.000   -0.168
 881500.000    3.912
 882000.000    3.046
 882500.000    5.582
 883000.000    1.895
 883500.000    5.300
 884000.000    2.432
 884500.000    7.752
 885000.000    3.999
 885500.000    3.658
 886000.000    5.383
 886500.000    5.667
 887000.000    2.700
 887500.000    5.488
 888000.000    3.057
 888500.000    0.686
 889000.000    4.434
 889500.000    1.570
 890000.000    1.385
 890500.000    0.010
 891000.000    2.171
 891500.000    2.006
 892000.000    5.825
 892500.000    1.650
 893000.000    4.429
 893500.000    0.951
 894000.000    0.785
 894500.000    3.830
 895000.000    3.470
 895500.000    3.048
 896000.000    4.448
 896500.000    1.658
 897000.000    4.253
 897500.000    1.644
 898000.000    0.168
 898500.000    3.053
 899000.000    2.768
 899500.000    2.872
 900000.000    3.218
 900500.000    3.832
 901000.000    2.081
 901500.000    0.519
 902000.000    3.823
 902500.000    3.829
 903000.000    1.488
 903500.000    2.959
 904000.000   -0.430
 904500.000    1.831
 905000.000    3.037
 905500.000    4.001
 906000.000    4.954
 906500.000    2.785
 907000.000    1.062
 907500.000    1.032
 908000.000    2.863
 908500.000    2.097
 909000.000    4.524
 909500.000    1.559
 910000.000    1.831
 910500.000    5.213
 911000.000    1.540
 911500.000    2.872
 912000.000    0.342
 912500.000    3.057
 913000.000   -0.267
 913500.000    1.738
 914000.000   -1.051
 914500.000    4.345
 915000.000    2.098
 915500.000    0.344
 916000.000    0.519
 916500.000    1.052
 917000.000    3.829
 917500.000    2.003
 918000.000    0.777
 918500.000    2.870
 919000.000    2.265
 919500.000    0.956
 920000.000    4.349
 920500.000    3.052
 921000.000    2.957
 921500.000    6.794
 922000.000    3.841
 922500.000    5.044
 923000.000   -0.776
 923500.000    3.222
 924000.000    4.185
 924500.000    1.126
 925000.000    2.171
 925500.000    4.523
 926000.000    3.043
 926500.000    1.211
 927000.000    3.474
 927500.000    0.610
 928000.000    3.829
 928500.000    1.561
 929000.000    1.289
 929500.000    3.394
 930000.000    4.184
 930500.000    4.796
 931000.000    2.333
 931500.000    1.298
 932000.000    1.561
 932500.000    4.791
 933000.000    1.126
 933500.000    1.825
 934000.000    3.401
 934500.000    1.387
 935000.000    3.131
 935500.000   -0.778
 936000.000    0.952
 936500.000    4.182
 937000.000    0.773
 937500.000   -0.176
 938000.000    0.780
 938500.000    0.695
 939000.000    1.050
 939500.000    4.106
 940000.000   -0.874
 940500.000    1.403
 941000.000    2.443
 941500.000    1.383
 942000.000    3.573
 942500.000    1.311
 943000.000    2.443
 943500.000    1.217
 944000.000    0.269
 944500.000    1.394
 945000.000    3.563
 945500.000    2.957
 946000.000    3.401
 946500.000    0.436
 947000.000    0.072
 947500.000    3.657
 948000.000    3.914
 948500.000    1.653
 949000.000    2.789
 949500.000    2.090
 950000.000    0.177
 950500.000    1.573
 951000.000    1.731
 951500.000    3.756
 952000.000    5.051
 952500.000    1.128
 953000.000    0.077
 953500.000    1.477
 954000.000    2.084
 954500.000    2.077
 955000.000    0.789
 955500.000    1.990
 956000.000    0.336
 956500.000    3.646
 957000.000    1.476
 957500.000    2.173
 958000.000    2.083
 958500.000    1.735
 959000.000    2.425
 959500.000    1.997
 960000.000    1.573
 960500.000    3.399
 961000.000    2.954
 961500.000    2.354
 962000.000    2.700
 962500.000    1.309
 963000.000    0.883
 963500.000    2.180
 964000.000    1.140
 964500.000    0.422
 965000.000    2.354
 965500.000    2.512
 966000.000    3.209
 966500.000    2.878
 967000.000    3.997
 967500.000    4.006
 968000.000    4.443
 968500.000    2.963
 969000.000    4.524
 969500.000    0.429
 970000.000    1.477
 970500.000    1.133
 971000.000   -0.707
 971500.000    2.253
 972000.000    3.229
 972500.000    1.486
 973000.000    3.564
 973500.000    1.827
 974000.000    2.166
 974500.000    0.965
 975000.000    1.126
 975500.000    2.184
 976000.000    3.310
 976500.000    2.262
 977000.000    1.218
 977500.000    2.707
 978000.000   -0.093
 978500.000    2.186
 979000.000    5.206
 979500.000    1.222
 980000.000    1.309
 980500.000    1.655
 981000.000    1.740
 981500.000    0.601
 982000.000    0.519
 982500.000    1.036
 983000.000    0.590
 983500.000    1.733
 984000.000    0.860
 984500.000   -0.600
 985000.000    2.610
 985500.000    2.707
 986000.000    0.099
 986500.000    1.485
 987000.000    3.044
 987500.000    0.535
 988000.000    1.044
 988500.000    3.142
 989000.000    2.782
 989500.000    0.700
 990000.000    1.999
 990500.000   -0.425
 991000.000    1.745
 991500.000    0.958
 992000.000    2.436
 992500.000    3.133
 993000.000    1.996
 993500.000    3.664
 994000.000    0.267
 994500.000    0.253
 995000.000    2.952
 995500.000    4.530
 996000.000    1.916
 996500.000    3.481
 997000.000    2.438
 997500.000    0.785
 998000.000    0.001
 998500.000    2.956
 999000.000    4.702
 999500.000    1.832
1000000.000    0.881
