      64    2.028    0.176
      65    2.563    0.153
      66    0.841    0.167
      67    0.844    0.196
      68    1.897    0.255
      69    0.727    0.134
      70    0.435    0.100
      71    1.219    0.191
      72    1.649    0.243
      73    1.772    0.144
      74    0.869    0.116
      75    0.826    0.195
      76    0.247    0.079
      77    1.248    0.157
      78    0.964    0.120
      79    1.296    0.129
      80    1.703    0.159
      81    1.233    0.149
      82    1.709    0.145
      83    2.434    0.198
      84    2.873    0.165
