TRP_lipid
""
WAVELENGTH	FLUORESCENCE
300.0	112.70957946777344
300.5	120.00846099853516
301.0	128.36550903320312
301.5	136.09300231933594
302.0	147.25091552734375
302.5	160.24586486816406
303.0	172.22607421875
303.5	186.2657928466797
304.0	199.77041625976562
304.5	215.32888793945312
305.0	233.01966857910156
305.5	247.034912109375
306.0	266.0423278808594
306.5	281.18634033203125
307.0	302.3509826660156
307.5	318.7138671875
308.0	341.4156188964844
308.5	362.7264404296875
309.0	382.7003173828125
309.5	405.8077392578125
310.0	426.9702453613281
310.5	449.3185729980469
311.0	474.9818420410156
311.5	499.2724304199219
312.0	526.3181762695312
312.5	551.65283203125
313.0	580.1954345703125
313.5	607.0406494140625
314.0	637.0352783203125
314.5	670.8947143554688
315.0	696.5111694335938
315.5	731.1817016601562
316.0	757.48388671875
316.5	793.7135009765625
317.0	826.98583984375
317.5	858.0451049804688
318.0	889.545654296875
318.5	924.441162109375
319.0	956.8638305664062
319.5	992.9528198242188
320.0	1026.1453857421875
320.5	1062.734619140625
321.0	1103.849609375
321.5	1134.868408203125
322.0	1176.4251708984375
322.5	1208.24755859375
323.0	1250.514404296875
323.5	1290.1781005859375
324.0	1326.0478515625
324.5	1361.9180908203125
325.0	1401.4940185546875
325.5	1437.3243408203125
326.0	1477.593505859375
326.5	1514.1275634765625
327.0	1554.4078369140625
327.5	1598.5498046875
328.0	1631.5850830078125
328.5	1675.4168701171875
329.0	1707.79443359375
329.5	1751.1512451171875
330.0	1786.8751220703125
330.5	1825.845947265625
331.0	1861.5472412109375
331.5	1900.4312744140625
332.0	1934.6739501953125
332.5	1972.3494873046875
333.0	2012.5899658203125
333.5	2042.5089111328125
334.0	2082.444091796875
334.5	2114.488037109375
335.0	2149.681396484375
335.5	2181.278564453125
336.0	2215.140625
336.5	2245.57568359375
337.0	2277.990966796875
337.5	2312.1552734375
338.0	2337.15576171875
338.5	2370.322265625
339.0	2397.220458984375
339.5	2426.1611328125
340.0	2451.80908203125
340.5	2479.322265625
341.0	2503.739013671875
341.5	2528.7412109375
342.0	2555.842529296875
342.5	2575.711669921875
343.0	2601.32421875
343.5	2622.34130859375
344.0	2644.19873046875
344.5	2662.8671875
345.0	2682.85009765625
345.5	2699.540771484375
346.0	2717.55615234375
346.5	2736.56103515625
347.0	2750.90966796875
347.5	2765.533203125
348.0	2779.091552734375
348.5	2793.02783203125
349.0	2803.72802734375
349.5	2814.4853515625
350.0	2826.99853515625
350.5	2836.220703125
351.0	2845.384765625
351.5	2852.940185546875
352.0	2860.213623046875
352.5	2866.50244140625
353.0	2872.626220703125
353.5	2876.99658203125
354.0	2881.6572265625
354.5	2885.217041015625
355.0	2888.25341796875
355.5	2890.03759765625
356.0	2891.885498046875
356.5	2893.30810546875
357.0	2893.148681640625
357.5	2892.04052734375
358.0	2890.521240234375
358.5	2887.895751953125
359.0	2885.48486328125
359.5	2881.955322265625
360.0	2878.611328125
360.5	2873.741455078125
361.0	2868.51806640625
361.5	2861.89697265625
362.0	2854.099365234375
362.5	2847.54345703125
363.0	2839.89208984375
363.5	2832.710205078125
364.0	2822.474365234375
364.5	2813.197509765625
365.0	2801.39111328125
365.5	2790.2705078125
366.0	2779.409912109375
366.5	2766.483642578125
367.0	2754.704345703125
367.5	2739.6845703125
368.0	2725.17626953125
368.5	2710.9189453125
369.0	2694.338134765625
369.5	2678.834228515625
370.0	2661.74365234375
370.5	2645.203125
371.0	2625.38671875
371.5	2606.653564453125
372.0	2589.043212890625
372.5	2569.117431640625
373.0	2550.47021484375
373.5	2527.8544921875
374.0	2505.447509765625
374.5	2485.697998046875
375.0	2463.56884765625
375.5	2443.50732421875
376.0	2418.53466796875
376.5	2395.045654296875
377.0	2373.606201171875
377.5	2349.90380859375
378.0	2327.3203125
378.5	2300.532958984375
379.0	2276.038330078125
379.5	2253.29248046875
380.0	2227.824951171875
380.5	2204.51416015625
381.0	2175.850830078125
381.5	2150.032958984375
382.0	2126.95751953125
382.5	2100.205810546875
383.0	2076.154296875
383.5	2047.40966796875
384.0	2020.156982421875
384.5	1995.893798828125
385.0	1969.7244873046875
385.5	1946.0296630859375
386.0	1917.4736328125
386.5	1891.619140625
387.0	1868.2020263671875
387.5	1842.2279052734375
388.0	1818.7392578125
388.5	1790.6103515625
389.0	1764.21630859375
389.5	1740.51416015625
390.0	1712.8275146484375
390.5	1692.242431640625
391.0	1664.7169189453125
391.5	1639.3172607421875
392.0	1616.66455078125
392.5	1589.1705322265625
393.0	1568.7340087890625
393.5	1541.7608642578125
394.0	1517.14501953125
394.5	1495.0174560546875
395.0	1468.052001953125
395.5	1444.308837890625
396.0	1422.9742431640625
396.5	1397.3935546875
397.0	1378.1697998046875
397.5	1353.5635986328125
398.0	1330.614990234375
398.5	1309.868896484375
399.0	1285.37744140625
399.5	1262.9534912109375
400.0	1243.123046875
400.5	1223.5147705078125
401.0	1201.9095458984375
401.5	1178.803955078125
402.0	1158.0367431640625
402.5	1139.222412109375
403.0	1116.6986083984375
403.5	1096.2415771484375
404.0	1078.3321533203125
404.5	1060.869384765625
405.0	1041.25048828125
405.5	1020.024169921875
406.0	1002.5238037109375
406.5	984.1153564453125
407.0	964.2882080078125
407.5	946.04345703125
408.0	929.8887329101562
408.5	910.2439575195312
409.0	896.1377563476562
409.5	877.5233764648438
410.0	862.2828369140625
410.5	845.594970703125
411.0	827.0055541992188
411.5	812.3666381835938
412.0	796.1831665039062
412.5	779.1710205078125
413.0	763.6814575195312
413.5	750.0817260742188
414.0	733.6495361328125
414.5	721.4590454101562
415.0	705.758544921875
415.5	692.9434814453125
416.0	678.8843383789062
416.5	664.397216796875
417.0	652.2423095703125
417.5	639.23291015625
418.0	625.2767944335938
418.5	614.1478881835938
419.0	601.7269897460938
419.5	588.4129028320312
420.0	576.1122436523438
420.5	565.4996948242188
421.0	552.6668090820312
421.5	543.0155639648438
422.0	530.6451416015625
422.5	518.9176025390625
423.0	509.9654846191406
423.5	498.4921569824219
424.0	489.0738220214844
424.5	478.6441345214844
425.0	467.5042419433594
425.5	458.2160949707031
426.0	448.535888671875
426.5	438.10693359375
427.0	429.7420959472656
427.5	420.4555358886719
428.0	410.92047119140625
428.5	403.41259765625
429.0	394.7017517089844
429.5	385.6383972167969
430.0	378.192138671875
430.5	370.004638671875
431.0	361.3061218261719
431.5	354.40655517578125
432.0	347.0794372558594
432.5	338.64263916015625
433.0	331.9986572265625
433.5	324.820068359375
434.0	316.996337890625
434.5	310.9227600097656
435.0	304.008544921875
435.5	296.9850769042969
436.0	290.78338623046875
436.5	284.315185546875
437.0	277.77593994140625
437.5	272.37249755859375
438.0	266.2764587402344
438.5	260.00408935546875
439.0	255.1067352294922
439.5	249.6170196533203
440.0	243.52041625976562
440.5	238.60903930664062
441.0	233.64382934570312
441.5	227.8692626953125
442.0	223.40452575683594
442.5	218.52122497558594
443.0	213.22914123535156
443.5	209.16197204589844
444.0	204.30992126464844
444.5	199.51206970214844
445.0	194.62966918945312
445.5	190.71450805664062
446.0	186.58383178710938
446.5	182.19725036621094
447.0	178.50050354003906
447.5	174.63876342773438
448.0	170.4334716796875
448.5	167.010498046875
449.0	163.39869689941406
449.5	159.447509765625
450.0	156.45883178710938
