BFII_lipid
""
WAVELENGTH	FLUORESCENCE
300.0	101.56997680664062
300.5	107.95108032226562
301.0	115.56755828857422
301.5	122.42684936523438
302.0	132.38201904296875
302.5	144.07139587402344
303.0	155.0492401123047
303.5	167.8373565673828
304.0	179.69813537597656
304.5	193.65139770507812
305.0	209.86524963378906
305.5	222.31378173828125
306.0	239.90760803222656
306.5	253.34927368164062
307.0	272.0754089355469
307.5	286.93780517578125
308.0	307.75762939453125
308.5	327.8508605957031
309.0	346.5876159667969
309.5	367.86395263671875
310.0	387.5481872558594
310.5	407.97344970703125
311.0	431.4428405761719
311.5	453.9051818847656
312.0	479.1122131347656
312.5	502.8122863769531
313.0	529.100830078125
313.5	553.84130859375
314.0	581.8068237304688
314.5	613.3965454101562
315.0	637.4883422851562
315.5	670.0528564453125
316.0	694.87841796875
316.5	728.5437622070312
317.0	759.9232177734375
317.5	788.9761352539062
318.0	818.4738159179688
318.5	851.3621215820312
319.0	881.4719848632812
319.5	915.1444702148438
320.0	946.3682250976562
320.5	980.9470825195312
321.0	1019.4519653320312
321.5	1048.393310546875
322.0	1087.9752197265625
322.5	1117.5919189453125
323.0	1157.9110107421875
323.5	1194.549072265625
324.0	1228.0780029296875
324.5	1262.3505859375
325.0	1300.0264892578125
325.5	1334.2686767578125
326.0	1372.21826171875
326.5	1406.4344482421875
327.0	1444.0906982421875
327.5	1484.8619384765625
328.0	1515.78173828125
328.5	1556.8682861328125
329.0	1587.527587890625
329.5	1627.8819580078125
330.0	1660.4910888671875
330.5	1696.75537109375
331.0	1729.8292236328125
331.5	1766.0072021484375
332.0	1798.197021484375
332.5	1834.0103759765625
333.0	1870.4227294921875
333.5	1898.278564453125
334.0	1934.0611572265625
334.5	1964.2132568359375
335.0	1996.1990966796875
335.5	2025.0872802734375
336.0	2056.37939453125
336.5	2083.924072265625
337.0	2113.99755859375
337.5	2145.822021484375
338.0	2168.922607421875
338.5	2199.0048828125
339.0	2223.185791015625
339.5	2249.40869140625
340.0	2272.623779296875
340.5	2297.130859375
341.0	2318.273681640625
341.5	2341.324951171875
342.0	2365.561767578125
342.5	2383.670654296875
343.0	2405.474609375
343.5	2423.20458984375
344.0	2441.492431640625
344.5	2457.718994140625
345.0	2474.876708984375
345.5	2489.41455078125
346.0	2504.936767578125
346.5	2520.91796875
347.0	2532.534423828125
347.5	2545.049072265625
348.0	2556.426025390625
348.5	2567.5146484375
349.0	2576.813720703125
349.5	2586.6025390625
350.0	2595.001708984375
350.5	2600.763427734375
351.0	2607.802490234375
351.5	2613.73046875
352.0	2619.60888671875
352.5	2623.291748046875
353.0	2626.873779296875
353.5	2629.63232421875
354.0	2631.339111328125
354.5	2632.56884765625
355.0	2632.79638671875
355.5	2632.746337890625
356.0	2631.6630859375
356.5	2629.809814453125
357.0	2627.76953125
357.5	2625.041748046875
358.0	2621.61865234375
358.5	2617.342529296875
359.0	2613.167724609375
359.5	2608.81005859375
360.0	2604.089111328125
360.5	2597.29150390625
361.0	2591.24658203125
361.5	2583.385986328125
362.0	2574.887451171875
362.5	2566.711669921875
363.0	2556.622314453125
363.5	2547.054931640625
364.0	2536.101806640625
364.5	2525.4111328125
365.0	2512.680419921875
365.5	2500.980712890625
366.0	2489.000732421875
366.5	2475.112060546875
367.0	2462.301513671875
367.5	2446.485595703125
368.0	2431.287353515625
368.5	2417.2939453125
369.0	2400.727294921875
369.5	2384.36962890625
370.0	2367.3515625
370.5	2351.4033203125
371.0	2331.87353515625
371.5	2312.36181640625
372.0	2295.524658203125
372.5	2276.418701171875
373.0	2258.802978515625
373.5	2237.4482421875
374.0	2217.318115234375
374.5	2198.645751953125
375.0	2176.954345703125
375.5	2156.82666015625
376.0	2132.49609375
376.5	2109.6201171875
377.0	2088.603515625
377.5	2064.693115234375
378.0	2043.3082275390625
378.5	2017.660888671875
379.0	1994.4405517578125
379.5	1972.308837890625
380.0	1949.4649658203125
380.5	1927.9661865234375
381.0	1901.82763671875
381.5	1878.204345703125
382.0	1856.327392578125
382.5	1832.0089111328125
383.0	1810.055908203125
383.5	1782.8134765625
384.0	1758.274169921875
384.5	1736.1253662109375
385.0	1711.5504150390625
385.5	1689.5479736328125
386.0	1662.948486328125
386.5	1638.9730224609375
387.0	1617.38623046875
387.5	1593.20751953125
388.0	1571.2137451171875
388.5	1544.89208984375
389.0	1521.4815673828125
389.5	1500.22265625
390.0	1473.931884765625
390.5	1454.1923828125
391.0	1428.228759765625
391.5	1405.440185546875
392.0	1384.58203125
392.5	1360.05419921875
393.0	1342.3673095703125
393.5	1318.1220703125
394.0	1296.27783203125
394.5	1275.9036865234375
395.0	1252.7603759765625
395.5	1231.3753662109375
396.0	1211.9979248046875
396.5	1188.31787109375
397.0	1171.1083984375
397.5	1148.767578125
398.0	1127.6641845703125
398.5	1109.2568359375
399.0	1087.060302734375
399.5	1067.115478515625
400.0	1049.6085205078125
400.5	1032.3328857421875
401.0	1013.4821166992188
401.5	993.0227661132812
402.0	974.28466796875
402.5	957.4898071289062
403.0	937.753662109375
403.5	920.0948486328125
404.0	904.6145629882812
404.5	888.6182250976562
405.0	871.4849243164062
405.5	853.0390014648438
406.0	838.0960693359375
406.5	821.8612670898438
407.0	804.2035522460938
407.5	788.8543701171875
408.0	774.75634765625
408.5	758.3418579101562
409.0	745.3263549804688
409.5	728.646728515625
410.0	715.4346923828125
410.5	700.5556030273438
411.0	685.4207763671875
411.5	672.7866821289062
412.0	659.4439697265625
412.5	644.7960205078125
413.0	631.2727661132812
413.5	619.5722045898438
414.0	605.5955200195312
414.5	595.484619140625
415.0	582.1474609375
415.5	571.1572265625
416.0	559.1080322265625
416.5	546.5797119140625
417.0	536.2001953125
417.5	525.2241821289062
418.0	513.0233154296875
418.5	502.8414001464844
419.0	491.79046630859375
419.5	480.45208740234375
420.0	470.7835998535156
420.5	461.6340026855469
421.0	450.68212890625
421.5	442.72869873046875
422.0	432.2781982421875
422.5	421.94500732421875
423.0	414.3890075683594
423.5	404.9792175292969
424.0	396.76446533203125
424.5	388.0462646484375
425.0	378.65106201171875
425.5	371.4516906738281
426.0	363.41851806640625
426.5	354.82098388671875
427.0	347.8165283203125
427.5	340.10919189453125
428.0	332.0078430175781
428.5	325.0999755859375
429.0	317.75152587890625
429.5	310.09515380859375
430.0	303.8788757324219
430.5	297.1256408691406
431.0	290.078857421875
431.5	284.2983093261719
432.0	277.9412536621094
432.5	271.16656494140625
433.0	265.5739440917969
433.5	259.6291198730469
434.0	253.38661193847656
434.5	248.1389923095703
435.0	242.3176727294922
435.5	236.3520050048828
436.0	231.5644073486328
436.5	226.43295288085938
437.0	220.71376037597656
437.5	216.03102111816406
438.0	211.48092651367188
438.5	206.4490203857422
439.0	202.41542053222656
439.5	197.82017517089844
440.0	193.1947021484375
440.5	189.2209014892578
441.0	184.8673095703125
441.5	180.39393615722656
442.0	176.6669921875
442.5	172.70530700683594
443.0	168.25933837890625
443.5	164.75790405273438
444.0	160.75094604492188
444.5	156.98880004882812
445.0	153.12916564941406
445.5	149.8456573486328
446.0	146.50685119628906
446.5	142.79598999023438
447.0	139.89346313476562
447.5	136.68783569335938
448.0	133.4375762939453
448.5	130.56378173828125
449.0	127.67720794677734
449.5	124.48623657226562
450.0	121.91686248779297
