 750000.000   28.652
 750500.000   28.787
 751000.000   27.966
 751500.000   29.350
 752000.000   27.890
 752500.000   28.965
 753000.000   28.967
 753500.000   28.674
 754000.000   29.162
 754500.000   29.151
 755000.000   28.554
 755500.000   28.429
 756000.000   28.796
 756500.000   28.413
 757000.000   30.077
 757500.000   29.109
 758000.000   28.683
 758500.000   28.869
 759000.000   28.641
 759500.000   30.118
 760000.000   28.711
 760500.000   29.815
 761000.000   28.520
 761500.000   28.396
 762000.000   28.250
 762500.000   28.211
 763000.000   29.176
 763500.000   29.306
 764000.000   28.795
 764500.000   29.662
 765000.000   29.915
 765500.000   30.830
 766000.000   29.817
 766500.000   29.233
 767000.000   28.882
 767500.000   29.020
 768000.000   29.041
 768500.000   29.079
 769000.000   28.552
 769500.000   28.100
 770000.000   28.130
 770500.000   28.093
 771000.000   28.875
 771500.000   27.989
 772000.000   28.901
 772500.000   28.993
 773000.000   28.914
 773500.000   28.297
 774000.000   28.879
 774500.000   27.575
 775000.000   26.966
 775500.000   28.175
 776000.000   28.863
 776500.000   27.527
 777000.000   28.548
 777500.000   28.623
 778000.000   28.034
 778500.000   27.350
 779000.000   27.726
 779500.000   29.226
 780000.000   28.332
 780500.000   29.076
 781000.000   29.158
 781500.000   28.950
 782000.000   27.949
 782500.000   29.633
 783000.000   28.619
 783500.000   28.444
 784000.000   28.348
 784500.000   28.017
 785000.000   28.515
 785500.000   27.979
 786000.000   28.857
 786500.000   28.309
 787000.000   28.846
 787500.000   28.907
 788000.000   29.255
 788500.000   28.898
 789000.000   30.318
 789500.000   28.680
 790000.000   28.687
 790500.000   28.976
 791000.000   28.735
 791500.000   29.640
 792000.000   30.540
 792500.000   29.410
 793000.000   30.059
 793500.000   29.880
 794000.000   29.301
 794500.000   29.496
 795000.000   28.389
 795500.000   29.063
 796000.000   28.946
 796500.000   28.369
 797000.000   28.919
 797500.000   28.188
 798000.000   28.633
 798500.000   28.667
 799000.000   30.126
 799500.000   28.421
 800000.000   28.440
 800500.000   30.096
 801000.000   30.217
 801500.000   30.246
 802000.000   29.701
 802500.000   29.908
 803000.000   29.249
 803500.000   29.251
 804000.000   29.558
 804500.000   29.359
 805000.000   29.758
 805500.000   29.946
 806000.000   29.884
 806500.000   29.210
 807000.000   29.414
 807500.000   28.314
 808000.000   28.434
 808500.000   30.697
 809000.000   29.068
 809500.000   29.866
 810000.000   29.138
 810500.000   29.720
 811000.000   29.883
 811500.000   29.384
 812000.000   29.538
 812500.000   28.021
 813000.000   29.291
 813500.000   28.565
 814000.000   29.178
 814500.000   28.258
 815000.000   29.154
 815500.000   27.907
 816000.000   30.140
 816500.000   29.772
 817000.000   27.776
 817500.000   29.538
 818000.000   29.520
 818500.000   28.432
 819000.000   28.361
 819500.000   28.551
 820000.000   27.071
 820500.000   28.070
 821000.000   30.001
 821500.000   30.375
 822000.000   30.289
 822500.000   31.505
 823000.000   30.315
 823500.000   28.617
 824000.000   30.440
 824500.000   29.697
 825000.000   28.316
 825500.000   29.165
 826000.000   28.394
 826500.000   27.782
 827000.000   28.114
 827500.000   29.534
 828000.000   28.538
 828500.000   28.078
 829000.000   27.328
 829500.000   27.166
 830000.000   27.201
 830500.000   27.887
 831000.000   28.156
 831500.000   26.865
 832000.000   27.461
 832500.000   26.806
 833000.000   28.032
 833500.000   27.408
 834000.000   26.876
 834500.000   26.572
 835000.000   27.454
 835500.000   26.893
 836000.000   26.350
 836500.000   26.446
 837000.000   27.183
 837500.000   27.087
 838000.000   27.864
 838500.000   27.724
 839000.000   27.538
 839500.000   28.687
 840000.000   28.127
 840500.000   27.069
 841000.000   26.895
 841500.000   27.133
 842000.000   27.052
 842500.000   29.207
 843000.000   28.468
 843500.000   27.156
 844000.000   26.806
 844500.000   28.095
 845000.000   27.160
 845500.000   28.691
 846000.000   27.364
 846500.000   27.255
 847000.000   27.626
 847500.000   28.701
 848000.000   28.197
 848500.000   27.266
 849000.000   27.617
 849500.000   28.547
 850000.000   28.207
 850500.000   28.231
 851000.000   28.304
 851500.000   27.897
 852000.000   30.332
 852500.000   27.450
 853000.000   28.128
 853500.000   29.100
 854000.000   29.620
 854500.000   27.966
 855000.000   27.549
 855500.000   29.041
 856000.000   28.548
 856500.000   29.285
 857000.000   28.426
 857500.000   29.159
 858000.000   29.039
 858500.000   30.297
 859000.000   29.942
 859500.000   29.044
 860000.000   29.584
 860500.000   29.994
 861000.000   29.266
 861500.000   29.371
 862000.000   29.287
 862500.000   29.237
 863000.000   28.230
 863500.000   30.021
 864000.000   29.839
 864500.000   28.575
 865000.000   29.074
 865500.000   28.349
 866000.000   27.677
 866500.000   28.336
 867000.000   28.169
 867500.000   27.260
 868000.000   28.419
 868500.000   27.960
 869000.000   30.217
 869500.000   29.297
 870000.000   29.851
 870500.000   28.303
 871000.000   28.646
 871500.000   28.349
 872000.000   28.415
 872500.000   28.033
 873000.000   29.317
 873500.000   29.073
 874000.000   29.854
 874500.000   29.915
 875000.000   28.980
 875500.000   27.745
 876000.000   30.617
 876500.000   29.451
 877000.000   28.646
 877500.000   29.554
 878000.000   29.146
 878500.000   29.184
 879000.000   30.508
 879500.000   29.202
 880000.000   28.704
 880500.000   28.345
 881000.000   29.314
 881500.000   28.822
 882000.000   28.697
 882500.000   29.023
 883000.000   29.368
 883500.000   30.494
 884000.000   28.509
 884500.000   30.376
 885000.000   29.550
 885500.000   29.333
 886000.000   30.107
 886500.000   29.193
 887000.000   29.824
 887500.000   30.462
 888000.000   27.859
 888500.000   29.751
 889000.000   28.762
 889500.000   29.125
 890000.000   28.022
 890500.000   28.392
 891000.000   28.484
 891500.000   29.128
 892000.000   29.627
 892500.000   28.771
 893000.000   28.283
 893500.000   28.440
 894000.000   29.307
 894500.000   29.586
 895000.000   29.137
 895500.000   28.701
 896000.000   28.491
 896500.000   29.052
 897000.000   29.001
 897500.000   28.830
 898000.000   29.680
 898500.000   28.941
 899000.000   28.842
 899500.000   29.105
 900000.000   28.753
 900500.000   29.057
 901000.000   29.262
 901500.000   28.615
 902000.000   29.696
 902500.000   29.114
 903000.000   29.116
 903500.000   28.796
 904000.000   29.037
 904500.000   27.934
 905000.000   29.115
 905500.000   28.381
 906000.000   28.955
 906500.000   28.205
 907000.000   28.040
 907500.000   28.315
 908000.000   29.249
 908500.000   27.787
 909000.000   28.837
 909500.000   28.389
 910000.000   27.351
 910500.000   28.819
 911000.000   28.466
 911500.000   29.378
 912000.000   28.788
 912500.000   29.771
 913000.000   28.173
 913500.000   29.846
 914000.000   27.153
 914500.000   28.462
 915000.000   28.541
 915500.000   28.158
 916000.000   28.655
 916500.000   28.824
 917000.000   26.903
 917500.000   27.898
 918000.000   28.826
 918500.000   27.239
 919000.000   28.106
 919500.000   28.037
 920000.000   27.991
 920500.000   28.500
 921000.000   28.868
 921500.000   28.100
 922000.000   28.861
 922500.000   27.554
 923000.000   27.691
 923500.000   28.634
 924000.000   28.143
 924500.000   28.610
 925000.000   27.986
 925500.000   27.437
 926000.000   28.744
 926500.000   28.502
 927000.000   28.944
 927500.000   28.910
 928000.000   28.783
 928500.000   28.465
 929000.000   29.050
 929500.000   29.640
 930000.000   29.039
 930500.000   29.718
 931000.000   29.747
 931500.000   29.844
 932000.000   29.306
 932500.000   30.264
 933000.000   28.541
 933500.000   29.402
 934000.000   28.700
 934500.000   29.790
 935000.000   29.151
 935500.000   28.945
 936000.000   28.474
 936500.000   28.344
 937000.000   28.706
 937500.000   28.083
 938000.000   28.586
 938500.000   29.244
 939000.000   27.643
 939500.000   29.598
 940000.000   28.736
 940500.000   29.225
 941000.000   28.630
 941500.000   28.756
 942000.000   28.437
 942500.000   29.216
 943000.000   29.193
 943500.000   28.730
 944000.000   29.171
 944500.000   28.624
 945000.000   27.750
 945500.000   29.749
 946000.000   28.941
 946500.000   29.408
 947000.000   29.151
 947500.000   29.004
 948000.000   27.947
 948500.000   29.059
 949000.000   28.746
 949500.000   28.043
 950000.000   28.397
 950500.000   28.184
 951000.000   27.580
 951500.000   28.775
 952000.000   28.370
 952500.000   28.214
 953000.000   28.420
 953500.000   29.275
 954000.000   27.922
 954500.000   28.373
 955000.000   27.950
 955500.000   26.961
 956000.000   27.732
 956500.000   27.679
 957000.000   26.401
 957500.000   27.370
 958000.000   25.865
 958500.000   27.446
 959000.000   27.043
 959500.000   27.941
 960000.000   28.340
 960500.000   28.563
 961000.000   27.433
 961500.000   28.617
 962000.000   27.698
 962500.000   28.196
 963000.000   26.579
 963500.000   27.225
 964000.000   25.566
 964500.000   27.412
 965000.000   26.567
 965500.000   27.409
 966000.000   26.857
 966500.000   27.346
 967000.000   27.538
 967500.000   26.563
 968000.000   27.064
 968500.000   26.290
 969000.000   26.070
 969500.000   25.602
 970000.000   26.071
 970500.000   26.630
 971000.000   26.425
 971500.000   25.162
 972000.000   26.909
 972500.000   26.360
 973000.000   27.735
 973500.000   26.283
 974000.000   26.261
 974500.000   26.634
 975000.000   26.550
 975500.000   26.866
 976000.000   26.772
 976500.000   26.805
 977000.000   27.389
 977500.000   26.572
 978000.000   27.876
 978500.000   26.771
 979000.000   26.536
 979500.000   26.647
 980000.000   27.110
 980500.000   26.433
 981000.000   27.089
 981500.000   27.003
 982000.000   26.660
 982500.000   27.324
 983000.000   27.137
 983500.000   27.441
 984000.000   27.360
 984500.000   28.979
 985000.000   27.603
 985500.000   28.146
 986000.000   27.840
 986500.000   28.079
 987000.000   28.510
 987500.000   26.935
 988000.000   28.090
 988500.000   27.478
 989000.000   27.660
 989500.000   27.492
 990000.000   27.746
 990500.000   27.038
 991000.000   27.218
 991500.000   27.646
 992000.000   26.233
 992500.000   27.357
 993000.000   27.412
 993500.000   27.984
 994000.000   27.884
 994500.000   26.667
 995000.000   27.059
 995500.000   26.069
 996000.000   27.099
 996500.000   26.661
 997000.000   27.500
 997500.000   26.456
 998000.000   27.580
 998500.000   26.379
 999000.000   26.204
 999500.000   26.864
1000000.000   26.213
