 750000.000    2.340
 750500.000    1.119
 751000.000    0.954
 751500.000    3.997
 752000.000    2.949
 752500.000    3.995
 753000.000    2.253
 753500.000   -0.100
 754000.000    1.903
 754500.000    1.987
 755000.000    0.615
 755500.000    2.088
 756000.000    3.468
 756500.000    0.523
 757000.000    2.954
 757500.000    1.028
 758000.000    0.608
 758500.000    2.512
 759000.000    0.863
 759500.000    4.356
 760000.000    3.577
 760500.000    3.914
 761000.000    4.358
 761500.000    2.693
 762000.000    2.700
 762500.000    3.390
 763000.000    0.603
 763500.000    3.215
 764000.000    2.083
 764500.000    5.305
 765000.000    4.418
 765500.000    4.764
 766000.000    4.002
 766500.000    2.429
 767000.000    4.361
 767500.000    5.381
 768000.000    4.957
 768500.000    5.302
 769000.000    1.144
 769500.000    2.443
 770000.000    5.073
 770500.000    2.805
 771000.000    2.874
 771500.000    2.267
 772000.000    5.042
 772500.000    2.521
 773000.000    6.528
 773500.000    5.477
 774000.000    6.696
 774500.000    2.003
 775000.000    0.871
 775500.000    4.349
 776000.000    4.340
 776500.000    3.660
 777000.000    4.010
 777500.000    5.396
 778000.000    5.050
 778500.000    3.740
 779000.000    2.863
 779500.000    6.091
 780000.000    4.961
 780500.000    6.075
 781000.000    5.394
 781500.000    5.822
 782000.000    5.319
 782500.000    3.816
 783000.000    1.215
 783500.000    3.208
 784000.000    5.557
 784500.000    4.952
 785000.000    1.557
 785500.000    3.740
 786000.000    4.599
 786500.000    3.838
 787000.000    6.258
 787500.000    3.914
 788000.000    1.110
 788500.000    5.133
 789000.000    4.865
 789500.000    4.881
 790000.000    3.302
 790500.000    5.213
 791000.000    2.785
 791500.000    3.220
 792000.000    2.503
 792500.000    1.218
 793000.000    3.043
 793500.000    4.341
 794000.000    4.084
 794500.000    2.957
 795000.000    4.088
 795500.000    5.236
 796000.000    2.338
 796500.000    2.446
 797000.000    2.168
 797500.000    3.932
 798000.000    3.035
 798500.000    4.524
 799000.000    2.508
 799500.000    1.926
 800000.000    1.053
 800500.000    4.616
 801000.000    1.898
 801500.000    4.519
 802000.000    3.043
 802500.000    1.131
 803000.000    3.057
 803500.000    4.695
 804000.000    0.695
 804500.000    3.662
 805000.000    1.903
 805500.000    4.265
 806000.000    3.463
 806500.000    4.336
 807000.000    3.568
 807500.000   -0.437
 808000.000    1.829
 808500.000    3.985
 809000.000    3.051
 809500.000    3.206
 810000.000    1.914
 810500.000    3.207
 811000.000    2.956
 811500.000    2.429
 812000.000    4.691
 812500.000    5.477
 813000.000    2.863
 813500.000    3.729
 814000.000    6.789
 814500.000    2.957
 815000.000    4.157
 815500.000    3.575
 816000.000    3.300
 816500.000    3.568
 817000.000    1.840
 817500.000    4.608
 818000.000    5.742
 818500.000    3.396
 819000.000    2.436
 819500.000    2.888
 820000.000    5.238
 820500.000    1.813
 821000.000    5.133
 821500.000    0.072
 822000.000    4.688
 822500.000    3.366
 823000.000    3.383
 823500.000    3.988
 824000.000    5.742
 824500.000    4.613
 825000.000    1.999
 825500.000    3.570
 826000.000    2.963
 826500.000    2.107
 827000.000    4.024
 827500.000    2.883
 828000.000    2.959
 828500.000    1.559
 829000.000    6.996
 829500.000   -0.242
 830000.000    3.326
 830500.000    3.241
 831000.000    6.989
 831500.000    4.735
 832000.000    6.034
 832500.000   -0.068
 833000.000    2.366
 833500.000    3.335
 834000.000    4.036
 834500.000    3.855
 835000.000    4.723
 835500.000    3.490
 836000.000    4.299
 836500.000    3.346
 837000.000    0.351
 837500.000    0.894
 838000.000    3.846
 838500.000    2.624
 839000.000    3.763
 839500.000    3.057
 840000.000    3.669
 840500.000    3.493
 841000.000    2.981
 841500.000    1.401
 842000.000    3.593
 842500.000    5.151
 843000.000    4.526
 843500.000    2.446
 844000.000    5.765
 844500.000    3.751
 845000.000    2.372
 845500.000    5.500
 846000.000    3.319
 846500.000    5.149
 847000.000    3.669
 847500.000    3.406
 848000.000    1.575
 848500.000    1.937
 849000.000    2.533
 849500.000    0.459
 850000.000    2.890
 850500.000    3.490
 851000.000    4.095
 851500.000    2.881
 852000.000    3.655
 852500.000    1.412
 853000.000    2.194
 853500.000    1.140
 854000.000    2.886
 854500.000    2.810
 855000.000    5.160
 855500.000    1.765
 856000.000    1.664
 856500.000    3.740
 857000.000    2.964
 857500.000    4.879
 858000.000   -0.349
 858500.000    5.660
 859000.000    3.142
 859500.000    4.370
 860000.000    4.984
 860500.000    3.394
 861000.000    4.625
 861500.000    3.328
 862000.000    5.578
 862500.000    3.060
 863000.000    1.398
 863500.000    4.265
 864000.000    3.841
 864500.000    0.697
 865000.000    3.658
 865500.000    3.055
 866000.000    2.535
 866500.000    1.767
 867000.000    4.627
 867500.000    1.919
 868000.000    4.013
 868500.000    1.232
 869000.000    2.350
 869500.000    4.093
 870000.000    3.577
 870500.000    2.888
 871000.000    3.046
 871500.000    0.010
 872000.000    4.897
 872500.000    3.579
 873000.000    5.062
 873500.000    2.283
 874000.000    6.615
 874500.000    3.825
 875000.000    2.957
 875500.000    3.057
 876000.000    6.625
 876500.000    6.192
 877000.000    3.589
 877500.000    5.658
 878000.000    2.429
 878500.000    3.314
 879000.000    3.035
 879500.000    3.754
 880000.000    2.448
 880500.000    1.224
 881000.000    2.095
 881500.000    2.443
 882000.000    2.441
 882500.000    3.057
 883000.000    2.606
 883500.000    4.089
 884000.000    4.189
 884500.000    3.651
 885000.000    3.994
 885500.000    4.097
 886000.000    0.702
 886500.000    1.914
 887000.000    3.475
 887500.000    3.743
 888000.000    1.568
 888500.000    3.055
 889000.000    2.013
 889500.000    1.921
 890000.000    3.933
 890500.000    3.314
 891000.000    3.314
 891500.000    2.354
 892000.000    6.443
 892500.000    4.709
 893000.000    0.359
 893500.000    1.758
 894000.000    1.916
 894500.000    3.910
 895000.000    3.488
 895500.000    4.444
 896000.000    1.919
 896500.000    3.399
 897000.000    1.666
 897500.000    3.568
 898000.000    3.578
 898500.000    3.300
 899000.000    3.500
 899500.000    2.796
 900000.000    1.488
 900500.000    3.646
 901000.000    3.658
 901500.000    2.093
 902000.000    3.401
 902500.000    4.357
 903000.000    1.225
 903500.000    3.305
 904000.000   -0.251
 904500.000    3.135
 905000.000    3.822
 905500.000    1.673
 906000.000    2.963
 906500.000    3.933
 907000.000    2.963
 907500.000    6.274
 908000.000    5.220
 908500.000    6.274
 909000.000    6.017
 909500.000    3.484
 910000.000    2.100
 910500.000    5.142
 911000.000    4.796
 911500.000    6.182
 912000.000    2.711
 912500.000    3.130
 913000.000    2.177
 913500.000    5.296
 914000.000    4.535
 914500.000    4.693
 915000.000    3.916
 915500.000    3.220
 916000.000    3.218
 916500.000    3.224
 917000.000    3.843
 917500.000    2.276
 918000.000    4.790
 918500.000    4.446
 919000.000    2.968
 919500.000    3.745
 920000.000    4.194
 920500.000    4.350
 921000.000    4.270
 921500.000    2.523
 922000.000    3.050
 922500.000    3.151
 923000.000    2.878
 923500.000    4.267
 924000.000    3.398
 924500.000    4.874
 925000.000    2.865
 925500.000    4.711
 926000.000    2.347
 926500.000    4.704
 927000.000    3.130
 927500.000    2.265
 928000.000    4.439
 928500.000    3.997
 929000.000    0.863
 929500.000    2.874
 930000.000    5.044
 930500.000    5.742
 931000.000    4.430
 931500.000    7.566
 932000.000    4.544
 932500.000    3.825
 933000.000    5.048
 933500.000    4.434
 934000.000    1.740
 934500.000    3.642
 935000.000    4.970
 935500.000    5.745
 936000.000    5.135
 936500.000    2.093
 937000.000    6.622
 937500.000    2.182
 938000.000    1.391
 938500.000    3.566
 939000.000    5.754
 939500.000    2.351
 940000.000    3.747
 940500.000    3.814
 941000.000    2.093
 941500.000    1.740
 942000.000    1.999
 942500.000    6.448
 943000.000    1.556
 943500.000    3.208
 944000.000    4.535
 944500.000    3.390
 945000.000    1.930
 945500.000    5.999
 946000.000    3.483
 946500.000    3.916
 947000.000    4.088
 947500.000    1.117
 948000.000    4.966
 948500.000    4.610
 949000.000    1.556
 949500.000    4.354
 950000.000    5.919
 950500.000    7.044
 951000.000    5.678
 951500.000    4.088
 952000.000    2.791
 952500.000    4.086
 953000.000    3.822
 953500.000    1.557
 954000.000    3.745
 954500.000    3.909
 955000.000    3.825
 955500.000    3.589
 956000.000    4.975
 956500.000    3.681
 957000.000    2.975
 957500.000    4.531
 958000.000    4.718
 958500.000    4.280
 959000.000    4.278
 959500.000    7.931
 960000.000    5.923
 960500.000    4.608
 961000.000    5.506
 961500.000    8.104
 962000.000    7.931
 962500.000    5.587
 963000.000    3.591
 963500.000    2.178
 964000.000    2.901
 964500.000    2.785
 965000.000    2.810
 965500.000    5.415
 966000.000    6.203
 966500.000    4.095
 967000.000    3.217
 967500.000    7.589
 968000.000    6.540
 968500.000    5.582
 969000.000    6.191
 969500.000    4.892
 970000.000    3.155
 970500.000    6.359
 971000.000    7.161
 971500.000    4.299
 972000.000    3.758
 972500.000    5.406
 973000.000    4.006
 973500.000    4.374
 974000.000    3.408
 974500.000    4.184
 975000.000    5.156
 975500.000    5.671
 976000.000    4.365
 976500.000    4.194
 977000.000    2.986
 977500.000    4.627
 978000.000    3.928
 978500.000    3.839
 979000.000    1.408
 979500.000    4.370
 980000.000    5.662
 980500.000    4.888
 981000.000    4.288
 981500.000    5.151
 982000.000    2.729
 982500.000    5.145
 983000.000    5.930
 983500.000    4.794
 984000.000    4.789
 984500.000    7.743
 985000.000    1.041
 985500.000    6.077
 986000.000    4.611
 986500.000    4.602
 987000.000    5.484
 987500.000    4.446
 988000.000    5.310
 988500.000    3.834
 989000.000    5.064
 989500.000    6.725
 990000.000    4.443
 990500.000    3.225
 991000.000    3.919
 991500.000    3.733
 992000.000    5.586
 992500.000    4.019
 993000.000    3.742
 993500.000    8.018
 994000.000    5.665
 994500.000    5.316
 995000.000    6.540
 995500.000    7.584
 996000.000    7.573
 996500.000    6.625
 997000.000    3.916
 997500.000    5.580
 998000.000    5.484
 998500.000    5.334
 999000.000    4.966
 999500.000    3.318
1000000.000    2.271
