      22    3.095    0.260
      23    2.310    0.381
      24    1.116    0.144
      25    1.110    0.169
      26    2.451    0.232
      27    0.966    0.169
      28    0.673    0.112
      29    1.307    0.230
      30    1.264    0.179
      31    1.869    0.290
      32    0.949    0.131
      33    0.742    0.129
      34    0.126    0.095
      35    1.301    0.253
      36    0.805    0.098
      37    1.027    0.168
      38    1.479    0.199
      39    1.381    0.206
      40    1.397    0.116
      41    1.825    0.163
      42    2.897    0.148
