TRP_lipid
""
WAVELENGTH	FLUORESCENCE
300.0	142.94998168945312
300.5	149.68214416503906
301.0	157.04945373535156
301.5	163.65843200683594
302.0	173.66224670410156
302.5	185.0125274658203
303.0	195.82701110839844
303.5	208.3126678466797
304.0	220.12644958496094
304.5	233.4720458984375
305.0	248.8426513671875
305.5	260.8573303222656
306.0	277.1740417480469
306.5	290.19012451171875
307.0	308.22454833984375
307.5	322.3657531738281
308.0	342.2586364746094
308.5	361.0195617675781
309.0	378.159423828125
309.5	397.4259033203125
310.0	415.29949951171875
310.5	433.5345764160156
311.0	453.9538269042969
311.5	473.25225830078125
312.0	494.9364013671875
312.5	515.9730224609375
313.0	539.5262451171875
313.5	561.6590576171875
314.0	586.407470703125
314.5	614.333251953125
315.0	635.5466918945312
315.5	663.9973754882812
316.0	685.7994995117188
316.5	715.5507202148438
317.0	743.5057373046875
317.5	769.089599609375
318.0	794.9424438476562
318.5	823.6676025390625
319.0	850.7467041015625
319.5	881.1814575195312
320.0	908.8745727539062
320.5	940.5013427734375
321.0	975.046630859375
321.5	1001.4168701171875
322.0	1037.1787109375
322.5	1064.1707763671875
323.0	1101.1693115234375
323.5	1135.1396484375
324.0	1166.6689453125
324.5	1198.080078125
325.0	1233.253173828125
325.5	1264.0751953125
326.0	1298.0357666015625
326.5	1330.0435791015625
327.0	1365.0093994140625
327.5	1403.115234375
328.0	1431.1239013671875
328.5	1468.7071533203125
329.0	1496.555419921875
329.5	1534.1778564453125
330.0	1565.81787109375
330.5	1600.34716796875
331.0	1630.58056640625
331.5	1664.169677734375
332.0	1694.4642333984375
332.5	1726.779541015625
333.0	1762.3570556640625
333.5	1788.8717041015625
334.0	1823.606201171875
334.5	1852.208740234375
335.0	1883.354736328125
335.5	1910.9251708984375
336.0	1941.16259765625
336.5	1967.36962890625
337.0	1995.6287841796875
337.5	2025.334228515625
338.0	2048.213623046875
338.5	2076.953857421875
339.0	2101.136474609375
339.5	2126.287353515625
340.0	2149.122802734375
340.5	2173.19873046875
341.0	2193.638671875
341.5	2216.244384765625
342.0	2239.860595703125
342.5	2257.47998046875
343.0	2278.75439453125
343.5	2296.82080078125
344.0	2316.048583984375
344.5	2331.871337890625
345.0	2349.05224609375
345.5	2363.615478515625
346.0	2380.4013671875
346.5	2396.834228515625
347.0	2410.374267578125
347.5	2424.572021484375
348.0	2435.9287109375
348.5	2447.031005859375
349.0	2457.005859375
349.5	2467.489013671875
350.0	2477.3828125
350.5	2485.3876953125
351.0	2493.036376953125
351.5	2499.39892578125
352.0	2505.93310546875
352.5	2510.646484375
353.0	2515.324951171875
353.5	2519.707275390625
354.0	2523.708740234375
354.5	2527.364501953125
355.0	2529.38037109375
355.5	2532.27197265625
356.0	2532.951171875
356.5	2533.475830078125
357.0	2533.031494140625
357.5	2533.422607421875
358.0	2531.41552734375
358.5	2529.780029296875
359.0	2528.21630859375
359.5	2525.243408203125
360.0	2521.864013671875
360.5	2517.586181640625
361.0	2513.86328125
361.5	2509.366943359375
362.0	2503.64404296875
362.5	2497.85302734375
363.0	2491.189208984375
363.5	2485.18896484375
364.0	2475.8359375
364.5	2467.873046875
365.0	2457.7197265625
365.5	2447.40087890625
366.0	2438.22314453125
366.5	2427.70947265625
367.0	2418.349365234375
367.5	2404.931396484375
368.0	2393.0400390625
368.5	2381.55029296875
369.0	2368.4287109375
369.5	2355.934814453125
370.0	2341.063232421875
370.5	2327.79248046875
371.0	2311.1806640625
371.5	2294.629638671875
372.0	2279.686279296875
372.5	2262.9892578125
373.0	2247.765380859375
373.5	2226.81005859375
374.0	2208.5263671875
374.5	2191.687744140625
375.0	2172.567138671875
375.5	2154.635498046875
376.0	2133.574462890625
376.5	2113.48681640625
377.0	2094.83154296875
377.5	2074.414306640625
378.0	2055.482177734375
378.5	2031.747314453125
379.0	2010.19970703125
379.5	1990.269775390625
380.0	1968.132568359375
380.5	1948.0438232421875
381.0	1923.250732421875
381.5	1900.6279296875
382.0	1880.69921875
382.5	1857.9083251953125
383.0	1836.83203125
383.5	1812.4249267578125
384.0	1788.889892578125
384.5	1767.541015625
385.0	1744.378173828125
385.5	1723.5635986328125
386.0	1699.12890625
386.5	1675.7705078125
387.0	1654.7486572265625
387.5	1631.9244384765625
388.0	1611.0826416015625
388.5	1585.8759765625
389.0	1563.251953125
389.5	1542.9312744140625
390.0	1518.376220703125
390.5	1499.502685546875
391.0	1475.08447265625
391.5	1453.350341796875
392.0	1432.9971923828125
392.5	1408.9195556640625
393.0	1390.4259033203125
393.5	1367.449951171875
394.0	1345.78173828125
394.5	1326.61279296875
395.0	1303.006103515625
395.5	1281.5391845703125
396.0	1262.5867919921875
396.5	1240.3157958984375
397.0	1223.2210693359375
397.5	1200.9998779296875
398.0	1180.9415283203125
398.5	1163.3040771484375
399.0	1142.221923828125
399.5	1123.052734375
400.0	1105.3980712890625
400.5	1088.38427734375
401.0	1069.2855224609375
401.5	1048.70166015625
402.0	1030.802490234375
402.5	1014.552490234375
403.0	994.7296142578125
403.5	976.666015625
404.0	960.2960205078125
404.5	944.4895629882812
405.0	927.233154296875
405.5	909.1651611328125
406.0	893.9465942382812
406.5	877.5926513671875
407.0	859.9318237304688
407.5	843.9578247070312
408.0	830.3170166015625
408.5	813.5838012695312
409.0	801.594482421875
409.5	785.5907592773438
410.0	772.19287109375
410.5	757.9196166992188
411.0	742.1669921875
411.5	729.2568359375
412.0	715.106201171875
412.5	700.7462768554688
413.0	687.66650390625
413.5	675.4573364257812
414.0	661.63427734375
414.5	650.85595703125
415.0	637.5009155273438
415.5	626.2796630859375
416.0	614.1543579101562
416.5	600.54052734375
417.0	589.7642211914062
417.5	578.2843627929688
418.0	565.494384765625
418.5	555.6085815429688
419.0	544.7411499023438
419.5	532.8937377929688
420.0	522.3370971679688
420.5	512.8204956054688
421.0	501.9654235839844
421.5	493.8823547363281
422.0	483.08477783203125
422.5	472.8036193847656
423.0	464.645263671875
423.5	454.60107421875
424.0	446.1654052734375
424.5	437.1814880371094
425.0	427.68634033203125
425.5	419.32080078125
426.0	410.7227783203125
426.5	401.4356384277344
427.0	393.8458557128906
427.5	385.8815002441406
428.0	377.2385559082031
428.5	369.8966064453125
429.0	361.82904052734375
429.5	353.6535339355469
430.0	346.8279113769531
430.5	339.65301513671875
431.0	332.1559143066406
431.5	325.9227600097656
432.0	319.2257080078125
432.5	311.7055969238281
433.0	305.7120666503906
433.5	298.9927978515625
434.0	292.2003479003906
434.5	286.8766784667969
435.0	281.0155334472656
435.5	274.7814025878906
436.0	269.6390380859375
436.5	264.173583984375
437.0	258.22149658203125
437.5	253.2703857421875
438.0	248.2161865234375
438.5	242.3886260986328
439.0	237.8651123046875
439.5	233.0669708251953
440.0	227.7519989013672
440.5	223.48802185058594
441.0	218.74964904785156
441.5	213.7501220703125
442.0	209.68603515625
442.5	205.09121704101562
443.0	200.51539611816406
443.5	196.6867218017578
444.0	192.35415649414062
444.5	188.25413513183594
445.0	183.7362060546875
445.5	180.1896514892578
446.0	176.4420623779297
446.5	172.630859375
447.0	169.3626708984375
447.5	165.8359832763672
448.0	161.82127380371094
448.5	158.70692443847656
449.0	155.1131134033203
449.5	151.57444763183594
450.0	148.7566680908203
