 750000.000    6.278  679.008
 750500.000    6.204  687.120
 751000.000    6.275  679.288
 751500.000    6.231  684.115
 752000.000    6.167  691.237
 752500.000    6.054  704.180
 753000.000    6.112  697.472
 753500.000    6.315  674.999
 754000.000    6.288  677.897
 754500.000    6.083  700.763
 755000.000    6.294  677.318
 755500.000    6.371  669.100
 756000.000    6.237  683.445
 756500.000    6.189  688.733
 757000.000    6.126  695.823
 757500.000    6.192  688.437
 758000.000    6.402  665.813
 758500.000    5.976  713.304
 759000.000    6.211  686.375
 759500.000    6.015  708.701
 760000.000    6.330  673.442
 760500.000    6.160  692.062
 761000.000    6.200  687.537
 761500.000    6.020  708.165
 762000.000    5.987  712.006
 762500.000    6.164  691.518
 763000.000    5.890  723.751
 763500.000    6.215  685.898
 764000.000    6.269  679.947
 764500.000    6.226  684.692
 765000.000    5.988  711.874
 765500.000    6.166  691.361
 766000.000    6.490  656.867
 766500.000    6.084  700.644
 767000.000    6.243  682.856
 767500.000    6.128  695.617
 768000.000    6.091  699.832
 768500.000    6.122  696.309
 769000.000    6.239  683.305
 769500.000    6.284  678.342
 770000.000    6.491  656.766
 770500.000    6.126  695.877
 771000.000    6.255  681.532
 771500.000    6.346  671.696
 772000.000    6.202  687.299
 772500.000    6.263  680.636
 773000.000    6.170  690.846
 773500.000    6.270  679.857
 774000.000    6.253  681.730
 774500.000    6.099  698.884
 775000.000    6.346  671.680
 775500.000    6.125  695.922
 776000.000    6.258  681.151
 776500.000    6.107  698.051
 777000.000    6.064  702.940
 777500.000    6.227  684.550
 778000.000    6.425  663.440
 778500.000    6.455  660.358
 779000.000    6.157  692.311
 779500.000    6.146  693.599
 780000.000    6.200  687.527
 780500.000    6.385  667.638
 781000.000    6.208  686.680
 781500.000    6.326  673.843
 782000.000    6.265  680.452
 782500.000    6.129  695.503
 783000.000    6.402  665.900
 783500.000    6.222  685.098
 784000.000    6.354  670.833
 784500.000    6.321  674.358
 785000.000    6.366  669.587
 785500.000    6.106  698.129
 786000.000    6.479  657.986
 786500.000    6.236  683.592
 787000.000    6.324  674.121
 787500.000    6.194  688.228
 788000.000    6.128  695.661
 788500.000    6.237  683.460
 789000.000    6.225  684.804
 789500.000    6.273  679.523
 790000.000    6.354  670.867
 790500.000    6.340  672.336
 791000.000    6.203  687.237
 791500.000    6.136  694.712
 792000.000    6.310  675.611
 792500.000    6.148  693.330
 793000.000    6.243  682.856
 793500.000    6.232  683.972
 794000.000    6.192  688.445
 794500.000    6.214  686.046
 795000.000    6.480  657.803
 795500.000    6.375  668.717
 796000.000    6.297  676.925
 796500.000    6.137  694.659
 797000.000    6.295  677.161
 797500.000    6.097  699.114
 798000.000    5.971  713.898
 798500.000    6.170  690.887
 799000.000    5.993  711.305
 799500.000    6.212  686.220
 800000.000    6.176  690.274
 800500.000    6.297  676.995
 801000.000    6.248  682.273
 801500.000    6.294  677.269
 802000.000    6.280  678.843
 802500.000    6.383  667.823
 803000.000    6.322  674.238
 803500.000    6.365  669.736
 804000.000    6.297  676.952
 804500.000    6.265  680.450
 805000.000    6.180  689.767
 805500.000    6.353  670.993
 806000.000    6.101  698.689
 806500.000    6.090  699.980
 807000.000    6.030  706.935
 807500.000    6.267  680.146
 808000.000    6.136  694.698
 808500.000    6.198  687.815
 809000.000    6.083  700.793
 809500.000    6.153  692.855
 810000.000    6.225  684.842
 810500.000    6.323  674.216
 811000.000    6.276  679.193
 811500.000    6.276  679.204
 812000.000    6.203  687.232
 812500.000    6.053  704.231
 813000.000    6.181  689.612
 813500.000    6.301  676.568
 814000.000    6.266  680.345
 814500.000    6.531  652.668
 815000.000    6.096  699.259
 815500.000    6.165  691.413
 816000.000    6.132  695.144
 816500.000    6.345  671.863
 817000.000    6.220  685.339
 817500.000    6.287  678.083
 818000.000    6.083  700.748
 818500.000    6.236  683.605
 819000.000    6.272  679.640
 819500.000    6.255  681.521
 820000.000    6.057  703.741
 820500.000    6.193  688.367
 821000.000    6.278  678.976
 821500.000    5.906  721.826
 822000.000    5.925  719.447
 822500.000    6.101  698.680
 823000.000    6.366  669.604
 823500.000    6.250  682.077
 824000.000    6.157  692.353
 824500.000    6.124  696.031
 825000.000    6.129  695.472
 825500.000    6.322  674.320
 826000.000    6.206  686.861
 826500.000    6.289  677.793
 827000.000    6.349  671.395
 827500.000    6.004  709.998
 828000.000    6.287  677.982
 828500.000    6.253  681.685
 829000.000    6.098  699.080
 829500.000    6.216  685.763
 830000.000    6.287  677.986
 830500.000    6.262  680.699
 831000.000    6.030  706.926
 831500.000    6.094  699.508
 832000.000    6.322  674.261
 832500.000    6.257  681.282
 833000.000    6.297  676.942
 833500.000    6.170  690.842
 834000.000    6.266  680.293
 834500.000    6.148  693.310
 835000.000    6.150  693.178
 835500.000    6.260  680.969
 836000.000    6.239  683.278
 836500.000    6.111  697.551
 837000.000    6.065  702.836
 837500.000    6.354  670.895
 838000.000    6.193  688.353
 838500.000    6.286  678.117
 839000.000    6.262  680.779
 839500.000    6.258  681.131
 840000.000    6.296  677.118
 840500.000    6.234  683.844
 841000.000    6.246  682.470
 841500.000    6.425  663.491
 842000.000    6.133  695.096
 842500.000    6.260  680.950
 843000.000    6.301  676.559
 843500.000    6.171  690.774
 844000.000    6.192  688.459
 844500.000    6.289  677.792
 845000.000    6.208  686.700
 845500.000    6.193  688.292
 846000.000    6.190  688.697
 846500.000    6.461  659.750
 847000.000    6.109  697.818
 847500.000    6.057  703.833
 848000.000    5.916  720.568
 848500.000    6.091  699.832
 849000.000    6.350  671.331
 849500.000    6.197  687.833
 850000.000    6.003  710.150
 850500.000    6.275  679.342
 851000.000    6.066  702.752
 851500.000    6.279  678.920
 852000.000    6.324  674.047
 852500.000    6.274  679.431
 853000.000    6.431  662.836
 853500.000    6.222  685.098
 854000.000    6.276  679.210
 854500.000    6.176  690.226
 855000.000    6.133  695.081
 855500.000    6.248  682.251
 856000.000    6.347  671.642
 856500.000    6.384  667.757
 857000.000    6.246  682.521
 857500.000    6.396  666.471
 858000.000    6.086  700.400
 858500.000    6.303  676.313
 859000.000    6.367  669.502
 859500.000    6.160  692.050
 860000.000    6.206  686.882
 860500.000    6.183  689.480
 861000.000    6.309  675.628
 861500.000    6.256  681.438
 862000.000    6.437  662.194
 862500.000    6.288  677.971
 863000.000    6.164  691.593
 863500.000    6.469  658.920
 864000.000    6.215  685.937
 864500.000    6.101  698.727
 865000.000    6.190  688.648
 865500.000    6.264  680.549
 866000.000    6.207  686.790
 866500.000    6.305  676.082
 867000.000    6.258  681.230
 867500.000    6.276  679.199
 868000.000    6.278  679.055
 868500.000    6.200  687.511
 869000.000    6.177  690.098
 869500.000    6.189  688.790
 870000.000    6.300  676.617
 870500.000    6.249  682.187
 871000.000    6.110  697.652
 871500.000    6.086  700.392
 872000.000    6.376  668.538
 872500.000    6.163  691.677
 873000.000    6.284  678.396
 873500.000    6.238  683.380
 874000.000    6.197  687.849
 874500.000    6.209  686.506
 875000.000    6.258  681.126
 875500.000    6.099  698.990
 876000.000    6.236  683.543
 876500.000    6.105  698.250
 877000.000    6.235  683.703
 877500.000    6.233  683.938
 878000.000    6.351  671.199
 878500.000    6.490  656.864
 879000.000    6.172  690.632
 879500.000    6.392  666.944
 880000.000    6.279  678.849
 880500.000    6.397  666.379
 881000.000    6.213  686.134
 881500.000    6.324  674.067
 882000.000    6.278  679.023
 882500.000    6.367  669.556
 883000.000    6.322  674.262
 883500.000    6.357  670.532
 884000.000    6.188  688.897
 884500.000    6.130  695.377
 885000.000    6.196  687.944
 885500.000    6.125  695.953
 886000.000    6.151  693.014
 886500.000    6.158  692.186
 887000.000    6.209  686.545
 887500.000    6.273  679.577
 888000.000    6.134  694.975
 888500.000    6.304  676.227
 889000.000    6.346  671.754
 889500.000    6.158  692.211
 890000.000    6.295  677.129
 890500.000    6.258  681.214
 891000.000    6.242  682.963
 891500.000    6.502  655.590
 892000.000    6.171  690.787
 892500.000    6.105  698.256
 893000.000    6.170  690.887
 893500.000    6.214  686.040
 894000.000    6.131  695.288
 894500.000    6.322  674.265
 895000.000    6.184  689.339
 895500.000    6.148  693.412
 896000.000    6.257  681.289
 896500.000    6.173  690.539
 897000.000    6.225  684.806
 897500.000    6.380  668.131
 898000.000    6.064  702.932
 898500.000    6.073  701.918
 899000.000    6.223  684.988
 899500.000    6.160  691.986
 900000.000    5.949  716.602
 900500.000    6.187  689.021
 901000.000    6.375  668.627
 901500.000    6.221  685.219
 902000.000    6.343  672.041
 902500.000    6.066  702.738
 903000.000    6.002  710.199
 903500.000    6.175  690.354
 904000.000    6.195  688.097
 904500.000    5.998  710.723
 905000.000    6.217  685.618
 905500.000    6.347  671.578
 906000.000    6.320  674.540
 906500.000    6.177  690.088
 907000.000    6.214  686.050
 907500.000    6.220  685.369
 908000.000    6.180  689.721
 908500.000    6.186  689.093
 909000.000    6.155  692.523
 909500.000    6.328  673.688
 910000.000    6.052  704.341
 910500.000    6.090  700.020
 911000.000    6.486  657.210
 911500.000    6.257  681.330
 912000.000    6.203  687.250
 912500.000    6.317  674.839
 913000.000    6.340  672.331
 913500.000    6.580  647.884
 914000.000    6.320  674.530
 914500.000    6.365  669.702
 915000.000    6.181  689.684
 915500.000    6.254  681.605
 916000.000    6.152  692.872
 916500.000    6.315  675.023
 917000.000    6.340  672.345
 917500.000    6.042  705.557
 918000.000    6.225  684.760
 918500.000    6.191  688.576
 919000.000    6.291  677.551
 919500.000    6.172  690.688
 920000.000    6.229  684.343
 920500.000    6.184  689.381
 921000.000    6.183  689.469
 921500.000    6.285  678.297
 922000.000    6.043  705.411
 922500.000    6.127  695.784
 923000.000    6.073  701.983
 923500.000    6.069  702.362
 924000.000    5.957  715.582
 924500.000    6.169  691.015
 925000.000    6.205  686.966
 925500.000    6.349  671.465
 926000.000    6.359  670.327
 926500.000    6.319  674.585
 927000.000    6.197  687.873
 927500.000    6.358  670.515
 928000.000    6.151  693.064
 928500.000    6.167  691.273
 929000.000    6.215  685.885
 929500.000    6.214  685.990
 930000.000    6.319  674.569
 930500.000    6.310  675.561
 931000.000    6.114  697.245
 931500.000    6.277  679.134
 932000.000    6.334  673.010
 932500.000    6.197  687.855
 933000.000    6.193  688.339
 933500.000    6.292  677.536
 934000.000    6.319  674.570
 934500.000    6.277  679.092
 935000.000    6.291  677.652
 935500.000    6.188  688.871
 936000.000    6.192  688.408
 936500.000    6.051  704.534
 937000.000    6.264  680.549
 937500.000    6.081  701.041
 938000.000    6.238  683.328
 938500.000    5.967  714.356
 939000.000    6.428  663.125
 939500.000    6.110  697.634
 940000.000    6.045  705.168
 940500.000    6.026  707.360
 941000.000    6.350  671.279
 941500.000    6.214  685.993
 942000.000    6.024  707.594
 942500.000    6.212  686.226
 943000.000    6.150  693.194
 943500.000    6.258  681.221
 944000.000    6.192  688.454
 944500.000    6.272  679.617
 945000.000    6.315  675.046
 945500.000    6.264  680.477
 946000.000    6.367  669.550
 946500.000    6.319  674.598
 947000.000    6.330  673.438
 947500.000    6.310  675.573
 948000.000    6.313  675.295
 948500.000    6.384  667.739
 949000.000    6.260  680.995
 949500.000    6.302  676.367
 950000.000    6.134  694.927
 950500.000    6.426  663.391
 951000.000    6.440  661.952
 951500.000    6.155  692.619
 952000.000    6.264  680.518
 952500.000    6.282  678.575
 953000.000    6.358  670.479
 953500.000    6.400  666.094
 954000.000    6.295  677.137
 954500.000    6.108  697.961
 955000.000    6.118  696.757
 955500.000    6.365  669.761
 956000.000    6.368  669.430
 956500.000    6.329  673.551
 957000.000    6.489  656.932
 957500.000    6.226  684.681
 958000.000    6.147  693.504
 958500.000    6.209  686.568
 959000.000    6.475  658.372
 959500.000    6.199  687.642
 960000.000    6.162  691.813
 960500.000    6.468  659.019
 961000.000    6.150  693.185
 961500.000    6.118  696.770
 962000.000    6.221  685.271
 962500.000    6.066  702.788
 963000.000    6.226  684.625
 963500.000    6.058  703.646
 964000.000    6.059  703.493
 964500.000    6.300  676.682
 965000.000    6.201  687.430
 965500.000    6.325  673.932
 966000.000    6.257  681.278
 966500.000    6.161  691.892
 967000.000    6.329  673.496
 967500.000    6.000  710.424
 968000.000    6.018  708.294
 968500.000    6.193  688.341
 969000.000    6.210  686.424
 969500.000    6.254  681.575
 970000.000    6.101  698.749
 970500.000    6.452  660.688
 971000.000    5.977  713.249
 971500.000    6.051  704.523
 972000.000    6.251  681.909
 972500.000    6.176  690.219
 973000.000    6.089  700.057
 973500.000    5.988  711.861
 974000.000    6.136  694.664
 974500.000    6.082  700.904
 975000.000    6.010  709.268
 975500.000    6.028  707.217
 976000.000    6.114  697.178
 976500.000    6.252  681.859
 977000.000    6.316  674.955
 977500.000    6.099  698.933
 978000.000    6.174  690.392
 978500.000    6.057  703.760
 979000.000    6.177  690.154
 979500.000    6.239  683.293
 980000.000    6.270  679.912
 980500.000    6.160  692.032
 981000.000    6.246  682.533
 981500.000    6.219  685.457
 982000.000    6.073  701.950
 982500.000    6.412  664.861
 983000.000    6.207  686.751
 983500.000    6.122  696.320
 984000.000    6.108  697.953
 984500.000    6.381  668.062
 985000.000    6.261  680.847
 985500.000    6.112  697.438
 986000.000    6.382  667.953
 986500.000    6.280  678.828
 987000.000    6.410  665.002
 987500.000    6.227  684.555
 988000.000    6.274  679.397
 988500.000    6.206  686.935
 989000.000    6.217  685.694
 989500.000    6.340  672.329
 990000.000    6.381  668.019
 990500.000    6.356  670.652
 991000.000    6.207  686.742
 991500.000    6.160  692.067
 992000.000    6.376  668.572
 992500.000    6.055  704.029
 993000.000    6.207  686.727
 993500.000    6.189  688.796
 994000.000    6.288  677.955
 994500.000    6.312  675.348
 995000.000    6.080  701.095
 995500.000    6.011  709.111
 996000.000    6.186  689.143
 996500.000    6.223  685.044
 997000.000    6.041  705.633
 997500.000    6.455  660.418
 998000.000    6.240  683.111
 998500.000    6.379  668.246
 999000.000    6.244  682.747
 999500.000    6.297  676.983
1000000.000    6.151  693.078
