20.774 16.478 -38.608
16.088 17.466 -37.072
14.753 14.8 -36.155
12.618 12.295 -35.899
16.469 13.166 -38.284
14.867 16.262 -43.233
30.197 22.048 -63.6225
40.371 32.719 -81.985
24.815 19.661 -53.337
31.715 27.867 -66.826
17.146 12.909 -37.108
27.791 26.864 -61.264
30.534 30.445 -76.965
26.829 25.47 -66.338
28.902 34.627 -66.145
31.345 36.766 -77.889
25.047 24.099 -63.406
25.482 19.165 -56.124
26.403 24.623 -64.635
23.193 21.165 -60.541
24.485 21.507 -55.6305
22.281 18.219 -47.05
21.231 20.287 -55.933
21.043 17.061 -58.151
28.256 26.457 -64.261
27.608 24.729 -59.629
23.554 22.29 -50.935
23.152 21.584 -57.857
18.784 20.799 -42.1345
23.667 25.741 -46.392
19.878 23.106 -44.361
16.621 19.661 -42.1405
25.89 28.499 -62.248
21.138 23.785 -44.4905
22.812 25.307 -53.441
33.174 29.268 -75.814
24.376 27.212 -62.229
26.362 23.929 -62.302
15.124 17.326 -39.842
19.843 21.466 -47.911
27.105 25.39 -71.706
28.062 28.931 -73.2495
32.549 27.902 -82.647
31.539 27.711 -72.585
28.064 29.906 -76.88
32.25 28.04 -76.132
27.565 25.186 -69.64
28.362 27.118 -63.669
21.455 24.397 -53.072
24.27 23.946 -58.6985
25.808 25.005 -55.62
15.103 16.953 -40.754
23.253 24.927 -66.288
23.737 21.051 -52.7215
23.392 28.904 -68.296
28.741 25.057 -78.2185
34.147 29.403 -83.262
30.219 28.145 -76.796
35.968 31.824 -78.7845
34.506 30.311 -85.265
32.179 26.97 -79.201
34.383 29.667 -82.8715
34.75 30.342 -83.985
34.707 28.301 -80.2535
32.891 27.353 -79.628
34.1 27.526 -76.586
36.086 30.717 -88.4275
36.057 26.94 -78.241
34.335 25.846 -80.517
40.475 32.99 -95.466
39.025 35.721 -84.7525
44.757 35.118 -91.562
43.852 35.498 -100.148
41.555 36.535 -91.296
34.418 29.637 -76.404
37.815 28.562 -81.579
35.42 28.091 -77.763
36.711 33.397 -86.062
35.271 30.816 -79.87
35.71 33.374 -86.279
35.159 36.481 -89.906
33.938 29.422 -78.028
33.745 32.588 -83.9435
33.909 28.207 -72.13
38.578 33.886 -82.6015
36.996 31.928 -85.562
26.269 29.723 -65.37
26.755 22.643 -62.626
36.52 31.258 -81.862
22.085 20.046 -55.929
22.903 20.905 -56.617
24.722 27.8 -60.09
22.556 22.347 -58.321
29.13 24.322 -66.304
24.922 23.804 -68.279
27.073 25.166 -70.647
23.913 24.257 -63.0005
30.071 25.233 -70.395
33.297 31.315 -83.471
32.392 30.554 -81.197
37.528 28.336 -78.26
