52.301 52.261 -118.798
50.092 48.932 -109.16
58.585 51.135 -126.2415
52.405 55.057 -127.1465
42.007 39.399 -94.0095
58.865 54.229 -132.6365
56.348 57.506 -140.9285
58.152 52.438 -127.1645
59.797 55.088 -138.0175
54.204 49.63 -129.036
59.317 52.96 -137.4685
59.184 53.105 -146.21
57.181 51.511 -132.4055
54.881 52.658 -130.3995
68.181 60.763 -147.8205
49.628 47.05 -118.423
52.175 47.198 -114.6045
52.043 42.462 -119.301
52.991 46.149 -121.6375
49.028 44.103 -117.3545
54.92 49.279 -133.629
61.272 51.493 -136.308
70.743 58.144 -141.5335
45.158 41.135 -103.0385
50.696 44.055 -106.6175
46.236 42.926 -105.5405
37.71 37.206 -91.1605
32.209 31.98 -78.428
33.003 27.557 -73.548
39.828 31.891 -87.0105
37.667 34.07 -93.2445
37.318 37.825 -97.4495
38.034 37.11 -83.166
43.067 40.066 -95.7845
40.624 36.778 -90.8565
49.184 40.026 -95.5095
43.215 38.171 -96.0245
45.574 39.528 -96.082
45.339 40.026 -99.936
36.446 34.916 -86.7175
36.095 32.539 -78.0505
35.297 35.383 -86.9845
31.874 31.441 -73.807
43.041 39.698 -92.5055
41.989 41.714 -94.152
35.138 32.057 -74.2795
33.781 31.582 -82.994
27.67 24.105 -62.4785
33.481 33.156 -76.083
34.101 31.268 -75.516
22.75 19.429 -55.729
22.322 18.008 -46.5125
18.588 18.864 -46.228
21.649 22.168 -53.982
30.626 27.87 -57.515
28.504 29.18 -56.387
34.048 35.271 -73.35
34.518 30.242 -69.192
25.789 26.679 -68.5525
26.858 26.68 -66.101
29.777 31.87 -71.94
37.428 35.421 -75.785
29.738 34.215 -69.331
28.394 36.874 -66.5625
35.966 37.912 -76.468
30.444 29.274 -65.49
36.089 37.743 -86.8735
23.069 28.627 -58.51
32.835 33.25 -71.4595
40.194 38.104 -96.895
39.807 38.241 -106.0705
44.891 41.638 -97.792
33.893 34.257 -83.3825
37.738 36.008 -84.5655
41.35 36.232 -88.3115
36.268 38.925 -94.5715
42.854 37.608 -96.3055
41.386 41.174 -100.7505
38.042 32.596 -82.645
39.304 37.391 -95.629
45.422 45.541 -109.5395
48.179 45.397 -122.248
46.637 42.699 -122.0475
49.253 42.636 -119.4275
55.16 44.406 -132.4675
56.814 49.928 -137.5045
50.072 51.008 -125.4175
41.526 41.517 -108.1425
53.458 51.841 -126.5735
50.084 47.046 -125.454
55.235 55.372 -132.248
45.328 44.974 -119.2025
46.031 40.629 -107.7475
47.617 45.672 -112.22
38.754 36.136 -89.305
43.121 36.545 -102.306
38.816 33.97 -95.57
34.826 36.822 -81.967
28.056 26.9 -72.3235
35.854 29.03 -86.1975
32.81 29.617 -74.2185
