 750000.000   25.525
 750500.000   23.924
 751000.000   25.227
 751500.000   25.350
 752000.000   25.946
 752500.000   25.562
 753000.000   24.789
 753500.000   25.459
 754000.000   25.441
 754500.000   25.417
 755000.000   24.796
 755500.000   25.863
 756000.000   25.341
 756500.000   25.004
 757000.000   24.968
 757500.000   25.553
 758000.000   25.534
 758500.000   25.375
 759000.000   24.855
 759500.000   25.415
 760000.000   25.567
 760500.000   25.580
 761000.000   24.979
 761500.000   25.329
 762000.000   25.705
 762500.000   25.228
 763000.000   25.342
 763500.000   24.796
 764000.000   24.905
 764500.000   25.320
 765000.000   25.183
 765500.000   25.655
 766000.000   24.794
 766500.000   24.741
 767000.000   25.187
 767500.000   25.024
 768000.000   24.885
 768500.000   25.362
 769000.000   25.517
 769500.000   24.681
 770000.000   24.771
 770500.000   23.966
 771000.000   24.706
 771500.000   23.993
 772000.000   24.799
 772500.000   24.255
 773000.000   25.001
 773500.000   25.223
 774000.000   24.774
 774500.000   25.086
 775000.000   25.342
 775500.000   25.550
 776000.000   24.536
 776500.000   25.174
 777000.000   24.978
 777500.000   25.363
 778000.000   25.302
 778500.000   25.410
 779000.000   24.903
 779500.000   25.457
 780000.000   26.669
 780500.000   25.415
 781000.000   26.360
 781500.000   26.442
 782000.000   25.812
 782500.000   25.980
 783000.000   25.735
 783500.000   25.233
 784000.000   25.268
 784500.000   24.517
 785000.000   25.349
 785500.000   25.324
 786000.000   25.826
 786500.000   26.025
 787000.000   25.436
 787500.000   24.959
 788000.000   27.050
 788500.000   25.590
 789000.000   26.104
 789500.000   25.921
 790000.000   24.853
 790500.000   24.761
 791000.000   24.174
 791500.000   25.291
 792000.000   26.062
 792500.000   25.184
 793000.000   25.507
 793500.000   25.699
 794000.000   24.997
 794500.000   25.390
 795000.000   25.298
 795500.000   25.914
 796000.000   25.339
 796500.000   24.458
 797000.000   25.593
 797500.000   25.501
 798000.000   25.604
 798500.000   24.867
 799000.000   24.753
 799500.000   25.608
 800000.000   24.412
 800500.000   26.258
 801000.000   26.073
 801500.000   26.196
 802000.000   26.137
 802500.000   26.599
 803000.000   27.206
 803500.000   26.456
 804000.000   25.432
 804500.000   27.022
 805000.000   25.817
 805500.000   26.337
 806000.000   26.884
 806500.000   25.149
 807000.000   25.710
 807500.000   25.703
 808000.000   26.119
 808500.000   24.866
 809000.000   25.830
 809500.000   25.143
 810000.000   25.212
 810500.000   25.896
 811000.000   26.390
 811500.000   25.488
 812000.000   26.064
 812500.000   25.608
 813000.000   25.497
 813500.000   26.351
 814000.000   25.506
 814500.000   25.465
 815000.000   25.021
 815500.000   25.858
 816000.000   27.017
 816500.000   26.309
 817000.000   25.296
 817500.000   24.285
 818000.000   25.499
 818500.000   25.590
 819000.000   25.242
 819500.000   26.235
 820000.000   25.761
 820500.000   24.799
 821000.000   25.478
 821500.000   25.066
 822000.000   25.666
 822500.000   25.667
 823000.000   25.932
 823500.000   26.083
 824000.000   25.401
 824500.000   27.320
 825000.000   27.105
 825500.000   25.762
 826000.000   25.234
 826500.000   25.344
 827000.000   25.726
 827500.000   26.302
 828000.000   25.867
 828500.000   26.132
 829000.000   25.906
 829500.000   26.503
 830000.000   25.257
 830500.000   25.924
 831000.000   25.389
 831500.000   25.703
 832000.000   25.281
 832500.000   24.997
 833000.000   25.222
 833500.000   25.690
 834000.000   25.890
 834500.000   26.507
 835000.000   26.100
 835500.000   24.918
 836000.000   25.308
 836500.000   24.497
 837000.000   25.052
 837500.000   25.534
 838000.000   25.270
 838500.000   25.787
 839000.000   25.713
 839500.000   25.511
 840000.000   25.792
 840500.000   25.185
 841000.000   25.765
 841500.000   25.733
 842000.000   25.776
 842500.000   25.710
 843000.000   25.427
 843500.000   25.036
 844000.000   25.590
 844500.000   24.625
 845000.000   25.959
 845500.000   24.916
 846000.000   25.306
 846500.000   25.135
 847000.000   25.448
 847500.000   25.445
 848000.000   24.862
 848500.000   24.576
 849000.000   25.372
 849500.000   26.395
 850000.000   26.187
 850500.000   25.421
 851000.000   26.395
 851500.000   26.577
 852000.000   25.679
 852500.000   25.951
 853000.000   25.025
 853500.000   24.895
 854000.000   24.875
 854500.000   25.633
 855000.000   25.985
 855500.000   26.275
 856000.000   24.769
 856500.000   25.504
 857000.000   25.220
 857500.000   24.775
 858000.000   25.073
 858500.000   24.471
 859000.000   23.886
 859500.000   25.371
 860000.000   25.535
 860500.000   24.582
 861000.000   25.230
 861500.000   24.660
 862000.000   26.560
 862500.000   25.759
 863000.000   25.960
 863500.000   25.810
 864000.000   26.144
 864500.000   24.712
 865000.000   25.492
 865500.000   25.010
 866000.000   25.493
 866500.000   25.399
 867000.000   25.007
 867500.000   25.451
 868000.000   24.320
 868500.000   24.982
 869000.000   25.175
 869500.000   24.433
 870000.000   24.938
 870500.000   25.240
 871000.000   25.240
 871500.000   25.503
 872000.000   25.081
 872500.000   26.106
 873000.000   25.002
 873500.000   25.172
 874000.000   24.527
 874500.000   25.653
 875000.000   24.767
 875500.000   24.241
 876000.000   24.713
 876500.000   24.439
 877000.000   23.781
 877500.000   24.573
 878000.000   24.962
 878500.000   24.337
 879000.000   24.804
 879500.000   24.971
 880000.000   24.785
 880500.000   25.634
 881000.000   24.438
 881500.000   24.666
 882000.000   25.181
 882500.000   23.854
 883000.000   24.984
 883500.000   25.099
 884000.000   24.126
 884500.000   24.655
 885000.000   24.720
 885500.000   25.065
 886000.000   24.775
 886500.000   25.060
 887000.000   23.526
 887500.000   25.791
 888000.000   24.550
 888500.000   24.916
 889000.000   24.644
 889500.000   24.123
 890000.000   25.061
 890500.000   23.197
 891000.000   24.761
 891500.000   25.673
 892000.000   25.308
 892500.000   25.084
 893000.000   24.310
 893500.000   25.123
 894000.000   25.180
 894500.000   24.371
 895000.000   24.697
 895500.000   24.353
 896000.000   25.269
 896500.000   24.856
 897000.000   24.053
 897500.000   24.620
 898000.000   24.999
 898500.000   24.987
 899000.000   24.668
 899500.000   25.664
 900000.000   24.528
 900500.000   24.822
 901000.000   24.626
 901500.000   24.502
 902000.000   25.095
 902500.000   25.249
 903000.000   25.898
 903500.000   25.221
 904000.000   25.430
 904500.000   25.552
 905000.000   25.422
 905500.000   26.477
 906000.000   26.245
 906500.000   25.647
 907000.000   26.328
 907500.000   26.296
 908000.000   26.022
 908500.000   24.737
 909000.000   24.753
 909500.000   25.782
 910000.000   25.764
 910500.000   25.701
 911000.000   25.826
 911500.000   27.371
 912000.000   25.400
 912500.000   26.338
 913000.000   26.574
 913500.000   25.426
 914000.000   25.814
 914500.000   25.872
 915000.000   26.188
 915500.000   26.814
 916000.000   26.889
 916500.000   26.686
 917000.000   26.715
 917500.000   25.699
 918000.000   25.310
 918500.000   26.493
 919000.000   26.945
 919500.000   26.060
 920000.000   26.716
 920500.000   26.241
 921000.000   26.141
 921500.000   26.934
 922000.000   26.059
 922500.000   25.347
 923000.000   25.930
 923500.000   25.907
 924000.000   24.761
 924500.000   25.288
 925000.000   27.671
 925500.000   25.493
 926000.000   25.606
 926500.000   24.953
 927000.000   25.611
 927500.000   26.095
 928000.000   25.621
 928500.000   25.946
 929000.000   25.663
 929500.000   24.698
 930000.000   25.628
 930500.000   24.986
 931000.000   26.037
 931500.000   25.125
 932000.000   25.936
 932500.000   25.852
 933000.000   26.145
 933500.000   25.571
 934000.000   25.234
 934500.000   25.526
 935000.000   25.326
 935500.000   25.401
 936000.000   25.009
 936500.000   26.186
 937000.000   25.014
 937500.000   26.292
 938000.000   25.134
 938500.000   25.223
 939000.000   26.480
 939500.000   25.819
 940000.000   26.048
 940500.000   26.764
 941000.000   26.030
 941500.000   26.870
 942000.000   25.564
 942500.000   26.507
 943000.000   25.188
 943500.000   26.595
 944000.000   25.652
 944500.000   25.713
 945000.000   24.860
 945500.000   26.194
 946000.000   26.155
 946500.000   25.318
 947000.000   25.544
 947500.000   26.382
 948000.000   25.058
 948500.000   25.040
 949000.000   25.466
 949500.000   24.942
 950000.000   25.695
 950500.000   25.960
 951000.000   24.940
 951500.000   25.720
 952000.000   24.786
 952500.000   25.053
 953000.000   25.511
 953500.000   25.713
 954000.000   25.482
 954500.000   25.152
 955000.000   24.905
 955500.000   23.910
 956000.000   23.910
 956500.000   24.642
 957000.000   25.709
 957500.000   25.123
 958000.000   25.043
 958500.000   25.574
 959000.000   24.901
 959500.000   24.795
 960000.000   24.512
 960500.000   25.340
 961000.000   24.820
 961500.000   24.116
 962000.000   25.217
 962500.000   24.805
 963000.000   25.251
 963500.000   26.196
 964000.000   26.033
 964500.000   26.465
 965000.000   25.618
 965500.000   25.490
 966000.000   25.478
 966500.000   26.172
 967000.000   25.928
 967500.000   26.535
 968000.000   25.787
 968500.000   25.852
 969000.000   25.551
 969500.000   25.395
 970000.000   25.337
 970500.000   25.210
 971000.000   25.112
 971500.000   24.520
 972000.000   25.757
 972500.000   25.252
 973000.000   25.733
 973500.000   25.183
 974000.000   25.998
 974500.000   24.995
 975000.000   25.432
 975500.000   25.870
 976000.000   25.744
 976500.000   24.898
 977000.000   26.554
 977500.000   25.081
 978000.000   26.756
 978500.000   26.217
 979000.000   24.908
 979500.000   25.146
 980000.000   25.587
 980500.000   26.228
 981000.000   25.037
 981500.000   25.750
 982000.000   25.120
 982500.000   25.236
 983000.000   24.596
 983500.000   25.528
 984000.000   26.293
 984500.000   27.135
 985000.000   27.329
 985500.000   27.860
 986000.000   28.842
 986500.000   27.972
 987000.000   26.416
 987500.000   27.196
 988000.000   27.654
 988500.000   27.196
 989000.000   26.810
 989500.000   25.535
 990000.000   24.913
 990500.000   25.765
 991000.000   26.608
 991500.000   26.787
 992000.000   25.936
 992500.000   26.355
 993000.000   27.222
 993500.000   26.065
 994000.000   27.011
 994500.000   26.103
 995000.000   25.721
 995500.000   25.816
 996000.000   25.550
 996500.000   25.820
 997000.000   26.042
 997500.000   25.895
 998000.000   25.171
 998500.000   25.012
 999000.000   25.040
 999500.000   26.358
1000000.000   25.600
