      43    1.458    0.124
      44    2.069    0.163
      45    1.007    0.093
      46    0.704    0.105
      47    1.447    0.184
      48    0.623    0.094
      49    0.470    0.075
      50    1.297    0.127
      51    0.927    0.173
      52    1.780    0.170
      53    0.772    0.106
      54    0.781    0.120
      55    0.246    0.082
      56    1.255    0.199
      57    0.799    0.112
      58    1.079    0.140
      59    1.685    0.232
      60    1.294    0.199
      61    1.292    0.153
      62    1.824    0.196
      63    2.685    0.225
