69.341 56.9 -148.3445
70.479 58.126 -164.465
69.364 54.29 -144.107
59.701 50.002 -132.9005
56.434 51.821 -130.5885
58.455 46.694 -127.1815
55.63 42.372 -111.765
48.863 40.247 -105.519
75.852 47.616 -126.387
60.375 53.721 -133.0845
53.474 49.423 -109.28
49.495 44.143 -110.146
49.979 39.743 -103.2395
45.466 31.586 -86.958
50.086 36.598 -107.636
43.875 49.849 -119.291
52.116 49.014 -123.3915
45.626 54.351 -129.632
53.496 50.452 -126.2655
53.189 45.71 -116.7975
66.328 39.97 -110.186
55.233 44.14 -99.56
66.289 44.623 -113.653
39.388 40.258 -101.6195
58.195 57.386 -130.7215
51.984 51.559 -119.353
43.414 40.825 -103.5545
43.568 58.065 -119.433
44.968 49.123 -110.574
49.95 55.953 -126.247
54.408 53.121 -122.2515
52.348 54.351 -124.7665
57.705 51.803 -118.5795
60.676 51.703 -128.1545
42.89 45.968 -104.5255
55.335 52.663 -123.5105
43.54 45.737 -105.4255
42.589 41.442 -115.0695
48.549 45.382 -124.0675
46.291 44.09 -119.336
70.288 55.428 -141.0825
78.834 46.345 -119.075
56.978 46.074 -124.089
58.57 51.834 -135.112
52.687 48.843 -125.6435
50.946 50.666 -132.7215
53.094 56.54 -134.1605
63.36 63.856 -149.4705
49.697 46.308 -113.5695
63.283 50.048 -119.2145
47.564 40.405 -102.0205
34.169 34.534 -92.394
34.452 42.313 -97.233
36.179 37.419 -88.578
41.457 41.886 -104.0095
43.145 46.486 -96.479
36.515 38.438 -91.3405
50.201 43.42 -109.5045
44.556 43.243 -110.3875
44.116 44.583 -113.448
40.085 35.451 -101.7715
37.815 35.158 -93.8505
40.36 35.219 -100.944
39.602 32.505 -90.5975
43.578 36.722 -102.976
48.482 40.723 -113.785
54.972 41.113 -121.848
47.335 35.145 -100.7365
33.906 28.167 -78.723
37.061 32.459 -81.981
66.432 26.48 -83.1405
36.896 29.184 -84.5685
27.238 20.571 -61.535
33.307 30.313 -65.9075
25.954 24.974 -65.952
28.615 27.884 -70.1845
25.283 19.365 -56.261
28.793 24.048 -72.6025
45.181 29.656 -84.248
37.073 29.869 -83.5135
34.75 29.098 -76.2985
31.731 30.118 -77.211
33.609 32.013 -83.785
30.603 29.969 -80.785
35.634 38.68 -90.821
35.927 30.828 -81.4065
41.208 33.382 -81.483
31.138 24.262 -67.758
87.427 30.523 -78.865
39.418 36.859 -89.3305
35.908 31.978 -85.833
43.33 33.659 -96.776
44.524 40.556 -102.1055
51.138 42.629 -115.53
47.431 48.877 -117.161
47.564 37.519 -109.1095
45.277 36.281 -105.655
41.134 33.243 -90.634
82.043 37.612 -110.7475
49.069 38.118 -105.1955
53.662 50.952 -133.3485
