-19.299
-14.451
-16.21
-22.612
-27.624
-15.2255
-15.4225
-12.019
-14.569
-9.0375
-12.319
-9.1305
-20.561
-23.688
-24.3275
-19.0965
-22.5455
-15.4605
-13.1605
-16.251
-16.1595
-9.126
-16.313
-10.955
-12.451
-17.058
-17.4125
-13.935
-22.9295
-29.63
-27.116
-25.1455
-27.125
-23.7625
-19.0275
-19.648
-15.011
-18.73
-15.009
-22.8955
-27.215
-11.261
-21.0055
-21.352
-20.5815
-13.565
-15.7635
-16.419
-4.814
-0.655
-9.619
-7.5325
1.179
-13.831
-9.3605
-18.3015
-16.0705
-9.7455
-10.006
-7.4495
-4.6615
-4.975
-15.324
-7.747
1.8575
-12.9385
-5.2385
-9.429
-9.258
-7.861
-7.1075
-6.4285
-9.5625
0.99
-1.77
2.3385
-6.2065
-8.325
-7.5065
-9.518
-17.49
-0.957
3.557
-9.393
-6.449
-8.7625
-6.856
-4.7785
-7.0925
-4.0685
-10.875
-6.429
-5.654
1.03
0.413
-0.775
-4.284
1.016
-4.562
-12.99
1.081
