31.606 24.982 -75.6435
34.993 29.695 -84.836
38.157 35.324 -89.49
35.368 31.155 -84.084
38.097 33.609 -88.4535
27.996 27.518 -70.556
31.929 29.195 -83.6
28.753 25.771 -68.586
28.218 25.67 -74.1365
28.82 28.951 -78.726
31.58 27.868 -74.871
31.353 32.731 -76.926
35.396 29.767 -86.22
37.321 32.154 -80.1155
43.867 35.798 -89.6075
35.46 32.899 -83.0525
38.502 32.844 -85.183
35.253 33.598 -85.7325
36.964 32.232 -84.7185
39.135 34.217 -96.9055
33.411 30.422 -76.154
43.752 35.894 -101.785
35.932 31.099 -88.792
34.529 34.561 -92.243
38.845 35.5 -96.9955
40.336 36.453 -97.879
38.414 40.643 -104.63
34.717 37.835 -89.022
30.63 28.972 -74.033
30.234 27.349 -65.587
33.598 30.456 -73.873
31.53 30.891 -76.173
29.15 29.159 -72.76
30.504 27.89 -71.858
27.937 25.9 -70.694
29.006 27.812 -75.94
26.567 24.696 -66.796
25.455 23.839 -63.484
29.05 30.474 -71.952
28.314 22.633 -57.048
25.047 24.961 -60.719
25.499 26.575 -61.5325
31.016 28.328 -71.474
30.35 31.365 -72.3085
27.382 27.491 -67.7105
28.502 27.98 -64.8975
28.756 27.166 -64.798
26.844 26.541 -67.699
29.009 31.54 -71.9695
31.202 29.118 -68.8645
27.651 29.557 -61.7
24.205 25.991 -62.756
30.126 25.96 -69.4845
27.504 24.117 -65.736
23.074 22.569 -59.237
21.77 22.051 -56.37
24.709 24.994 -55.377
23.235 26.662 -59.3205
18.411 22.309 -49.205
20.117 22.982 -53.1375
23.699 24.523 -57.3845
25.362 29.717 -62.55
24.624 25.822 -52.975
26.408 28.637 -62.2535
29.916 33.955 -70.8015
29.261 33.762 -68.1585
20.282 27.248 -56.78
30.467 35.447 -73.204
30.063 33.515 -68.385
33.48 34.197 -70.1835
27.82 33.203 -65.037
33.522 34.575 -75.2445
31.437 32.553 -76.5815
31.494 32.009 -78.7835
35.437 37.768 -90.5975
34.259 34.665 -78.0285
31.431 30.806 -74.634
26.456 31.491 -67.048
34.33 39.525 -86.7125
26.907 32.667 -68.233
36.791 35.234 -74.924
25.653 24.498 -62.59
27.635 31.558 -61.265
32.723 32.496 -70.0905
27.917 28.595 -67.125
35.981 37.149 -77.833
28.035 29.393 -61.921
28.037 30.42 -60.982
30.949 28.224 -71.5505
28.557 29.328 -61.7255
36.089 35.842 -69.2895
38.463 37.874 -79.612
34.194 35.057 -72.304
39.059 37.353 -81.1555
37.155 37.375 -73.7315
44.043 45.268 -88.733
40.703 39.702 -75.873
42.028 44.907 -93.4425
45.905 44.35 -96.828
44.943 45.685 -96.971
34.77 37.24 -84.6535
