 750000.000    6.238  660.217
 750500.000    6.389  644.552
 751000.000    6.198  664.425
 751500.000    6.157  668.869
 752000.000    6.173  667.115
 752500.000    6.069  678.574
 753000.000    5.769  713.894
 753500.000    5.847  704.279
 754000.000    5.964  690.453
 754500.000    6.094  675.811
 755000.000    6.019  684.219
 755500.000    6.037  682.100
 756000.000    6.277  656.093
 756500.000    6.228  661.260
 757000.000    5.954  691.708
 757500.000    6.006  685.654
 758000.000    6.122  672.726
 758500.000    6.104  674.678
 759000.000    6.112  673.830
 759500.000    6.002  686.131
 760000.000    6.150  669.608
 760500.000    5.823  707.273
 761000.000    6.097  675.425
 761500.000    6.049  680.741
 762000.000    6.176  666.763
 762500.000    6.057  679.864
 763000.000    6.252  658.693
 763500.000    6.185  665.788
 764000.000    5.946  692.536
 764500.000    6.084  676.908
 765000.000    5.906  697.302
 765500.000    6.097  675.471
 766000.000    6.159  668.581
 766500.000    6.209  663.283
 767000.000    6.043  681.421
 767500.000    6.181  666.261
 768000.000    6.077  677.640
 768500.000    6.013  684.838
 769000.000    6.093  675.914
 769500.000    6.005  685.760
 770000.000    5.920  695.633
 770500.000    6.117  673.269
 771000.000    6.029  683.072
 771500.000    6.068  678.681
 772000.000    6.270  656.761
 772500.000    6.175  666.854
 773000.000    6.121  672.827
 773500.000    5.927  694.789
 774000.000    5.857  703.080
 774500.000    6.020  684.076
 775000.000    5.799  710.203
 775500.000    6.076  677.753
 776000.000    6.048  680.928
 776500.000    5.962  690.761
 777000.000    6.243  659.590
 777500.000    6.176  666.814
 778000.000    6.138  670.924
 778500.000    6.097  675.435
 779000.000    6.254  658.496
 779500.000    5.996  686.766
 780000.000    6.177  666.655
 780500.000    6.277  656.106
 781000.000    6.188  665.489
 781500.000    6.031  682.808
 782000.000    6.245  659.404
 782500.000    6.220  662.075
 783000.000    6.155  669.077
 783500.000    6.186  665.723
 784000.000    6.033  682.620
 784500.000    6.159  668.637
 785000.000    6.117  673.245
 785500.000    6.072  678.229
 786000.000    6.198  664.429
 786500.000    6.324  651.207
 787000.000    6.116  673.323
 787500.000    6.339  649.666
 788000.000    6.280  655.743
 788500.000    6.310  652.597
 789000.000    6.135  671.302
 789500.000    6.133  671.465
 790000.000    6.382  645.304
 790500.000    6.221  662.023
 791000.000    5.950  692.137
 791500.000    6.203  663.909
 792000.000    6.110  674.015
 792500.000    6.299  653.801
 793000.000    6.223  661.777
 793500.000    6.179  666.424
 794000.000    6.367  646.829
 794500.000    6.165  667.964
 795000.000    5.997  686.678
 795500.000    6.164  668.067
 796000.000    5.913  696.475
 796500.000    5.899  698.114
 797000.000    5.989  687.603
 797500.000    6.256  658.217
 798000.000    6.289  654.820
 798500.000    6.093  675.909
 799000.000    6.148  669.792
 799500.000    6.145  670.129
 800000.000    6.084  676.856
 800500.000    6.323  651.261
 801000.000    5.992  687.314
 801500.000    6.062  679.351
 802000.000    6.034  682.485
 802500.000    6.120  672.932
 803000.000    6.034  682.498
 803500.000    6.158  668.714
 804000.000    6.308  652.838
 804500.000    6.054  680.211
 805000.000    6.243  659.641
 805500.000    6.379  645.529
 806000.000    6.233  660.663
 806500.000    5.981  688.536
 807000.000    6.037  682.101
 807500.000    6.301  653.578
 808000.000    6.099  675.215
 808500.000    6.319  651.662
 809000.000    6.076  677.738
 809500.000    6.159  668.666
 810000.000    6.040  681.797
 810500.000    6.292  654.490
 811000.000    6.035  682.401
 811500.000    6.065  679.021
 812000.000    6.391  644.324
 812500.000    6.098  675.312
 813000.000    6.103  674.731
 813500.000    6.225  661.549
 814000.000    5.989  687.576
 814500.000    6.134  671.364
 815000.000    6.135  671.198
 815500.000    6.012  685.024
 816000.000    6.240  659.908
 816500.000    5.877  700.714
 817000.000    6.155  669.076
 817500.000    6.018  684.291
 818000.000    6.151  669.559
 818500.000    6.170  667.469
 819000.000    6.089  676.288
 819500.000    6.148  669.809
 820000.000    6.077  677.652
 820500.000    5.955  691.537
 821000.000    6.167  667.813
 821500.000    5.978  688.838
 822000.000    6.014  684.722
 822500.000    6.164  668.107
 823000.000    6.091  676.098
 823500.000    6.265  657.275
 824000.000    5.961  690.824
 824500.000    5.886  699.680
 825000.000    5.998  686.558
 825500.000    5.999  686.439
 826000.000    5.988  687.769
 826500.000    6.048  680.962
 827000.000    6.185  665.822
 827500.000    6.163  668.235
 828000.000    6.081  677.195
 828500.000    6.118  673.074
 829000.000    6.173  667.159
 829500.000    5.941  693.112
 830000.000    5.950  692.174
 830500.000    6.031  682.828
 831000.000    5.946  692.568
 831500.000    6.021  683.931
 832000.000    5.939  693.373
 832500.000    6.093  675.931
 833000.000    5.836  705.584
 833500.000    6.086  676.600
 834000.000    5.686  724.311
 834500.000    6.059  679.654
 835000.000    6.054  680.181
 835500.000    6.096  675.527
 836000.000    5.902  697.716
 836500.000    6.085  676.818
 837000.000    5.983  688.249
 837500.000    5.903  697.616
 838000.000    6.087  676.518
 838500.000    5.829  706.462
 839000.000    6.248  659.090
 839500.000    5.956  691.409
 840000.000    6.110  674.004
 840500.000    6.137  671.007
 841000.000    5.985  688.092
 841500.000    6.091  676.118
 842000.000    6.177  666.685
 842500.000    5.962  690.673
 843000.000    6.145  670.157
 843500.000    5.963  690.581
 844000.000    6.046  681.110
 844500.000    5.950  692.166
 845000.000    5.988  687.698
 845500.000    6.045  681.268
 846000.000    6.006  685.680
 846500.000    5.930  694.402
 847000.000    6.002  686.128
 847500.000    5.798  710.273
 848000.000    5.873  701.211
 848500.000    6.077  677.699
 849000.000    5.860  702.798
 849500.000    6.195  664.731
 850000.000    6.092  675.959
 850500.000    5.985  688.024
 851000.000    6.225  661.506
 851500.000    6.346  648.918
 852000.000    5.989  687.644
 852500.000    6.122  672.642
 853000.000    5.909  696.877
 853500.000    5.949  692.218
 854000.000    5.810  708.747
 854500.000    6.129  671.946
 855000.000    6.078  677.550
 855500.000    6.137  671.081
 856000.000    6.076  677.803
 856500.000    5.989  687.558
 857000.000    5.940  693.257
 857500.000    6.139  670.798
 858000.000    6.159  668.639
 858500.000    6.002  686.103
 859000.000    6.118  673.129
 859500.000    5.854  703.422
 860000.000    6.211  662.989
 860500.000    6.031  682.782
 861000.000    6.005  685.730
 861500.000    6.002  686.166
 862000.000    6.165  668.010
 862500.000    6.271  656.725
 863000.000    6.203  663.939
 863500.000    6.022  683.875
 864000.000    6.121  672.785
 864500.000    6.043  681.486
 865000.000    5.979  688.744
 865500.000    5.927  694.866
 866000.000    6.081  677.209
 866500.000    5.895  698.594
 867000.000    5.966  690.274
 867500.000    6.032  682.755
 868000.000    6.043  681.450
 868500.000    5.824  707.141
 869000.000    6.047  681.024
 869500.000    5.734  718.228
 870000.000    6.253  658.584
 870500.000    6.086  676.667
 871000.000    6.149  669.742
 871500.000    6.116  673.303
 872000.000    6.296  654.055
 872500.000    6.120  672.944
 873000.000    6.168  667.621
 873500.000    6.126  672.230
 874000.000    5.969  689.932
 874500.000    6.168  667.657
 875000.000    6.011  685.076
 875500.000    6.249  659.012
 876000.000    6.408  642.655
 876500.000    6.222  661.892
 877000.000    6.204  663.808
 877500.000    6.140  670.677
 878000.000    6.208  663.344
 878500.000    6.205  663.726
 879000.000    6.294  654.345
 879500.000    6.282  655.568
 880000.000    5.962  690.713
 880500.000    6.336  650.005
 881000.000    5.917  695.973
 881500.000    6.056  680.026
 882000.000    5.933  694.135
 882500.000    5.995  686.895
 883000.000    6.073  678.124
 883500.000    5.970  689.815
 884000.000    6.257  658.112
 884500.000    5.936  693.754
 885000.000    6.107  674.353
 885500.000    6.038  682.014
 886000.000    5.944  692.855
 886500.000    6.050  680.728
 887000.000    6.147  669.897
 887500.000    6.202  663.990
 888000.000    6.079  677.461
 888500.000    6.187  665.557
 889000.000    6.009  685.275
 889500.000    6.038  682.005
 890000.000    5.998  686.569
 890500.000    6.315  652.068
 891000.000    6.063  679.212
 891500.000    5.975  689.198
 892000.000    6.103  674.797
 892500.000    6.050  680.720
 893000.000    6.103  674.734
 893500.000    5.906  697.298
 894000.000    5.996  686.785
 894500.000    5.987  687.821
 895000.000    6.182  666.128
 895500.000    6.103  674.736
 896000.000    6.038  682.084
 896500.000    5.768  713.908
 897000.000    5.915  696.248
 897500.000    6.147  669.952
 898000.000    6.226  661.399
 898500.000    5.974  689.388
 899000.000    6.011  685.143
 899500.000    6.106  674.418
 900000.000    6.134  671.408
 900500.000    6.034  682.455
 901000.000    6.335  650.068
 901500.000    6.169  667.587
 902000.000    6.225  661.579
 902500.000    6.102  674.847
 903000.000    6.042  681.591
 903500.000    6.047  680.994
 904000.000    6.152  669.377
 904500.000    6.132  671.601
 905000.000    6.372  646.244
 905500.000    6.160  668.536
 906000.000    6.026  683.374
 906500.000    6.138  670.953
 907000.000    6.114  673.538
 907500.000    5.986  687.970
 908000.000    5.985  688.072
 908500.000    6.097  675.425
 909000.000    5.907  697.198
 909500.000    5.873  701.157
 910000.000    6.043  681.434
 910500.000    6.024  683.573
 911000.000    6.054  680.182
 911500.000    6.124  672.498
 912000.000    5.882  700.164
 912500.000    5.991  687.411
 913000.000    5.857  703.165
 913500.000    5.954  691.618
 914000.000    6.079  677.436
 914500.000    6.024  683.673
 915000.000    6.179  666.425
 915500.000    5.993  687.141
 916000.000    5.999  686.447
 916500.000    5.768  714.014
 917000.000    6.141  670.613
 917500.000    6.271  656.722
 918000.000    5.922  695.423
 918500.000    6.157  668.890
 919000.000    5.932  694.189
 919500.000    5.944  692.852
 920000.000    6.171  667.363
 920500.000    6.065  679.011
 921000.000    6.229  661.084
 921500.000    5.832  706.119
 922000.000    6.098  675.323
 922500.000    6.039  681.956
 923000.000    6.166  667.869
 923500.000    5.880  700.360
 924000.000    6.040  681.770
 924500.000    6.018  684.340
 925000.000    6.028  683.125
 925500.000    5.999  686.505
 926000.000    6.158  668.764
 926500.000    6.127  672.091
 927000.000    6.036  682.245
 927500.000    6.054  680.209
 928000.000    6.191  665.159
 928500.000    6.045  681.293
 929000.000    6.118  673.096
 929500.000    6.070  678.418
 930000.000    6.213  662.771
 930500.000    6.187  665.559
 931000.000    6.164  668.049
 931500.000    5.817  707.960
 932000.000    6.234  660.545
 932500.000    6.186  665.751
 933000.000    6.056  679.977
 933500.000    6.054  680.280
 934000.000    6.029  683.096
 934500.000    6.048  680.901
 935000.000    6.010  685.223
 935500.000    6.167  667.796
 936000.000    6.072  678.250
 936500.000    6.116  673.355
 937000.000    6.130  671.850
 937500.000    6.096  675.560
 938000.000    6.020  684.115
 938500.000    5.974  689.384
 939000.000    5.939  693.405
 939500.000    5.895  698.534
 940000.000    6.094  675.745
 940500.000    6.109  674.120
 941000.000    6.218  662.308
 941500.000    6.037  682.199
 942000.000    5.970  689.835
 942500.000    6.028  683.141
 943000.000    6.100  675.094
 943500.000    5.976  689.056
 944000.000    6.100  675.143
 944500.000    6.026  683.389
 945000.000    5.945  692.650
 945500.000    6.183  666.007
 946000.000    5.961  690.815
 946500.000    5.731  718.552
 947000.000    6.193  664.922
 947500.000    6.137  671.013
 948000.000    6.058  679.834
 948500.000    6.198  664.471
 949000.000    5.851  703.835
 949500.000    5.859  702.852
 950000.000    5.764  714.420
 950500.000    5.897  698.339
 951000.000    6.027  683.291
 951500.000    6.089  676.294
 952000.000    5.840  705.216
 952500.000    6.099  675.192
 953000.000    5.970  689.791
 953500.000    6.014  684.802
 954000.000    5.867  701.953
 954500.000    6.112  673.768
 955000.000    5.871  701.477
 955500.000    6.093  675.838
 956000.000    6.277  656.070
 956500.000    6.156  668.941
 957000.000    5.957  691.252
 957500.000    5.853  703.651
 958000.000    5.921  695.474
 958500.000    6.002  686.153
 959000.000    6.132  671.615
 959500.000    5.814  708.359
 960000.000    5.901  697.879
 960500.000    5.930  694.398
 961000.000    5.765  714.369
 961500.000    6.065  679.031
 962000.000    5.829  706.511
 962500.000    6.094  675.729
 963000.000    5.915  696.200
 963500.000    5.879  700.521
 964000.000    6.042  681.622
 964500.000    6.133  671.475
 965000.000    5.968  690.035
 965500.000    6.040  681.863
 966000.000    6.004  685.890
 966500.000    5.953  691.728
 967000.000    5.990  687.535
 967500.000    5.875  701.015
 968000.000    6.005  685.749
 968500.000    6.034  682.479
 969000.000    6.017  684.393
 969500.000    6.088  676.395
 970000.000    5.985  688.129
 970500.000    6.138  670.873
 971000.000    5.836  705.666
 971500.000    6.172  667.200
 972000.000    5.878  700.592
 972500.000    6.233  660.701
 973000.000    5.992  687.296
 973500.000    5.931  694.362
 974000.000    5.957  691.351
 974500.000    6.164  668.101
 975000.000    6.042  681.639
 975500.000    5.935  693.872
 976000.000    5.854  703.511
 976500.000    5.914  696.370
 977000.000    6.015  684.608
 977500.000    6.197  664.535
 978000.000    5.930  694.427
 978500.000    5.907  697.159
 979000.000    5.999  686.494
 979500.000    6.024  683.574
 980000.000    6.090  676.218
 980500.000    6.071  678.344
 981000.000    5.970  689.774
 981500.000    5.892  698.920
 982000.000    6.015  684.669
 982500.000    6.017  684.414
 983000.000    6.090  676.245
 983500.000    5.846  704.417
 984000.000    6.119  673.011
 984500.000    5.901  697.872
 985000.000    5.842  704.970
 985500.000    6.031  682.879
 986000.000    5.913  696.403
 986500.000    6.054  680.243
 987000.000    5.962  690.731
 987500.000    5.876  700.831
 988000.000    6.144  670.292
 988500.000    6.152  669.399
 989000.000    6.027  683.295
 989500.000    5.930  694.446
 990000.000    6.177  666.634
 990500.000    6.072  678.184
 991000.000    5.887  699.572
 991500.000    5.887  699.506
 992000.000    6.131  671.665
 992500.000    5.997  686.748
 993000.000    5.934  694.039
 993500.000    6.013  684.820
 994000.000    5.804  709.592
 994500.000    6.156  668.965
 995000.000    5.781  712.400
 995500.000    5.998  686.572
 996000.000    5.957  691.277
 996500.000    6.007  685.500
 997000.000    5.922  695.360
 997500.000    5.993  687.099
 998000.000    5.875  700.920
 998500.000    6.061  679.471
 999000.000    5.819  707.725
 999500.000    5.983  688.328
1000000.000    5.912  696.607
