 750000.000   25.827
 750500.000   27.426
 751000.000   25.745
 751500.000   26.926
 752000.000   26.651
 752500.000   25.903
 753000.000   27.187
 753500.000   26.910
 754000.000   26.450
 754500.000   26.149
 755000.000   25.666
 755500.000   25.836
 756000.000   25.954
 756500.000   27.030
 757000.000   25.881
 757500.000   25.834
 758000.000   26.273
 758500.000   25.722
 759000.000   25.696
 759500.000   25.241
 760000.000   25.176
 760500.000   26.326
 761000.000   25.723
 761500.000   25.647
 762000.000   25.650
 762500.000   26.753
 763000.000   26.478
 763500.000   26.123
 764000.000   25.000
 764500.000   25.384
 765000.000   25.621
 765500.000   26.482
 766000.000   24.993
 766500.000   25.289
 767000.000   27.250
 767500.000   25.206
 768000.000   26.389
 768500.000   25.582
 769000.000   25.520
 769500.000   25.678
 770000.000   25.481
 770500.000   26.124
 771000.000   25.575
 771500.000   24.758
 772000.000   26.947
 772500.000   27.383
 773000.000   25.934
 773500.000   27.113
 774000.000   26.756
 774500.000   25.966
 775000.000   25.428
 775500.000   26.089
 776000.000   26.541
 776500.000   25.834
 777000.000   26.436
 777500.000   25.309
 778000.000   25.738
 778500.000   25.371
 779000.000   24.599
 779500.000   26.239
 780000.000   26.785
 780500.000   26.574
 781000.000   26.009
 781500.000   26.310
 782000.000   26.249
 782500.000   26.477
 783000.000   27.002
 783500.000   25.773
 784000.000   24.899
 784500.000   26.528
 785000.000   25.812
 785500.000   26.363
 786000.000   26.043
 786500.000   24.452
 787000.000   24.584
 787500.000   25.547
 788000.000   24.762
 788500.000   25.250
 789000.000   25.578
 789500.000   25.419
 790000.000   25.796
 790500.000   26.282
 791000.000   26.188
 791500.000   26.393
 792000.000   25.585
 792500.000   27.211
 793000.000   27.691
 793500.000   27.528
 794000.000   25.983
 794500.000   25.741
 795000.000   26.952
 795500.000   27.194
 796000.000   26.557
 796500.000   26.577
 797000.000   27.074
 797500.000   25.732
 798000.000   25.860
 798500.000   25.734
 799000.000   25.849
 799500.000   26.609
 800000.000   25.997
 800500.000   26.850
 801000.000   25.487
 801500.000   26.042
 802000.000   26.659
 802500.000   26.082
 803000.000   25.048
 803500.000   25.485
 804000.000   26.407
 804500.000   25.547
 805000.000   25.460
 805500.000   24.757
 806000.000   25.746
 806500.000   25.022
 807000.000   24.646
 807500.000   25.765
 808000.000   25.360
 808500.000   26.074
 809000.000   25.649
 809500.000   26.602
 810000.000   25.376
 810500.000   25.129
 811000.000   26.558
 811500.000   26.381
 812000.000   25.425
 812500.000   25.862
 813000.000   25.395
 813500.000   25.506
 814000.000   26.267
 814500.000   26.719
 815000.000   25.046
 815500.000   25.337
 816000.000   25.792
 816500.000   26.295
 817000.000   26.202
 817500.000   25.388
 818000.000   26.129
 818500.000   26.782
 819000.000   27.059
 819500.000   27.148
 820000.000   24.792
 820500.000   25.553
 821000.000   26.347
 821500.000   26.060
 822000.000   25.919
 822500.000   27.036
 823000.000   25.395
 823500.000   25.705
 824000.000   27.335
 824500.000   26.840
 825000.000   27.455
 825500.000   27.267
 826000.000   27.296
 826500.000   26.376
 827000.000   26.004
 827500.000   26.842
 828000.000   28.212
 828500.000   27.854
 829000.000   26.837
 829500.000   26.672
 830000.000   28.473
 830500.000   27.295
 831000.000   26.955
 831500.000   26.980
 832000.000   27.565
 832500.000   27.535
 833000.000   27.172
 833500.000   27.035
 834000.000   27.193
 834500.000   27.642
 835000.000   27.762
 835500.000   27.617
 836000.000   27.325
 836500.000   26.311
 837000.000   27.823
 837500.000   27.014
 838000.000   26.931
 838500.000   28.300
 839000.000   27.326
 839500.000   27.122
 840000.000   26.378
 840500.000   26.063
 841000.000   26.471
 841500.000   27.063
 842000.000   27.603
 842500.000   26.602
 843000.000   27.817
 843500.000   26.958
 844000.000   26.976
 844500.000   28.230
 845000.000   28.926
 845500.000   28.913
 846000.000   27.647
 846500.000   28.574
 847000.000   27.545
 847500.000   29.350
 848000.000   26.383
 848500.000   26.202
 849000.000   26.120
 849500.000   25.609
 850000.000   26.885
 850500.000   26.190
 851000.000   25.663
 851500.000   25.747
 852000.000   25.470
 852500.000   26.242
 853000.000   26.663
 853500.000   26.318
 854000.000   26.773
 854500.000   25.616
 855000.000   25.225
 855500.000   25.364
 856000.000   26.917
 856500.000   25.567
 857000.000   25.822
 857500.000   25.488
 858000.000   26.525
 858500.000   26.089
 859000.000   27.045
 859500.000   26.694
 860000.000   27.785
 860500.000   27.340
 861000.000   26.192
 861500.000   28.210
 862000.000   27.950
 862500.000   27.011
 863000.000   27.220
 863500.000   27.394
 864000.000   26.489
 864500.000   25.604
 865000.000   27.152
 865500.000   27.253
 866000.000   26.813
 866500.000   25.985
 867000.000   27.751
 867500.000   26.249
 868000.000   27.466
 868500.000   26.510
 869000.000   27.542
 869500.000   27.013
 870000.000   26.697
 870500.000   26.311
 871000.000   25.740
 871500.000   25.733
 872000.000   25.268
 872500.000   26.328
 873000.000   25.937
 873500.000   26.691
 874000.000   27.573
 874500.000   26.142
 875000.000   27.286
 875500.000   27.273
 876000.000   27.602
 876500.000   26.721
 877000.000   27.298
 877500.000   27.172
 878000.000   27.217
 878500.000   26.557
 879000.000   26.909
 879500.000   27.917
 880000.000   26.740
 880500.000   27.627
 881000.000   26.872
 881500.000   27.685
 882000.000   27.482
 882500.000   27.546
 883000.000   26.553
 883500.000   26.300
 884000.000   27.614
 884500.000   28.084
 885000.000   27.823
 885500.000   27.634
 886000.000   27.389
 886500.000   25.702
 887000.000   26.367
 887500.000   26.366
 888000.000   26.598
 888500.000   26.574
 889000.000   26.810
 889500.000   26.657
 890000.000   26.494
 890500.000   27.043
 891000.000   27.408
 891500.000   27.035
 892000.000   26.998
 892500.000   26.294
 893000.000   27.043
 893500.000   26.144
 894000.000   25.429
 894500.000   25.339
 895000.000   25.880
 895500.000   26.888
 896000.000   26.901
 896500.000   26.731
 897000.000   28.708
 897500.000   27.316
 898000.000   27.288
 898500.000   27.482
 899000.000   26.394
 899500.000   26.860
 900000.000   27.001
 900500.000   26.725
 901000.000   26.929
 901500.000   26.051
 902000.000   26.685
 902500.000   26.363
 903000.000   27.335
 903500.000   27.407
 904000.000   26.484
 904500.000   25.814
 905000.000   26.396
 905500.000   26.437
 906000.000   25.525
 906500.000   25.917
 907000.000   26.276
 907500.000   26.764
 908000.000   26.328
 908500.000   26.373
 909000.000   26.735
 909500.000   26.033
 910000.000   25.926
 910500.000   25.471
 911000.000   26.546
 911500.000   27.409
 912000.000   28.433
 912500.000   27.062
 913000.000   27.231
 913500.000   27.090
 914000.000   26.867
 914500.000   26.880
 915000.000   27.652
 915500.000   28.408
 916000.000   27.712
 916500.000   27.972
 917000.000   28.300
 917500.000   28.045
 918000.000   27.932
 918500.000   27.601
 919000.000   29.424
 919500.000   28.209
 920000.000   27.821
 920500.000   27.913
 921000.000   28.340
 921500.000   26.214
 922000.000   26.290
 922500.000   26.373
 923000.000   26.635
 923500.000   27.068
 924000.000   26.642
 924500.000   27.274
 925000.000   28.290
 925500.000   28.784
 926000.000   27.521
 926500.000   26.571
 927000.000   28.268
 927500.000   28.123
 928000.000   27.666
 928500.000   27.926
 929000.000   28.656
 929500.000   27.606
 930000.000   27.978
 930500.000   28.419
 931000.000   28.132
 931500.000   29.400
 932000.000   28.889
 932500.000   28.956
 933000.000   27.646
 933500.000   27.604
 934000.000   27.964
 934500.000   28.313
 935000.000   27.967
 935500.000   27.978
 936000.000   28.167
 936500.000   27.333
 937000.000   28.241
 937500.000   27.858
 938000.000   28.599
 938500.000   27.500
 939000.000   28.674
 939500.000   27.560
 940000.000   27.672
 940500.000   27.157
 941000.000   27.903
 941500.000   27.589
 942000.000   28.629
 942500.000   28.735
 943000.000   28.940
 943500.000   28.628
 944000.000   28.613
 944500.000   29.003
 945000.000   29.573
 945500.000   28.895
 946000.000   29.878
 946500.000   29.800
 947000.000   29.553
 947500.000   29.784
 948000.000   29.596
 948500.000   29.153
 949000.000   29.625
 949500.000   29.489
 950000.000   29.712
 950500.000   28.915
 951000.000   28.450
 951500.000   28.568
 952000.000   29.245
 952500.000   28.531
 953000.000   29.474
 953500.000   29.478
 954000.000   29.405
 954500.000   29.817
 955000.000   29.320
 955500.000   28.319
 956000.000   29.213
 956500.000   29.696
 957000.000   28.191
 957500.000   28.102
 958000.000   27.587
 958500.000   28.603
 959000.000   28.357
 959500.000   29.125
 960000.000   27.924
 960500.000   27.940
 961000.000   28.246
 961500.000   28.858
 962000.000   29.889
 962500.000   29.747
 963000.000   28.121
 963500.000   28.586
 964000.000   28.839
 964500.000   30.507
 965000.000   28.658
 965500.000   27.953
 966000.000   28.018
 966500.000   28.428
 967000.000   28.923
 967500.000   29.391
 968000.000   29.241
 968500.000   27.305
 969000.000   27.928
 969500.000   29.017
 970000.000   27.713
 970500.000   28.223
 971000.000   27.779
 971500.000   28.279
 972000.000   27.895
 972500.000   27.741
 973000.000   27.271
 973500.000   27.400
 974000.000   28.702
 974500.000   27.532
 975000.000   27.654
 975500.000   27.156
 976000.000   26.738
 976500.000   27.591
 977000.000   28.364
 977500.000   28.201
 978000.000   27.975
 978500.000   27.548
 979000.000   26.764
 979500.000   27.251
 980000.000   27.763
 980500.000   28.611
 981000.000   28.359
 981500.000   27.049
 982000.000   27.443
 982500.000   27.013
 983000.000   28.110
 983500.000   28.539
 984000.000   28.384
 984500.000   28.112
 985000.000   27.910
 985500.000   27.699
 986000.000   28.230
 986500.000   27.505
 987000.000   27.306
 987500.000   28.049
 988000.000   27.170
 988500.000   27.770
 989000.000   28.313
 989500.000   28.463
 990000.000   28.010
 990500.000   27.183
 991000.000   26.365
 991500.000   27.723
 992000.000   27.621
 992500.000   26.885
 993000.000   28.132
 993500.000   27.359
 994000.000   27.376
 994500.000   28.093
 995000.000   27.216
 995500.000   28.486
 996000.000   27.646
 996500.000   27.431
 997000.000   28.392
 997500.000   28.984
 998000.000   29.226
 998500.000   28.115
 999000.000   28.595
 999500.000   28.021
1000000.000   27.596
