 750000.000    5.051
 750500.000    4.265
 751000.000    3.137
 751500.000    2.168
 752000.000    1.832
 752500.000    2.796
 753000.000    4.274
 753500.000    5.484
 754000.000   -0.780
 754500.000    2.003
 755000.000    1.220
 755500.000    1.852
 756000.000    4.104
 756500.000    3.050
 757000.000    3.753
 757500.000    1.754
 758000.000    3.742
 758500.000    0.269
 759000.000    3.146
 759500.000    1.231
 760000.000    3.582
 760500.000    3.483
 761000.000    0.530
 761500.000    2.200
 762000.000    2.455
 762500.000    4.627
 763000.000    2.102
 763500.000    4.523
 764000.000    2.627
 764500.000    3.421
 765000.000    0.358
 765500.000    4.879
 766000.000    3.683
 766500.000    3.147
 767000.000    2.265
 767500.000    0.727
 768000.000    1.664
 768500.000    3.671
 769000.000    2.720
 769500.000    2.109
 770000.000    3.761
 770500.000    2.620
 771000.000    4.022
 771500.000    3.160
 772000.000    2.700
 772500.000    2.963
 773000.000    5.935
 773500.000    5.756
 774000.000    2.789
 774500.000    4.106
 775000.000    2.649
 775500.000    4.374
 776000.000    5.575
 776500.000    1.478
 777000.000    3.586
 777500.000    4.375
 778000.000    4.551
 778500.000    5.069
 779000.000    4.988
 779500.000    1.568
 780000.000    1.641
 780500.000    6.026
 781000.000    2.626
 781500.000    3.832
 782000.000    5.144
 782500.000    1.224
 783000.000    1.749
 783500.000   -0.345
 784000.000    0.533
 784500.000    4.966
 785000.000    4.718
 785500.000    1.918
 786000.000    3.495
 786500.000    5.154
 787000.000    1.243
 787500.000    3.495
 788000.000    1.777
 788500.000    3.605
 789000.000    3.958
 789500.000    3.584
 790000.000    2.280
 790500.000    2.091
 791000.000    2.961
 791500.000    2.088
 792000.000    3.841
 792500.000    3.917
 793000.000    4.443
 793500.000    3.222
 794000.000    4.528
 794500.000    4.015
 795000.000    2.523
 795500.000   -0.437
 796000.000    2.091
 796500.000    2.249
 797000.000    5.218
 797500.000    3.225
 798000.000    0.974
 798500.000    4.020
 799000.000    3.662
 799500.000    1.312
 800000.000   -0.700
 800500.000    0.959
 801000.000    0.361
 801500.000    0.705
 802000.000    2.276
 802500.000    2.883
 803000.000    3.419
 803500.000    2.278
 804000.000    4.276
 804500.000    4.192
 805000.000    1.667
 805500.000    3.413
 806000.000    2.984
 806500.000    4.466
 807000.000    5.071
 807500.000    2.798
 808000.000    3.575
 808500.000    3.664
 809000.000    1.747
 809500.000    2.615
 810000.000    1.836
 810500.000    1.044
 811000.000    1.914
 811500.000    0.603
 812000.000    4.972
 812500.000    3.233
 813000.000    3.158
 813500.000    1.761
 814000.000    2.537
 814500.000    1.994
 815000.000    5.772
 815500.000    1.838
 816000.000    2.716
 816500.000    0.265
 817000.000    3.758
 817500.000    3.227
 818000.000    2.808
 818500.000    0.427
 819000.000    2.255
 819500.000    2.609
 820000.000   -0.411
 820500.000    1.504
 821000.000    4.274
 821500.000    2.698
 822000.000    1.403
 822500.000    3.224
 823000.000    2.189
 823500.000    3.412
 824000.000    2.784
 824500.000    1.288
 825000.000    4.079
 825500.000    5.129
 826000.000    1.389
 826500.000    4.863
 827000.000    0.347
 827500.000    4.787
 828000.000    3.990
 828500.000    4.255
 829000.000    3.818
 829500.000    2.099
 830000.000    2.858
 830500.000    4.702
 831000.000    0.439
 831500.000    1.722
 832000.000    2.079
 832500.000    5.477
 833000.000    1.121
 833500.000    2.347
 834000.000    0.155
 834500.000    2.950
 835000.000    4.594
 835500.000    2.175
 836000.000   -0.615
 836500.000    1.218
 837000.000    3.300
 837500.000    3.298
 838000.000    0.871
 838500.000    2.077
 839000.000    0.533
 839500.000    1.316
 840000.000    1.314
 840500.000   -1.468
 841000.000    1.497
 841500.000    1.659
 842000.000    2.349
 842500.000    3.841
 843000.000    4.084
 843500.000    0.709
 844000.000    4.620
 844500.000    2.430
 845000.000    5.734
 845500.000    4.957
 846000.000    3.818
 846500.000    5.222
 847000.000    4.439
 847500.000    3.557
 848000.000    4.448
 848500.000    2.542
 849000.000    2.276
 849500.000    3.321
 850000.000    4.263
 850500.000    1.836
 851000.000    4.977
 851500.000    4.899
 852000.000    2.624
 852500.000    1.241
 853000.000    3.224
 853500.000    2.528
 854000.000    2.512
 854500.000    6.971
 855000.000    3.057
 855500.000    3.067
 856000.000    2.171
 856500.000    1.399
 857000.000    6.725
 857500.000    0.716
 858000.000   -0.615
 858500.000    0.629
 859000.000    3.133
 859500.000    0.963
 860000.000    1.389
 860500.000    1.914
 861000.000   -2.001
 861500.000    1.128
 862000.000   -0.604
 862500.000    3.841
 863000.000    1.479
 863500.000    0.521
 864000.000    3.653
 864500.000    0.878
 865000.000    3.046
 865500.000    3.303
 866000.000    1.921
 866500.000    3.146
 867000.000    3.839
 867500.000    1.406
 868000.000    3.044
 868500.000    2.430
 869000.000    3.836
 869500.000    1.651
 870000.000    1.137
 870500.000    0.274
 871000.000    2.707
 871500.000    3.318
 872000.000   -0.334
 872500.000    2.968
 873000.000    0.446
 873500.000    4.010
 874000.000    2.255
 874500.000    3.493
 875000.000    3.126
 875500.000    3.919
 876000.000    2.948
 876500.000    0.881
 877000.000    5.820
 877500.000    2.952
 878000.000    3.394
 878500.000    1.406
 879000.000    4.342
 879500.000    5.128
 880000.000    4.352
 880500.000    2.881
 881000.000    4.794
 881500.000    0.173
 882000.000    3.564
 882500.000    2.082
 883000.000    2.530
 883500.000    2.366
 884000.000    1.653
 884500.000    3.665
 885000.000    2.180
 885500.000    3.743
 886000.000    3.552
 886500.000    4.194
 887000.000    5.231
 887500.000    1.320
 888000.000    5.310
 888500.000    4.352
 889000.000    0.784
 889500.000    0.959
 890000.000    3.138
 890500.000    2.862
 891000.000    3.562
 891500.000    3.314
 892000.000    4.276
 892500.000    0.090
 893000.000    2.352
 893500.000    2.354
 894000.000    3.495
 894500.000    4.979
 895000.000    1.501
 895500.000    3.319
 896000.000    6.004
 896500.000    2.707
 897000.000    4.333
 897500.000   -0.279
 898000.000    2.164
 898500.000    2.343
 899000.000    5.667
 899500.000    1.130
 900000.000    4.182
 900500.000    0.003
 901000.000    3.051
 901500.000    1.224
 902000.000    0.171
 902500.000    1.735
 903000.000    0.863
 903500.000    0.072
 904000.000    4.968
 904500.000    2.271
 905000.000    3.754
 905500.000    1.486
 906000.000    2.789
 906500.000    2.963
 907000.000    4.372
 907500.000    4.001
 908000.000   -0.523
 908500.000    1.479
 909000.000    2.091
 909500.000    2.519
 910000.000    4.098
 910500.000   -0.423
 911000.000    4.097
 911500.000    2.516
 912000.000    2.695
 912500.000    0.182
 913000.000    1.910
 913500.000    0.610
 914000.000    0.432
 914500.000    1.050
 915000.000    2.879
 915500.000    1.568
 916000.000    2.950
 916500.000    3.474
 917000.000    2.524
 917500.000    1.813
 918000.000    3.575
 918500.000    0.610
 919000.000    3.580
 919500.000    1.997
 920000.000    1.039
 920500.000    0.785
 921000.000    2.260
 921500.000   -0.508
 922000.000    1.744
 922500.000    0.874
 923000.000    4.187
 923500.000    1.742
 924000.000    1.231
 924500.000    1.552
 925000.000    0.940
 925500.000    1.303
 926000.000    2.352
 926500.000    0.100
 927000.000    0.530
 927500.000    0.881
 928000.000    1.222
 928500.000    1.399
 929000.000    1.649
 929500.000    1.650
 930000.000    0.445
 930500.000    0.264
 931000.000    2.524
 931500.000    1.557
 932000.000    1.570
 932500.000    3.394
 933000.000    0.530
 933500.000   -1.491
 934000.000    1.222
 934500.000    5.832
 935000.000   -0.434
 935500.000    0.519
 936000.000    1.224
 936500.000    1.573
 937000.000    0.251
 937500.000    0.959
 938000.000    2.184
 938500.000    1.323
 939000.000    2.090
 939500.000    3.062
 940000.000    2.006
 940500.000   -1.917
 941000.000    0.613
 941500.000    1.850
 942000.000    1.818
 942500.000    2.256
 943000.000    2.171
 943500.000    4.427
 944000.000    0.091
 944500.000   -0.166
 945000.000    1.829
 945500.000    2.006
 946000.000    2.357
 946500.000    1.823
 947000.000    1.399
 947500.000   -0.785
 948000.000    0.776
 948500.000   -0.609
 949000.000    1.394
 949500.000    2.258
 950000.000    2.448
 950500.000    2.359
 951000.000    0.532
 951500.000   -1.131
 952000.000    0.015
 952500.000   -0.333
 953000.000   -0.008
 953500.000    0.959
 954000.000    0.354
 954500.000   -0.881
 955000.000    0.347
 955500.000    1.231
 956000.000    1.126
 956500.000    1.822
 957000.000    1.220
 957500.000    3.236
 958000.000    1.062
 958500.000    0.776
 959000.000    0.443
 959500.000    0.700
 960000.000    0.700
 960500.000    0.887
 961000.000   -0.171
 961500.000    0.104
 962000.000   -1.048
 962500.000    1.373
 963000.000    0.099
 963500.000    3.499
 964000.000    0.436
 964500.000    1.999
 965000.000    1.122
 965500.000    2.617
 966000.000    0.257
 966500.000    1.481
 967000.000    4.957
 967500.000    2.090
 968000.000    0.961
 968500.000    2.015
 969000.000    2.798
 969500.000    4.973
 970000.000    3.231
 970500.000    2.271
 971000.000    1.138
 971500.000    2.968
 972000.000    0.539
 972500.000    0.819
 973000.000    1.760
 973500.000    3.060
 974000.000    1.126
 974500.000    2.459
 975000.000    1.064
 975500.000    0.972
 976000.000    1.657
 976500.000    0.189
 977000.000    3.930
 977500.000    1.900
 978000.000    0.961
 978500.000    1.575
 979000.000    4.109
 979500.000    2.439
 980000.000    1.312
 980500.000    3.474
 981000.000    3.573
 981500.000   -0.679
 982000.000    2.361
 982500.000   -2.682
 983000.000    4.267
 983500.000    1.396
 984000.000    1.037
 984500.000    1.486
 985000.000    3.069
 985500.000    1.831
 986000.000    1.642
 986500.000    2.109
 987000.000   -0.082
 987500.000    0.952
 988000.000   -0.693
 988500.000    2.615
 989000.000    0.517
 989500.000    3.752
 990000.000    1.836
 990500.000    2.019
 991000.000   -1.119
 991500.000    2.361
 992000.000   -1.649
 992500.000   -0.423
 993000.000    0.871
 993500.000    0.464
 994000.000    0.805
 994500.000    0.262
 995000.000    4.182
 995500.000    1.222
 996000.000    2.184
 996500.000   -0.618
 997000.000   -0.526
 997500.000    0.865
 998000.000    0.697
 998500.000    0.001
 999000.000    0.168
 999500.000    2.697
1000000.000    2.008
