 750000.000    0.187
 750500.000   -2.253
 751000.000    2.017
 751500.000    1.484
 752000.000    1.309
 752500.000    0.409
 753000.000   -2.098
 753500.000    1.240
 754000.000    0.956
 754500.000    0.354
 755000.000    0.517
 755500.000    1.667
 756000.000    2.531
 756500.000    0.966
 757000.000   -0.170
 757500.000   -1.633
 758000.000   -0.700
 758500.000    1.570
 759000.000    1.760
 759500.000    3.832
 760000.000    0.091
 760500.000   -1.044
 761000.000    2.975
 761500.000    2.961
 762000.000    1.145
 762500.000    0.086
 763000.000    2.434
 763500.000   -1.916
 764000.000    1.305
 764500.000   -0.794
 765000.000    0.439
 765500.000    0.865
 766000.000   -0.001
 766500.000   -1.660
 767000.000    1.312
 767500.000   -0.262
 768000.000   -0.171
 768500.000    0.877
 769000.000    0.004
 769500.000    0.613
 770000.000    3.133
 770500.000   -1.115
 771000.000   -2.531
 771500.000   -2.263
 772000.000   -1.220
 772500.000    3.997
 773000.000    2.975
 773500.000    1.410
 774000.000    0.528
 774500.000    1.999
 775000.000   -0.422
 775500.000    0.086
 776000.000    4.086
 776500.000    2.198
 777000.000    0.961
 777500.000    2.176
 778000.000    1.749
 778500.000   -0.625
 779000.000    0.443
 779500.000    2.703
 780000.000   -0.083
 780500.000    3.843
 781000.000    1.749
 781500.000   -1.459
 782000.000    3.305
 782500.000    2.100
 783000.000    1.823
 783500.000   -1.389
 784000.000    0.792
 784500.000   -0.171
 785000.000    3.321
 785500.000    1.406
 786000.000    3.829
 786500.000    1.751
 787000.000    1.928
 787500.000   -0.778
 788000.000   -1.656
 788500.000   -0.698
 789000.000   -0.957
 789500.000    1.557
 790000.000    1.044
 790500.000   -1.397
 791000.000    1.916
 791500.000    0.430
 792000.000    3.138
 792500.000    0.979
 793000.000   -2.338
 793500.000    3.232
 794000.000    1.227
 794500.000    0.773
 795000.000    2.184
 795500.000    0.535
 796000.000   -1.053
 796500.000    2.453
 797000.000   -0.001
 797500.000   -0.947
 798000.000    1.319
 798500.000    3.761
 799000.000    3.850
 799500.000    0.106
 800000.000   -0.070
 800500.000    0.982
 801000.000    3.937
 801500.000    1.829
 802000.000    1.672
 802500.000    1.225
 803000.000    3.578
 803500.000    0.439
 804000.000   -0.068
 804500.000   -0.072
 805000.000   -1.126
 805500.000    2.013
 806000.000   -0.423
 806500.000    0.629
 807000.000    3.245
 807500.000    0.975
 808000.000    0.088
 808500.000    0.104
 809000.000    1.334
 809500.000   -0.776
 810000.000    0.175
 810500.000    4.191
 811000.000    0.879
 811500.000   -0.166
 812000.000   -1.103
 812500.000    1.839
 813000.000   -1.997
 813500.000   -0.072
 814000.000    3.488
 814500.000    0.963
 815000.000    1.043
 815500.000   -2.512
 816000.000    0.271
 816500.000   -1.639
 817000.000   -0.588
 817500.000    2.709
 818000.000   -1.811
 818500.000    2.709
 819000.000    1.655
 819500.000    2.357
 820000.000    1.046
 820500.000    0.164
 821000.000   -2.615
 821500.000    1.050
 822000.000   -0.695
 822500.000    0.100
 823000.000    0.012
 823500.000    3.667
 824000.000    4.709
 824500.000    0.539
 825000.000   -2.081
 825500.000    3.129
 826000.000    2.095
 826500.000    3.914
 827000.000    2.695
 827500.000    1.140
 828000.000    0.874
 828500.000    3.128
 829000.000    1.834
 829500.000    2.184
 830000.000   -1.298
 830500.000    0.611
 831000.000    0.679
 831500.000   -0.333
 832000.000    0.180
 832500.000   -0.091
 833000.000    1.756
 833500.000    1.655
 834000.000    0.686
 834500.000    0.599
 835000.000    0.700
 835500.000   -0.782
 836000.000   -1.035
 836500.000    3.836
 837000.000    1.735
 837500.000   -1.571
 838000.000    1.925
 838500.000    0.523
 839000.000   -0.780
 839500.000    1.110
 840000.000    0.180
 840500.000    1.930
 841000.000   -1.231
 841500.000   -0.890
 842000.000    0.688
 842500.000   -0.596
 843000.000    3.394
 843500.000    0.776
 844000.000   -2.453
 844500.000    1.302
 845000.000    0.782
 845500.000   -1.923
 846000.000    1.229
 846500.000   -0.603
 847000.000    0.606
 847500.000   -1.495
 848000.000    0.088
 848500.000   -0.420
 849000.000    2.613
 849500.000    0.613
 850000.000   -1.752
 850500.000    0.938
 851000.000    1.733
 851500.000    2.356
 852000.000    1.665
 852500.000    2.263
 853000.000    2.775
 853500.000    0.249
 854000.000    0.957
 854500.000    2.789
 855000.000    1.294
 855500.000   -0.169
 856000.000   -1.319
 856500.000   -1.570
 857000.000   -3.756
 857500.000   -4.093
 858000.000    1.472
 858500.000    2.537
 859000.000   -2.184
 859500.000   -1.474
 860000.000   -2.342
 860500.000   -0.693
 861000.000   -3.371
 861500.000   -1.747
 862000.000   -1.646
 862500.000    1.318
 863000.000    2.446
 863500.000   -1.218
 864000.000   -0.088
 864500.000   -2.533
 865000.000    0.430
 865500.000   -2.347
 866000.000   -0.352
 866500.000   -2.961
 867000.000   -0.938
 867500.000   -0.512
 868000.000    0.175
 868500.000    1.500
 869000.000   -2.175
 869500.000    0.088
 870000.000   -2.443
 870500.000   -0.870
 871000.000    0.514
 871500.000   -2.791
 872000.000   -2.429
 872500.000   -1.213
 873000.000    0.872
 873500.000   -0.599
 874000.000   -0.178
 874500.000   -1.392
 875000.000    1.128
 875500.000   -1.035
 876000.000   -0.237
 876500.000   -0.271
 877000.000   -1.135
 877500.000    2.627
 878000.000   -2.436
 878500.000   -0.957
 879000.000    0.001
 879500.000   -3.032
 880000.000    0.001
 880500.000   -0.271
 881000.000   -2.695
 881500.000   -1.296
 882000.000   -2.523
 882500.000   -0.178
 883000.000   -2.785
 883500.000   -0.791
 884000.000    0.785
 884500.000   -1.390
 885000.000    0.948
 885500.000   -1.114
 886000.000   -0.258
 886500.000    3.491
 887000.000   -1.021
 887500.000    3.926
 888000.000    0.796
 888500.000   -2.773
 889000.000   -0.776
 889500.000   -0.074
 890000.000    1.845
 890500.000    2.627
 891000.000   -1.541
 891500.000   -1.220
 892000.000    2.189
 892500.000    1.138
 893000.000    0.858
 893500.000    0.356
 894000.000    2.003
 894500.000   -0.462
 895000.000    1.754
 895500.000    2.528
 896000.000   -0.420
 896500.000    0.773
 897000.000   -1.373
 897500.000   -2.698
 898000.000    2.885
 898500.000    2.184
 899000.000    0.693
 899500.000    1.566
 900000.000    0.441
 900500.000    2.086
 901000.000   -1.048
 901500.000    2.611
 902000.000   -1.651
 902500.000   -3.917
 903000.000   -0.517
 903500.000    0.886
 904000.000   -0.599
 904500.000   -2.088
 905000.000   -2.688
 905500.000    1.214
 906000.000   -2.784
 906500.000   -0.954
 907000.000   -2.439
 907500.000   -2.452
 908000.000   -2.336
 908500.000   -2.595
 909000.000   -3.545
 909500.000   -1.479
 910000.000   -1.760
 910500.000   -1.728
 911000.000   -1.041
 911500.000   -0.872
 912000.000   -1.130
 912500.000   -1.675
 913000.000   -3.486
 913500.000   -0.177
 914000.000    0.702
 914500.000   -2.959
 915000.000   -2.771
 915500.000   -1.923
 916000.000   -0.163
 916500.000   -0.517
 917000.000    0.955
 917500.000   -2.611
 918000.000   -0.173
 918500.000   -1.316
 919000.000   -4.019
 919500.000   -2.535
 920000.000   -5.216
 920500.000   -0.333
 921000.000   -2.106
 921500.000   -3.305
 922000.000   -1.994
 922500.000   -3.570
 923000.000   -3.667
 923500.000   -2.604
 924000.000   -1.380
 924500.000   -3.552
 925000.000   -2.083
 925500.000   -2.705
 926000.000    0.350
 926500.000   -1.829
 927000.000    0.003
 927500.000   -3.300
 928000.000   -4.970
 928500.000   -3.820
 929000.000   -2.862
 929500.000    0.354
 930000.000   -1.901
 930500.000   -3.206
 931000.000   -5.060
 931500.000   -2.083
 932000.000   -3.483
 932500.000   -6.010
 933000.000   -2.432
 933500.000   -5.050
 934000.000   -2.258
 934500.000   -4.347
 935000.000   -0.242
 935500.000    0.271
 936000.000   -2.510
 936500.000   -1.495
 937000.000   -0.697
 937500.000   -3.392
 938000.000   -2.869
 938500.000    0.439
 939000.000   -3.046
 939500.000   -1.036
 940000.000   -3.135
 940500.000   -2.264
 941000.000   -0.949
 941500.000   -1.394
 942000.000   -1.650
 942500.000   -2.863
 943000.000   -3.559
 943500.000    2.263
 944000.000   -3.222
 944500.000   -1.563
 945000.000   -1.825
 945500.000   -3.396
 946000.000   -1.751
 946500.000   -1.666
 947000.000    2.071
 947500.000   -1.201
 948000.000   -1.119
 948500.000   -1.485
 949000.000   -2.436
 949500.000   -1.036
 950000.000   -2.963
 950500.000   -0.434
 951000.000   -1.996
 951500.000   -2.700
 952000.000   -1.822
 952500.000   -2.432
 953000.000   -2.617
 953500.000   -1.135
 954000.000   -3.587
 954500.000   -1.566
 955000.000   -1.659
 955500.000   -4.012
 956000.000   -2.876
 956500.000   -4.521
 957000.000   -1.726
 957500.000   -4.178
 958000.000    0.620
 958500.000   -2.615
 959000.000   -2.347
 959500.000   -4.970
 960000.000   -1.327
 960500.000   -1.259
 961000.000   -0.695
 961500.000   -3.215
 962000.000   -0.345
 962500.000   -2.784
 963000.000   -3.044
 963500.000   -3.062
 964000.000   -2.436
 964500.000   -0.963
 965000.000   -2.789
 965500.000   -0.512
 966000.000   -0.166
 966500.000   -4.090
 967000.000   -0.945
 967500.000   -0.787
 968000.000   -3.655
 968500.000   -1.034
 969000.000   -2.626
 969500.000   -3.490
 970000.000   -0.624
 970500.000   -3.234
 971000.000   -4.100
 971500.000   -4.542
 972000.000   -1.488
 972500.000   -3.905
 973000.000   -2.784
 973500.000   -0.159
 974000.000   -0.168
 974500.000   -0.512
 975000.000    0.700
 975500.000   -3.112
 976000.000   -1.831
 976500.000   -0.856
 977000.000   -4.606
 977500.000   -0.615
 978000.000   -2.531
 978500.000    0.182
 979000.000   -1.570
 979500.000   -1.902
 980000.000   -2.178
 980500.000   -2.879
 981000.000   -2.517
 981500.000   -0.340
 982000.000    0.345
 982500.000   -1.745
 983000.000    0.152
 983500.000    0.716
 984000.000   -0.872
 984500.000   -2.083
 985000.000    2.350
 985500.000   -0.001
 986000.000    1.653
 986500.000    1.243
 987000.000    3.392
 987500.000   -0.709
 988000.000    1.392
 988500.000    2.538
 989000.000   -2.343
 989500.000   -4.436
 990000.000    1.663
 990500.000   -2.432
 991000.000   -1.985
 991500.000    0.531
 992000.000    0.794
 992500.000   -1.793
 993000.000   -1.218
 993500.000   -0.778
 994000.000    1.034
 994500.000   -0.351
 995000.000    2.102
 995500.000   -1.405
 996000.000    1.214
 996500.000   -3.564
 997000.000   -4.254
 997500.000   -1.305
 998000.000    0.109
 998500.000    0.276
 999000.000    1.151
 999500.000   -0.684
1000000.000   -1.227
