25.928 30.077 -78.786
25.303 25.056 -68.698
26.041 27.884 -79.9215
31.472 36.371 -84.043
30.707 31.125 -83.8965
29.467 30.822 -74.8145
24.49 27.478 -69.14
28.625 28.285 -74.097
27.061 30.164 -73.803
27.283 28.797 -68.3995
28.395 30.874 -76.299
32.894 32.708 -80.318
33.981 34.24 -97.247
29.672 34.282 -85.133
32.405 40.786 -97.077
26.546 30.898 -68.436
29.354 36.774 -85.084
20.642 23.037 -70.584
29.132 31.689 -82.6345
41.726 45.197 -120.27
35.798 38.591 -96.571
32.898 32.781 -88.671
30.796 32.725 -81.251
32.567 34.848 -92.029
24.015 26.197 -65.861
24.71 26.583 -78.097
21.974 21.299 -65.006
24.112 22.57 -57.7025
19.774 23.05 -62.481
14.167 16.231 -45.3915
23.348 24.771 -62.058
24.399 29.872 -68.334
23.49 26.791 -70.4585
23.153 28.771 -59.9695
32.135 37.922 -91.659
30.093 33.393 -72.789
26.385 27.152 -67.4045
32.637 33.532 -77.147
24.41 25.027 -64.586
22.684 22.088 -59.1325
17.893 23.53 -49.518
24.888 27.889 -69.202
29.683 31.898 -81.705
31.875 34.614 -81.514
34.536 39.567 -95.0185
35.432 42.766 -99.136
31.605 36.204 -78.5115
20.39 24.413 -53.777
32.991 36.838 -93.607
31.226 30.695 -78.141
31.635 31.612 -84.649
35.979 37.86 -90.614
32.84 35.469 -84.533
41.443 34.851 -100.574
40.467 40.452 -100.904
31.936 31.253 -84.999
37.76 35.007 -89.901
34.424 34.96 -89.218
35.597 35.383 -91.263
43.515 48.069 -110.406
38.726 35.961 -93.997
37.301 40.443 -100.59
42.094 43.114 -109.6665
46.474 50.259 -110.4295
43.631 46.882 -115.089
39.479 42.975 -100.1725
38.931 36.666 -88.0125
29.518 26.467 -59.547
35.974 34.606 -82.7975
32.033 32.226 -70.6925
35.712 35.11 -85.4425
32.718 35.723 -76.187
29.888 28.647 -72.728
31.229 32.061 -71.126
30.444 36.266 -70.6575
22.144 25.7 -63.044
22.801 21.761 -55.63
23.375 24.77 -60.644
23.95 28.21 -65.245
27.535 29.254 -73.866
36.617 44.908 -96.856
25.209 28.677 -71.833
26.36 32.37 -71.915
28.714 31.848 -73.127
26.501 33.458 -73.996
28.042 33.668 -82.59
28.635 34.794 -74.522
31.046 32.149 -79.472
29.65 31.35 -74.82
29.368 31.441 -77.982
32.863 35.561 -86.359
24.811 29.684 -71.734
36.378 38.377 -89.8275
34.617 38.706 -90.043
34.943 36.047 -92.003
26.807 29.887 -59.5115
29.981 27.725 -75.1405
29.681 28.264 -77.2975
38.536 41.179 -83.914
35.72 31.259 -81.839
25.488 27.741 -68.293
