59.231 63.194 -144.3045
55.834 56.911 -131.1875
61.964 61.905 -141.9485
65.693 67.389 -150.2075
63.054 59.541 -141.367
62.054 59.341 -139.878
60.757 58.353 -135.6715
61.742 62.035 -132.4225
68.172 67.501 -146.9075
70.335 64.364 -164.054
63.193 67.432 -148.495
61.912 61.785 -146.3045
62.345 60.166 -142.4575
53.753 52.993 -127.0935
60.414 56.596 -142.031
64.93 60.81 -147.903
62.622 57.207 -138.3385
52.602 52.96 -126.764
54.258 51.521 -125.192
54.775 43.689 -109.665
44.592 43.692 -111.7845
43.2 45.133 -99.713
44.191 39.779 -99.332
46.829 46.322 -109.4565
44.805 41.774 -104.752
42.461 40.659 -102.9995
49.404 47.866 -109.554
45.583 44.01 -108.2715
43.472 44.553 -114.573
55.019 55.277 -127.5315
51.646 48.298 -119.925
50.156 46.943 -128.7695
48.145 47.768 -121.943
45.182 43.924 -114.207
46.938 45.997 -120.1925
49.303 49.541 -113.865
55.166 51.786 -130.1775
41.935 44.249 -110.488
54.056 59.1 -134.3385
50.123 49.017 -125.7105
52.319 54.752 -125.9725
50.988 57.323 -129.1155
54.573 58.039 -141.7045
55.312 65.641 -138.1825
55.73 62.341 -136.004
50.794 60.043 -127.8635
54.559 57.995 -131.4415
49.937 56.513 -128.226
43.343 49.614 -112.262
43.365 49.261 -110.7995
41.034 45.07 -105.205
33.422 35.195 -88.623
36.547 42.508 -104.9715
37.261 43.601 -99.4415
35.707 35.096 -82.9495
43.049 41.789 -104.6735
37.762 39.233 -97.812
38.469 40.972 -104.0435
41.222 46.54 -109.58
45.88 50.217 -113.792
44.569 40.463 -101.0305
39.854 42.111 -103.2745
36.123 34.293 -87.9015
42.297 45.278 -107.344
43.137 41.021 -101.922
34.978 34.083 -86.5055
43.34 42.561 -105.014
34.88 31.24 -85.509
40.888 39.692 -109.022
40.636 38.424 -103.3005
49.72 49.339 -123.023
43.856 42.378 -109.7895
45.631 45.061 -111.205
45.373 41.459 -104.993
52.74 56.782 -124.472
49.795 49.927 -109.246
45.148 38.162 -97.697
46.005 47.208 -111.2505
51.949 55.283 -116.614
49.681 49.529 -121.56
46.725 49.129 -106.2885
49.037 49.255 -121.877
58.232 56.374 -132.482
54.573 54.232 -130.775
52.034 50.209 -132.712
40.783 41.186 -101.7755
49.711 53.007 -128.431
46.743 43.501 -112.293
39.549 42.893 -102.931
43.91 46.852 -115.767
39.507 40.797 -95.6855
35.524 42.785 -95.487
40.507 41.815 -99.4955
34.819 39.623 -84.0595
39.526 41.069 -94.9645
39.329 41.983 -91.231
35.91 43.69 -98.104
40.659 44.681 -105.789
37.447 42.125 -95.0185
33.297 33.145 -81.646
46.42 46.1 -109.3205
