33.274 33.434 -72.042
29.683 29.734 -71.402
33.863 33.552 -76.94
32.187 34.207 -64.958
33.485 32.349 -70.185
34.064 39.723 -83.902
35.549 37.147 -83.877
29.444 30.713 -75.906
30.964 33.595 -67.9615
31.121 32.487 -62.8795
30.297 34.555 -64.914
36.596 38.166 -85.435
34.191 41.137 -80.6025
42.245 48.864 -99.0605
44.146 39.834 -88.38
31.701 35.244 -60.9265
42.24 40.537 -81.199
37.242 31.726 -79.9425
32.842 33.041 -80.271
37.616 34.532 -90.863
35.592 35.01 -86.543
37.752 35.664 -86.1295
41.31 38.171 -96.5135
36.146 35.834 -81.714
28.172 28.563 -69.5485
32.638 32.894 -67.672
37.0 34.022 -84.341
39.491 38.036 -93.934
44.061 47.602 -96.515
37.791 38.375 -85.4135
40.631 37.318 -92.051
44.337 43.476 -100.666
48.184 42.735 -108.402
38.733 40.806 -93.33
37.089 37.738 -87.5
41.32 40.504 -94.927
37.766 42.687 -96.918
40.021 41.733 -94.838
41.908 46.512 -101.537
41.887 42.025 -97.054
35.335 40.605 -84.1235
34.384 38.682 -77.641
41.137 48.536 -93.171
39.925 43.158 -93.194
43.789 46.604 -115.684
36.549 36.465 -85.656
34.341 38.865 -80.237
41.933 41.925 -93.95
41.412 46.168 -95.05
40.21 45.09 -100.918
37.55 43.867 -95.355
30.356 37.792 -83.395
32.378 36.378 -91.0835
34.52 39.412 -87.504
31.19 38.836 -81.642
29.174 34.427 -67.585
30.723 36.567 -78.136
36.554 39.654 -86.603
31.359 36.378 -76.159
35.418 43.285 -86.689
31.861 39.489 -83.97
38.964 43.056 -92.71
39.213 43.844 -87.6195
39.726 48.051 -90.0535
40.326 45.741 -90.7395
40.064 45.352 -101.817
43.504 43.87 -97.4445
37.439 43.193 -97.4445
45.29 55.344 -116.806
43.858 46.383 -101.657
39.232 41.088 -95.7505
38.432 39.875 -82.799
35.931 38.641 -85.7155
36.483 41.98 -94.406
42.308 43.937 -93.813
37.289 42.571 -95.046
43.228 48.005 -102.497
42.06 46.1 -92.9115
33.582 36.99 -80.062
37.444 46.16 -99.582
39.808 43.716 -89.004
41.472 47.256 -95.319
43.872 44.965 -99.042
35.156 41.667 -91.211
35.091 36.231 -86.374
34.784 36.487 -83.6065
35.425 38.949 -81.606
40.304 42.874 -98.749
42.149 39.349 -79.6935
42.906 48.723 -90.0095
42.683 49.243 -100.327
44.106 48.141 -102.591
47.613 48.399 -105.197
42.159 45.52 -90.841
44.95 49.945 -104.656
48.639 50.136 -115.013
45.656 51.838 -109.222
45.909 50.252 -99.657
47.624 52.092 -95.896
46.125 49.666 -106.1805
48.702 56.677 -108.3495
