 750000.000 0.871235 0.566837 0.755475 0.791237
 750500.000 0.857256 0.568716 0.746939 0.767086
 751000.000 0.873367 0.560929 0.767402 0.788664
 751500.000 0.867218 0.563440 0.755657 0.784636
 752000.000 0.860493 0.567490 0.749700 0.772528
 752500.000 0.874567 0.570849 0.758434 0.792872
 753000.000 0.872811 0.576686 0.749364 0.793400
 753500.000 0.864972 0.592422 0.743646 0.769661
 754000.000 0.870724 0.579859 0.759332 0.776853
 754500.000 0.850146 0.570644 0.739924 0.756553
 755000.000 0.866850 0.580248 0.759476 0.767701
 755500.000 0.861690 0.571116 0.759442 0.762951
 756000.000 0.850622 0.567466 0.737105 0.762742
 756500.000 0.884208 0.560752 0.778543 0.801919
 757000.000 0.855808 0.564248 0.741978 0.771952
 757500.000 0.878551 0.571084 0.768379 0.791935
 758000.000 0.868034 0.568318 0.757861 0.780785
 758500.000 0.857859 0.548801 0.752943 0.777007
 759000.000 0.883536 0.581982 0.772217 0.791360
 759500.000 0.871349 0.589292 0.757032 0.773392
 760000.000 0.866074 0.567728 0.763498 0.771314
 760500.000 0.864246 0.563902 0.759568 0.773895
 761000.000 0.871427 0.585057 0.761063 0.772826
 761500.000 0.849248 0.579324 0.739855 0.747958
 762000.000 0.858941 0.582885 0.752195 0.754987
 762500.000 0.841561 0.578064 0.736418 0.734834
 763000.000 0.850379 0.598731 0.745412 0.729500
 763500.000 0.862341 0.572144 0.758626 0.764461
 764000.000 0.863276 0.608251 0.753007 0.743977
 764500.000 0.865150 0.591396 0.761683 0.753033
 765000.000 0.856282 0.575456 0.747700 0.759100
 765500.000 0.865167 0.558626 0.773852 0.765584
 766000.000 0.868296 0.581311 0.767230 0.762437
 766500.000 0.877437 0.571937 0.778489 0.778866
 767000.000 0.870072 0.554628 0.775647 0.777695
 767500.000 0.883396 0.573014 0.786445 0.783543
 768000.000 0.868953 0.584037 0.768344 0.760728
 768500.000 0.876693 0.582257 0.782745 0.765158
 769000.000 0.874895 0.610728 0.767881 0.753825
 769500.000 0.875050 0.590441 0.776581 0.761397
 770000.000 0.854326 0.591317 0.743108 0.746915
 770500.000 0.874204 0.583189 0.777981 0.763611
 771000.000 0.862492 0.595541 0.758876 0.746475
 771500.000 0.865180 0.595889 0.760326 0.750929
 772000.000 0.870696 0.577741 0.763851 0.773932
 772500.000 0.850316 0.585231 0.745508 0.740134
 773000.000 0.884393 0.558840 0.787958 0.794433
 773500.000 0.849635 0.579870 0.729788 0.758235
 774000.000 0.859961 0.580127 0.741461 0.769905
 774500.000 0.862506 0.561221 0.751909 0.779420
 775000.000 0.859990 0.548193 0.751356 0.783654
 775500.000 0.864809 0.558892 0.755198 0.783009
 776000.000 0.882914 0.569717 0.774811 0.796345
 776500.000 0.858505 0.578828 0.738832 0.770159
 777000.000 0.878079 0.573221 0.773295 0.784525
 777500.000 0.868362 0.589092 0.758079 0.765762
 778000.000 0.866884 0.583030 0.755349 0.769739
 778500.000 0.838044 0.577311 0.721415 0.742230
 779000.000 0.864751 0.578720 0.753382 0.770123
 779500.000 0.845775 0.580648 0.730311 0.748442
 780000.000 0.861927 0.590637 0.750895 0.757060
 780500.000 0.864739 0.572227 0.749651 0.778542
 781000.000 0.855193 0.578548 0.736707 0.765019
 781500.000 0.860269 0.568563 0.749776 0.771167
 782000.000 0.862767 0.566523 0.754600 0.773540
 782500.000 0.847327 0.583150 0.728990 0.751289
 783000.000 0.852899 0.584618 0.735625 0.756276
 783500.000 0.862792 0.586632 0.746838 0.766105
 784000.000 0.847703 0.568714 0.733266 0.759002
 784500.000 0.856557 0.585152 0.739692 0.760153
 785000.000 0.853228 0.573195 0.744900 0.756681
 785500.000 0.886149 0.584662 0.769664 0.797690
 786000.000 0.861177 0.587876 0.745998 0.762326
 786500.000 0.873709 0.583823 0.765611 0.774420
 787000.000 0.866995 0.602131 0.754706 0.755791
 787500.000 0.843581 0.594234 0.728543 0.734419
 788000.000 0.870609 0.578084 0.772475 0.764867
 788500.000 0.867657 0.573050 0.764959 0.769487
 789000.000 0.838530 0.573829 0.744554 0.722929
 789500.000 0.864891 0.569905 0.765913 0.764631
 790000.000 0.860478 0.582779 0.744146 0.766458
 790500.000 0.859144 0.572738 0.756282 0.759122
 791000.000 0.864724 0.607297 0.754383 0.746719
 791500.000 0.859243 0.578292 0.765400 0.745880
 792000.000 0.869453 0.585605 0.774119 0.754787
 792500.000 0.872389 0.595512 0.760638 0.767411
 793000.000 0.878226 0.568038 0.782036 0.779947
 793500.000 0.863087 0.586327 0.754592 0.759375
 794000.000 0.885996 0.592940 0.789046 0.771885
 794500.000 0.865066 0.593269 0.756211 0.756872
 795000.000 0.874109 0.585447 0.775047 0.764649
 795500.000 0.869609 0.573731 0.771225 0.767128
 796000.000 0.882780 0.567991 0.787714 0.784533
 796500.000 0.879125 0.575291 0.780122 0.778572
 797000.000 0.893395 0.580603 0.808944 0.777702
 797500.000 0.864361 0.587090 0.750241 0.765965
 798000.000 0.873733 0.553799 0.779245 0.782882
 798500.000 0.877859 0.559410 0.785156 0.782217
 799000.000 0.874667 0.554970 0.785763 0.777605
 799500.000 0.877723 0.566547 0.780736 0.781198
 800000.000 0.872063 0.562988 0.775415 0.776378
 800500.000 0.874973 0.567071 0.774493 0.780863
 801000.000 0.864903 0.553482 0.773159 0.769414
 801500.000 0.875628 0.578268 0.773018 0.775561
 802000.000 0.868690 0.556278 0.771101 0.777947
 802500.000 0.870491 0.570990 0.779343 0.762958
 803000.000 0.859523 0.582716 0.758650 0.749967
 803500.000 0.878932 0.583622 0.774373 0.777672
 804000.000 0.863040 0.581281 0.760591 0.757160
 804500.000 0.854452 0.574984 0.747083 0.755935
 805000.000 0.868946 0.567329 0.763204 0.778328
 805500.000 0.863772 0.576688 0.756760 0.766126
 806000.000 0.883084 0.587911 0.788431 0.769682
 806500.000 0.881178 0.594211 0.778695 0.770388
 807000.000 0.875290 0.567077 0.780429 0.775640
 807500.000 0.887820 0.570857 0.803232 0.778069
 808000.000 0.861502 0.574042 0.758732 0.761035
 808500.000 0.868028 0.566099 0.773024 0.767405
 809000.000 0.872456 0.582646 0.769670 0.768434
 809500.000 0.875985 0.585227 0.778819 0.765277
 810000.000 0.866283 0.603157 0.765508 0.742355
 810500.000 0.867910 0.576229 0.768009 0.764629
 811000.000 0.865518 0.580641 0.769400 0.754402
 811500.000 0.896494 0.576787 0.799608 0.797088
 812000.000 0.909736 0.567127 0.818824 0.814330
 812500.000 0.900296 0.602785 0.793585 0.792425
 813000.000 0.895993 0.555745 0.807757 0.802671
 813500.000 0.896905 0.598480 0.790415 0.791165
 814000.000 0.889759 0.578424 0.790777 0.789583
 814500.000 0.880399 0.575134 0.780235 0.781447
 815000.000 0.853731 0.591425 0.746213 0.742358
 815500.000 0.862186 0.594358 0.752227 0.753408
 816000.000 0.851817 0.584763 0.735766 0.753582
 816500.000 0.809914 0.598133 0.690777 0.690641
 817000.000 0.798356 0.614699 0.671282 0.668035
 817500.000 0.816730 0.631124 0.691495 0.676469
 818000.000 0.833004 0.598619 0.725392 0.709404
 818500.000 0.813777 0.604232 0.716490 0.667842
 819000.000 0.819460 0.571382 0.731102 0.694293
 819500.000 0.821219 0.602727 0.708964 0.694906
 820000.000 0.799927 0.575336 0.698536 0.678825
 820500.000 0.787535 0.587453 0.681436 0.656482
 821000.000 0.854151 0.594631 0.764784 0.721572
 821500.000 0.809707 0.615775 0.696007 0.669064
 822000.000 0.792436 0.573863 0.676511 0.684779
 822500.000 0.798538 0.587459 0.690538 0.673331
 823000.000 0.819357 0.605238 0.710774 0.686425
 823500.000 0.826669 0.590990 0.731111 0.694962
 824000.000 0.850911 0.629097 0.752136 0.697587
 824500.000 0.840107 0.618865 0.740634 0.692840
 825000.000 0.825609 0.608066 0.724584 0.684467
 825500.000 0.820945 0.617326 0.711951 0.678186
 826000.000 0.850614 0.651276 0.732702 0.697191
 826500.000 0.835892 0.633627 0.725641 0.685122
 827000.000 0.875258 0.652769 0.776575 0.709210
 827500.000 0.872294 0.644919 0.759114 0.727749
 828000.000 0.871197 0.666039 0.749107 0.716379
 828500.000 0.879572 0.698340 0.736366 0.719291
 829000.000 0.869729 0.670112 0.750436 0.707567
 829500.000 0.853714 0.649881 0.742739 0.695448
 830000.000 0.864127 0.636761 0.756682 0.717911
 830500.000 0.879000 0.662529 0.749465 0.737998
 831000.000 0.902312 0.693941 0.743183 0.771012
 831500.000 0.940850 0.730444 0.765221 0.807022
 832000.000 0.919084 0.706502 0.750454 0.791900
 832500.000 0.879542 0.641453 0.739258 0.767610
 833000.000 0.892318 0.671321 0.777785 0.732695
 833500.000 0.858346 0.682511 0.718741 0.700787
 834000.000 0.892531 0.726086 0.751886 0.707595
 834500.000 0.880162 0.679791 0.756934 0.717151
 835000.000 0.940120 0.687948 0.816273 0.792513
 835500.000 0.923106 0.667186 0.792728 0.794163
 836000.000 0.936162 0.629678 0.833150 0.813736
 836500.000 0.910188 0.627050 0.810425 0.779042
 837000.000 0.930241 0.601452 0.845651 0.808594
 837500.000 0.868783 0.589063 0.758934 0.765894
 838000.000 0.989183 0.730456 0.842761 0.844484
 838500.000 0.969929 0.793925 0.724689 0.852075
 839000.000 0.985540 0.771847 0.731779 0.900739
 839500.000 0.964402 0.775240 0.726160 0.855475
 840000.000 0.961978 0.768162 0.721875 0.860016
 840500.000 0.960912 0.787541 0.718693 0.842593
 841000.000 0.961315 0.783590 0.707289 0.856726
 841500.000 0.944032 0.759089 0.706333 0.840994
 842000.000 0.961824 0.757392 0.720608 0.870226
 842500.000 0.967084 0.763591 0.737269 0.862476
 843000.000 0.950827 0.706684 0.760908 0.854259
 843500.000 0.946086 0.723588 0.741606 0.846522
 844000.000 0.961823 0.718509 0.763902 0.866259
 844500.000 0.952811 0.684099 0.783265 0.856857
 845000.000 0.911909 0.653834 0.750826 0.819705
 845500.000 0.941291 0.665668 0.775011 0.853407
 846000.000 0.948332 0.695171 0.776055 0.844480
 846500.000 0.966237 0.715186 0.781858 0.862807
 847000.000 0.966206 0.690591 0.794397 0.871278
 847500.000 0.955108 0.677230 0.785407 0.865423
 848000.000 0.924719 0.661940 0.754914 0.837944
 848500.000 0.923909 0.660597 0.757447 0.834925
 849000.000 0.927113 0.592494 0.804308 0.849187
 849500.000 0.934798 0.641229 0.773034 0.859615
 850000.000 0.918497 0.642281 0.753640 0.840699
 850500.000 0.943317 0.657691 0.768612 0.869696
 851000.000 0.906529 0.657538 0.738962 0.815579
 851500.000 0.937147 0.665703 0.770355 0.848458
 852000.000 0.928457 0.647527 0.774860 0.839264
 852500.000 0.928251 0.609496 0.812696 0.831469
 853000.000 0.942423 0.645610 0.807077 0.841508
 853500.000 0.942158 0.667461 0.814972 0.815867
 854000.000 0.938096 0.668538 0.805412 0.815117
 854500.000 0.965415 0.647367 0.826507 0.872843
 855000.000 0.972333 0.700611 0.788353 0.882330
 855500.000 0.954647 0.702576 0.776849 0.851817
 856000.000 0.970487 0.707296 0.783543 0.877202
 856500.000 0.968349 0.706126 0.777534 0.878764
 857000.000 0.999245 0.708068 0.836688 0.891950
 857500.000 0.955817 0.675103 0.778451 0.874884
 858000.000 0.961428 0.685737 0.787127 0.871140
 858500.000 0.959180 0.668564 0.788538 0.878228
 859000.000 0.966586 0.689599 0.785866 0.880594
 859500.000 0.962353 0.697011 0.769966 0.879530
 860000.000 0.937234 0.630013 0.795342 0.852836
 860500.000 0.929890 0.663837 0.770702 0.833506
 861000.000 0.944596 0.664317 0.796047 0.842327
 861500.000 0.950380 0.635105 0.818452 0.856284
 862000.000 0.964087 0.648890 0.817935 0.876842
 862500.000 0.958604 0.618216 0.847337 0.858878
 863000.000 0.966960 0.672310 0.811357 0.871621
 863500.000 0.981601 0.697128 0.800884 0.894247
 864000.000 0.973306 0.667273 0.812727 0.888184
 864500.000 0.956004 0.657216 0.807075 0.862894
 865000.000 0.935251 0.620175 0.799688 0.851629
 865500.000 0.929960 0.636082 0.785292 0.841645
 866000.000 0.928057 0.619115 0.794599 0.841362
 866500.000 0.914771 0.600338 0.787937 0.832082
 867000.000 0.893162 0.610348 0.762766 0.800712
 867500.000 0.885647 0.604889 0.760794 0.789964
 868000.000 0.926854 0.609804 0.797113 0.843129
 868500.000 0.940720 0.654582 0.784103 0.852416
 869000.000 0.903060 0.623101 0.758500 0.816981
 869500.000 0.881952 0.630111 0.735615 0.785817
 870000.000 0.925712 0.638567 0.783790 0.831739
 870500.000 0.883389 0.625163 0.732380 0.795955
 871000.000 0.896310 0.634258 0.732540 0.817218
 871500.000 0.908341 0.651990 0.741820 0.821449
 872000.000 0.871442 0.633680 0.712028 0.781211
 872500.000 0.911531 0.652156 0.744873 0.825611
 873000.000 0.943527 0.661373 0.777317 0.859564
 873500.000 0.919818 0.613117 0.779566 0.841721
 874000.000 0.900039 0.638482 0.747933 0.808134
 874500.000 0.906533 0.626029 0.759630 0.821373
 875000.000 0.859618 0.586054 0.738151 0.767829
 875500.000 0.896652 0.601232 0.764844 0.813329
 876000.000 0.875260 0.576569 0.768391 0.780579
 876500.000 0.869068 0.565913 0.767864 0.775039
 877000.000 0.890765 0.572888 0.786073 0.800509
 877500.000 0.916480 0.602735 0.793900 0.828436
 878000.000 0.902343 0.568350 0.796928 0.818738
 878500.000 0.950691 0.704773 0.738093 0.875295
 879000.000 0.923042 0.658950 0.751099 0.840030
 879500.000 0.921175 0.647711 0.758157 0.838328
 880000.000 0.958107 0.721448 0.741679 0.874851
 880500.000 0.924367 0.678044 0.736561 0.840621
 881000.000 0.938455 0.708301 0.724400 0.857291
 881500.000 0.948049 0.713859 0.733413 0.866086
 882000.000 0.922835 0.667538 0.754295 0.829867
 882500.000 0.935781 0.670769 0.766210 0.845200
 883000.000 0.942821 0.625332 0.816947 0.848162
 883500.000 0.907566 0.586864 0.784060 0.829574
 884000.000 0.943138 0.616816 0.813260 0.858582
 884500.000 0.929732 0.624531 0.795370 0.840328
 885000.000 0.917055 0.604229 0.799280 0.823431
 885500.000 0.930104 0.617349 0.800105 0.841960
 886000.000 0.929054 0.619784 0.819661 0.818723
 886500.000 0.931053 0.624756 0.805729 0.833186
 887000.000 0.899612 0.617202 0.782917 0.790383
 887500.000 0.867636 0.641684 0.747170 0.731821
 888000.000 0.870643 0.601040 0.760361 0.759369
 888500.000 0.906375 0.611659 0.787140 0.805801
 889000.000 0.911257 0.583976 0.803755 0.820809
 889500.000 0.932217 0.616915 0.821933 0.825771
 890000.000 0.935910 0.596086 0.835102 0.836147
 890500.000 0.943702 0.591728 0.839505 0.852196
 891000.000 0.954045 0.617633 0.828045 0.867914
 891500.000 0.943829 0.623872 0.802887 0.864743
 892000.000 0.955140 0.631689 0.813393 0.874040
 892500.000 0.970568 0.633600 0.843993 0.877629
 893000.000 0.963608 0.659028 0.814677 0.871244
 893500.000 0.948773 0.636672 0.811871 0.857820
 894000.000 0.952452 0.645875 0.811700 0.859256
 894500.000 0.952325 0.647179 0.807728 0.861731
 895000.000 0.941874 0.630007 0.816864 0.842661
 895500.000 0.946650 0.622527 0.835073 0.841075
 896000.000 0.919831 0.605793 0.808424 0.819540
 896500.000 0.928464 0.616046 0.805876 0.833751
 897000.000 0.904280 0.600155 0.787877 0.809017
 897500.000 0.919167 0.595069 0.801488 0.832614
 898000.000 0.905496 0.598349 0.786536 0.814363
 898500.000 0.923853 0.603537 0.813013 0.825688
 899000.000 0.921923 0.612569 0.808666 0.818963
 899500.000 0.945291 0.624340 0.819831 0.851602
 900000.000 0.912242 0.640111 0.770676 0.812825
 900500.000 0.913717 0.610882 0.796725 0.813518
 901000.000 0.912121 0.616969 0.802104 0.799943
 901500.000 0.984282 0.653504 0.833863 0.902899
 902000.000 0.948242 0.644281 0.824850 0.838361
 902500.000 0.939702 0.653222 0.809041 0.827547
 903000.000 0.916310 0.626566 0.797302 0.806830
 903500.000 0.913247 0.645174 0.790090 0.792179
 904000.000 0.928864 0.661812 0.792806 0.811813
 904500.000 0.902667 0.618477 0.781336 0.797882
 905000.000 0.946250 0.647694 0.814508 0.841338
 905500.000 0.920187 0.624227 0.805588 0.809231
 906000.000 0.946280 0.636922 0.822026 0.842317
 906500.000 0.898266 0.618752 0.787709 0.781297
 907000.000 0.908775 0.639562 0.791407 0.785098
 907500.000 0.907201 0.628101 0.800816 0.781161
 908000.000 0.933334 0.645073 0.810816 0.817729
 908500.000 0.923611 0.633909 0.796341 0.818606
 909000.000 0.931347 0.651120 0.800703 0.818370
 909500.000 0.913525 0.651706 0.792606 0.784928
 910000.000 0.931209 0.671369 0.787652 0.814350
 910500.000 0.938783 0.663154 0.814972 0.811587
 911000.000 0.936491 0.644930 0.802143 0.833464
 911500.000 0.924361 0.665383 0.783436 0.807700
 912000.000 0.914735 0.616575 0.790009 0.818047
 912500.000 0.924956 0.636466 0.794842 0.821113
 913000.000 0.917612 0.678043 0.765658 0.798779
 913500.000 0.905841 0.650153 0.769731 0.791147
 914000.000 0.905980 0.640042 0.778313 0.791314
 914500.000 0.930030 0.656890 0.787266 0.823784
 915000.000 0.913854 0.612510 0.793158 0.816082
 915500.000 0.915694 0.638058 0.779772 0.813528
 916000.000 0.918630 0.627603 0.793273 0.815228
 916500.000 0.913912 0.638947 0.785778 0.802977
 917000.000 0.921776 0.649154 0.788753 0.809821
 917500.000 0.918851 0.646605 0.779288 0.814364
 918000.000 0.891087 0.626692 0.758548 0.787359
 918500.000 0.917170 0.648841 0.793234 0.795101
 919000.000 0.922867 0.647400 0.795431 0.807175
 919500.000 0.901307 0.658834 0.774286 0.768848
 920000.000 0.904732 0.644991 0.762761 0.799540
 920500.000 0.927982 0.650932 0.780057 0.830722
 921000.000 0.928128 0.675689 0.778562 0.812484
 921500.000 0.908143 0.634211 0.785805 0.793560
 922000.000 0.927622 0.676551 0.772637 0.816257
 922500.000 0.938307 0.666632 0.796985 0.825383
 923000.000 0.924558 0.665535 0.789792 0.801813
 923500.000 0.922240 0.638632 0.791242 0.816785
 924000.000 0.943482 0.682641 0.787467 0.833195
 924500.000 0.939738 0.680310 0.787486 0.826594
 925000.000 0.902790 0.642232 0.781161 0.779350
 925500.000 0.926690 0.622809 0.809778 0.820901
 926000.000 0.909416 0.622630 0.776425 0.814598
 926500.000 0.957648 0.640593 0.837747 0.849706
 927000.000 0.942890 0.661992 0.808306 0.828549
 927500.000 0.952322 0.648566 0.816933 0.851950
 928000.000 0.941805 0.659580 0.802379 0.833748
 928500.000 0.951518 0.658658 0.803449 0.855227
 929000.000 0.952854 0.635168 0.816780 0.863303
 929500.000 0.919447 0.645259 0.781681 0.814483
 930000.000 0.929569 0.637451 0.809809 0.816127
 930500.000 0.956231 0.640823 0.834043 0.849985
 931000.000 0.918173 0.636797 0.803854 0.796487
 931500.000 0.920099 0.653182 0.795936 0.795616
 932000.000 0.931496 0.647345 0.822691 0.799684
 932500.000 0.920806 0.634901 0.802968 0.804929
 933000.000 0.914414 0.627138 0.811441 0.787762
 933500.000 0.915039 0.635339 0.797764 0.796561
 934000.000 0.913561 0.652362 0.784165 0.792904
 934500.000 0.910210 0.638430 0.798547 0.782110
 935000.000 0.900534 0.626122 0.791165 0.777145
 935500.000 0.940130 0.650287 0.819114 0.820895
 936000.000 0.923496 0.661467 0.778952 0.813256
 936500.000 0.949374 0.654076 0.804680 0.852816
 937000.000 0.947226 0.673055 0.796244 0.841111
 937500.000 0.940341 0.614322 0.821316 0.846481
 938000.000 0.919332 0.643439 0.800785 0.796915
 938500.000 0.918686 0.643669 0.788011 0.807896
 939000.000 0.904631 0.630839 0.780549 0.793411
 939500.000 0.923170 0.617739 0.807083 0.819453
 940000.000 0.914342 0.621798 0.796690 0.806656
 940500.000 0.915335 0.624353 0.802623 0.801036
 941000.000 0.937192 0.622019 0.823215 0.831907
 941500.000 0.915172 0.661356 0.784287 0.789038
 942000.000 0.908726 0.630842 0.782536 0.800776
 942500.000 0.906288 0.636191 0.777203 0.796198
 943000.000 0.886932 0.629434 0.762320 0.771995
 943500.000 0.910282 0.629518 0.789310 0.798701
 944000.000 0.901720 0.617632 0.782097 0.795646
 944500.000 0.948602 0.648124 0.813374 0.847378
 945000.000 0.923120 0.663761 0.774100 0.815165
 945500.000 0.914567 0.627269 0.786634 0.812776
 946000.000 0.891714 0.616650 0.770147 0.785445
 946500.000 0.926582 0.645367 0.805742 0.807086
 947000.000 0.926799 0.638386 0.799787 0.818973
 947500.000 0.890959 0.645966 0.762250 0.767672
 948000.000 0.913543 0.627449 0.792423 0.804669
 948500.000 0.911059 0.639250 0.785698 0.796300
 949000.000 0.908250 0.618605 0.800371 0.791561
 949500.000 0.921070 0.662805 0.779660 0.805954
 950000.000 0.943663 0.687583 0.796836 0.820536
 950500.000 0.943396 0.644031 0.808029 0.843982
 951000.000 0.924920 0.672736 0.789916 0.796501
 951500.000 0.937656 0.658186 0.806349 0.821578
 952000.000 0.932672 0.683986 0.792031 0.802872
 952500.000 0.953550 0.672535 0.825531 0.827473
 953000.000 0.938735 0.665272 0.803178 0.821441
 953500.000 0.919631 0.649298 0.790843 0.802758
 954000.000 0.923572 0.627510 0.805464 0.814512
 954500.000 0.919658 0.648749 0.787724 0.806324
 955000.000 0.938915 0.651105 0.803841 0.832480
 955500.000 0.932491 0.659971 0.800571 0.814006
 956000.000 0.920223 0.647206 0.784819 0.811667
 956500.000 0.941481 0.653790 0.802533 0.837419
 957000.000 0.959738 0.688806 0.806970 0.846487
 957500.000 0.945229 0.671417 0.810695 0.823948
 958000.000 0.957354 0.673912 0.815554 0.844847
 958500.000 0.966177 0.660645 0.834023 0.857292
 959000.000 0.934443 0.681768 0.807316 0.793600
 959500.000 0.934863 0.667579 0.807599 0.806263
 960000.000 0.960488 0.705987 0.823879 0.817238
 960500.000 0.964157 0.704089 0.817044 0.834204
 961000.000 0.935869 0.672782 0.812616 0.799201
 961500.000 0.957487 0.709062 0.827147 0.804127
 962000.000 0.978521 0.727310 0.831388 0.833558
 962500.000 0.945053 0.705176 0.800161 0.805431
 963000.000 0.928428 0.688420 0.790274 0.790888
 963500.000 0.933602 0.656368 0.802913 0.817152
 964000.000 0.950699 0.675831 0.817731 0.825969
 964500.000 0.941861 0.664913 0.807741 0.824408
 965000.000 0.948385 0.654326 0.816006 0.839561
 965500.000 0.921852 0.630689 0.798918 0.814607
 966000.000 0.954945 0.686119 0.815276 0.829701
 966500.000 0.960537 0.682633 0.821350 0.839440
 967000.000 0.960714 0.690692 0.803137 0.850799
 967500.000 0.935809 0.663131 0.793048 0.826323
 968000.000 0.935434 0.675925 0.802191 0.806032
 968500.000 0.938551 0.668716 0.804706 0.816716
 969000.000 0.940294 0.672428 0.801837 0.820491
 969500.000 0.952906 0.685869 0.801054 0.839021
 970000.000 0.941581 0.674833 0.789777 0.833069
 970500.000 0.926383 0.664802 0.780168 0.815934
 971000.000 0.947566 0.665285 0.803086 0.841553
 971500.000 0.935685 0.662542 0.795854 0.823813
 972000.000 0.974021 0.700686 0.795042 0.879990
 972500.000 0.946540 0.675411 0.782165 0.850832
 973000.000 0.943416 0.652190 0.810223 0.835615
 973500.000 0.948711 0.660817 0.791986 0.858011
 974000.000 0.940080 0.671409 0.791228 0.831065
 974500.000 0.947644 0.650734 0.802748 0.853346
 975000.000 0.944379 0.676234 0.777117 0.850000
 975500.000 0.945647 0.689218 0.772811 0.846309
 976000.000 0.940102 0.669919 0.776566 0.846013
 976500.000 0.949218 0.685031 0.789083 0.842680
 977000.000 0.962115 0.698657 0.790352 0.859391
 977500.000 0.943366 0.682692 0.771384 0.847808
 978000.000 0.942910 0.679590 0.776811 0.844322
 978500.000 0.942517 0.715453 0.762400 0.826770
 979000.000 0.938826 0.663523 0.782940 0.842336
 979500.000 0.971621 0.671182 0.817671 0.876939
 980000.000 0.998165 0.713177 0.820212 0.900720
 980500.000 0.951569 0.672221 0.790040 0.857276
 981000.000 0.959617 0.662971 0.813042 0.860908
 981500.000 0.979280 0.696100 0.806012 0.885307
 982000.000 1.003985 0.728119 0.809753 0.911107
 982500.000 0.961349 0.664570 0.798970 0.876571
 983000.000 0.961516 0.677778 0.795493 0.869963
 983500.000 0.993822 0.666604 0.837767 0.910576
 984000.000 0.959725 0.642587 0.823415 0.866726
 984500.000 0.973022 0.662932 0.811437 0.891985
 985000.000 0.971687 0.681251 0.811830 0.874745
 985500.000 0.947993 0.655103 0.804347 0.849264
 986000.000 0.974576 0.653198 0.823703 0.891316
 986500.000 0.969834 0.653595 0.810072 0.893171
 987000.000 0.985684 0.667168 0.833689 0.896099
 987500.000 0.992006 0.696192 0.819606 0.900952
 988000.000 0.986627 0.678584 0.819254 0.902889
 988500.000 0.969262 0.656212 0.805995 0.893698
 989000.000 0.951340 0.678896 0.769696 0.869922
 989500.000 0.973667 0.644521 0.818734 0.900180
 990000.000 0.978278 0.648639 0.838670 0.888796
 990500.000 0.961368 0.642561 0.817644 0.875802
 991000.000 0.987565 0.659311 0.833941 0.905771
 991500.000 0.890459 0.565796 0.780659 0.810112
 992000.000 0.924424 0.618814 0.802324 0.826114
 992500.000 0.930243 0.613835 0.812800 0.832626
 993000.000 0.971819 0.652234 0.813912 0.894988
 993500.000 0.962261 0.616827 0.834345 0.880504
 994000.000 0.938166 0.591882 0.819521 0.859285
 994500.000 0.939668 0.604427 0.809631 0.863203
 995000.000 0.915866 0.661928 0.743970 0.828239
 995500.000 0.923926 0.684182 0.718820 0.849985
 996000.000 0.921503 0.666664 0.741762 0.838859
 996500.000 0.935994 0.709659 0.731964 0.844263
 997000.000 0.911545 0.628361 0.775217 0.816106
 997500.000 0.912838 0.612494 0.800774 0.806324
 998000.000 0.888013 0.557279 0.799464 0.792105
 998500.000 0.915866 0.599585 0.788717 0.834293
 999000.000 0.894990 0.592815 0.773948 0.807210
 999500.000 0.901750 0.584150 0.811858 0.791178
1000000.000 0.901686 0.583462 0.799181 0.804336
