BFII_nolipid
""
WAVELENGTH	FLUORESCENCE
300.0	75.22171020507812
300.5	80.59678649902344
301.0	86.80500793457031
301.5	92.57548522949219
302.0	100.77548217773438
302.5	110.07870483398438
303.0	119.08795928955078
303.5	129.2261199951172
304.0	139.17733764648438
304.5	150.4174346923828
305.0	163.15924072265625
305.5	173.21324157714844
306.0	187.2356414794922
306.5	198.1710662841797
307.0	213.30291748046875
307.5	224.98907470703125
308.0	241.11851501464844
308.5	256.58648681640625
309.0	270.77703857421875
309.5	287.3559875488281
310.0	302.7045593261719
310.5	318.8077087402344
311.0	337.3191223144531
311.5	354.518798828125
312.0	374.0469970703125
312.5	392.6801452636719
313.0	413.1620788574219
313.5	432.5591735839844
314.0	454.4451904296875
314.5	478.49749755859375
315.0	496.8216552734375
315.5	521.9003295898438
316.0	541.1839599609375
316.5	567.4225463867188
317.0	591.6193237304688
317.5	614.0191650390625
318.0	636.7841796875
318.5	662.2703247070312
319.0	685.7590942382812
319.5	711.7443237304688
320.0	735.5372924804688
320.5	762.5563354492188
321.0	791.9697265625
321.5	814.2409057617188
322.0	844.6337280273438
322.5	867.7173461914062
323.0	899.0640869140625
323.5	927.7821655273438
324.0	953.9199829101562
324.5	980.4478149414062
325.0	1009.3557739257812
325.5	1036.1405029296875
326.0	1065.87255859375
326.5	1093.160400390625
327.0	1122.669677734375
327.5	1154.9012451171875
328.0	1179.0531005859375
328.5	1211.8321533203125
329.0	1235.9937744140625
329.5	1268.2049560546875
330.0	1294.9158935546875
330.5	1323.5767822265625
331.0	1349.494140625
331.5	1377.31689453125
332.0	1402.8216552734375
332.5	1430.5146484375
333.0	1460.9635009765625
333.5	1483.0035400390625
334.0	1511.2445068359375
334.5	1535.0250244140625
335.0	1560.264404296875
335.5	1582.3330078125
336.0	1606.9686279296875
336.5	1628.42431640625
337.0	1651.697265625
337.5	1676.4676513671875
338.0	1695.112060546875
338.5	1718.3662109375
339.0	1737.5406494140625
339.5	1758.3515625
340.0	1775.646484375
340.5	1794.4578857421875
341.0	1811.7642822265625
341.5	1829.704345703125
342.0	1848.92626953125
342.5	1862.1434326171875
343.0	1879.6856689453125
343.5	1893.162841796875
344.0	1907.2685546875
344.5	1919.7821044921875
345.0	1933.447998046875
345.5	1944.772705078125
346.0	1956.778076171875
346.5	1968.767333984375
347.0	1978.2911376953125
347.5	1988.3056640625
348.0	1996.21044921875
348.5	2004.8321533203125
349.0	2011.8504638671875
349.5	2018.7720947265625
350.0	2025.7042236328125
350.5	2031.13330078125
351.0	2036.0408935546875
351.5	2040.308837890625
352.0	2044.4912109375
352.5	2047.4744873046875
353.0	2050.794677734375
353.5	2053.5263671875
354.0	2055.33056640625
354.5	2057.006103515625
355.0	2057.34912109375
355.5	2057.873046875
356.0	2057.0390625
356.5	2056.02587890625
357.0	2054.60986328125
357.5	2053.4453125
358.0	2051.64990234375
358.5	2048.51611328125
359.0	2044.7137451171875
359.5	2041.184326171875
360.0	2036.5718994140625
360.5	2031.9857177734375
361.0	2027.7447509765625
361.5	2021.7255859375
362.0	2015.36767578125
362.5	2009.185302734375
363.0	2002.402099609375
363.5	1995.7672119140625
364.0	1987.8634033203125
364.5	1980.4454345703125
365.0	1970.2127685546875
365.5	1960.3563232421875
366.0	1951.1844482421875
366.5	1940.7371826171875
367.0	1931.2403564453125
367.5	1919.5631103515625
368.0	1907.423828125
368.5	1896.2635498046875
369.0	1883.513671875
369.5	1871.866943359375
370.0	1857.411865234375
370.5	1844.939208984375
371.0	1829.439697265625
371.5	1814.6158447265625
372.0	1800.900634765625
372.5	1785.9617919921875
373.0	1772.3736572265625
373.5	1754.3072509765625
374.0	1738.0875244140625
374.5	1723.14306640625
375.0	1706.74658203125
375.5	1690.8599853515625
376.0	1672.279541015625
376.5	1655.1317138671875
377.0	1638.737548828125
377.5	1621.1927490234375
378.0	1604.8563232421875
378.5	1585.0716552734375
379.0	1566.35009765625
379.5	1550.146728515625
380.0	1531.1007080078125
380.5	1513.9228515625
381.0	1493.2354736328125
381.5	1474.1787109375
382.0	1457.05322265625
382.5	1437.9228515625
383.0	1420.8006591796875
383.5	1400.0953369140625
384.0	1380.57275390625
384.5	1362.9654541015625
385.0	1343.6761474609375
385.5	1326.75
386.0	1305.9346923828125
386.5	1286.821533203125
387.0	1269.829345703125
387.5	1252.267578125
388.0	1234.845703125
388.5	1214.160888671875
389.0	1195.6229248046875
389.5	1178.7879638671875
390.0	1158.9508056640625
390.5	1144.064697265625
391.0	1124.190673828125
391.5	1106.417724609375
392.0	1090.4449462890625
392.5	1070.540771484375
393.0	1055.7330322265625
393.5	1036.6661376953125
394.0	1019.142822265625
394.5	1003.1139526367188
395.0	984.0374145507812
395.5	967.4295654296875
396.0	952.1665649414062
396.5	934.2730712890625
397.0	920.187255859375
397.5	902.4498901367188
398.0	886.5054931640625
398.5	872.1987915039062
399.0	855.4547119140625
399.5	839.928955078125
400.0	825.7962646484375
400.5	811.6179809570312
401.0	796.3648071289062
401.5	781.1124267578125
402.0	766.567626953125
402.5	753.454833984375
403.0	737.7362670898438
403.5	723.7239379882812
404.0	711.3975830078125
404.5	699.39990234375
405.0	686.0260009765625
405.5	671.4461059570312
406.0	659.9988403320312
406.5	647.024658203125
407.0	633.4764404296875
407.5	620.7904052734375
408.0	609.568115234375
408.5	596.1090698242188
409.0	586.2432861328125
409.5	573.7072143554688
410.0	563.1307983398438
410.5	551.4141235351562
411.0	539.2032470703125
411.5	528.9759521484375
412.0	518.0023803710938
412.5	506.99456787109375
413.0	496.66845703125
413.5	486.9906005859375
414.0	475.9663391113281
414.5	468.29425048828125
415.0	457.84600830078125
415.5	449.23089599609375
416.0	439.9241638183594
416.5	429.44683837890625
417.0	421.34967041015625
417.5	412.6327209472656
418.0	403.5285949707031
418.5	395.7587890625
419.0	387.611572265625
419.5	379.12945556640625
420.0	371.16351318359375
420.5	363.8818054199219
421.0	355.56707763671875
421.5	349.4854736328125
422.0	341.28668212890625
422.5	333.3243713378906
423.0	327.4975280761719
423.5	319.66265869140625
424.0	313.3525085449219
424.5	306.32830810546875
425.0	298.896484375
425.5	293.2039489746094
426.0	286.84246826171875
426.5	280.09588623046875
427.0	274.5401306152344
427.5	268.75372314453125
428.0	262.7093811035156
428.5	257.6683044433594
429.0	252.24110412597656
429.5	246.2637176513672
430.0	241.23619079589844
430.5	235.88003540039062
431.0	230.46144104003906
431.5	226.01026916503906
432.0	221.017822265625
432.5	215.81239318847656
433.0	211.5151824951172
433.5	206.88992309570312
434.0	202.12652587890625
434.5	197.84959411621094
435.0	193.31092834472656
435.5	188.40895080566406
436.0	184.8692169189453
436.5	180.6968231201172
437.0	176.02882385253906
437.5	172.3069305419922
438.0	168.59054565429688
438.5	164.48159790039062
439.0	161.0310516357422
439.5	157.3290557861328
440.0	153.48739624023438
440.5	150.34791564941406
441.0	147.0691680908203
441.5	143.52911376953125
442.0	140.62745666503906
442.5	137.56593322753906
443.0	134.1317138671875
443.5	131.62864685058594
444.0	128.5845184326172
444.5	125.67123413085938
445.0	122.40729522705078
445.5	119.76834106445312
446.0	117.04366302490234
446.5	114.1988296508789
447.0	111.85050201416016
447.5	109.31563568115234
448.0	106.49855041503906
448.5	104.27042388916016
449.0	101.82683563232422
449.5	99.23287200927734
450.0	97.05150604248047
