BFII_lipid_1
""
WAVELENGTH	FLUORESCENCE
300.0	150.94464111328125
300.5	157.74127197265625
301.0	165.5583038330078
301.5	172.6859588623047
302.0	183.3094482421875
302.5	195.7382049560547
303.0	207.29843139648438
303.5	220.35800170898438
304.0	232.94427490234375
304.5	247.00430297851562
305.0	262.92694091796875
305.5	275.1903991699219
306.0	291.7908935546875
306.5	304.8271179199219
307.0	322.6537780761719
307.5	336.4885559082031
308.0	355.695556640625
308.5	373.3334045410156
309.0	390.11737060546875
309.5	408.8196105957031
310.0	425.7259216308594
310.5	442.80780029296875
311.0	461.6121826171875
311.5	479.45489501953125
312.0	499.356689453125
312.5	517.9171142578125
313.0	538.6815185546875
313.5	558.2315063476562
314.0	579.2303466796875
314.5	602.8521118164062
315.0	620.8078002929688
315.5	644.3308715820312
316.0	662.2630004882812
316.5	686.3235473632812
317.0	709.1045532226562
317.5	729.6249389648438
318.0	750.47119140625
318.5	773.9976196289062
319.0	794.9790649414062
319.5	818.2590942382812
320.0	839.9396362304688
320.5	863.5169677734375
321.0	888.9108276367188
321.5	908.591796875
322.0	934.6553955078125
322.5	954.8309936523438
323.0	980.9700927734375
323.5	1005.8129272460938
324.0	1028.6396484375
324.5	1051.0184326171875
325.0	1075.6424560546875
325.5	1098.050048828125
326.0	1122.8487548828125
326.5	1145.42529296875
327.0	1169.67626953125
327.5	1195.4468994140625
328.0	1215.768310546875
328.5	1241.840087890625
329.0	1261.355224609375
329.5	1286.5174560546875
330.0	1307.7200927734375
330.5	1330.940673828125
331.0	1350.82666015625
331.5	1372.3809814453125
332.0	1392.7008056640625
332.5	1414.572021484375
333.0	1437.501708984375
333.5	1454.624755859375
334.0	1477.1673583984375
334.5	1495.42431640625
335.0	1514.7303466796875
335.5	1531.8941650390625
336.0	1550.388671875
336.5	1566.08447265625
337.0	1583.13818359375
337.5	1601.924072265625
338.0	1615.5242919921875
338.5	1632.5714111328125
339.0	1646.9407958984375
339.5	1661.891357421875
340.0	1674.9881591796875
340.5	1688.521728515625
341.0	1700.568115234375
341.5	1712.85205078125
342.0	1725.5572509765625
342.5	1734.7821044921875
343.0	1746.300048828125
343.5	1755.9432373046875
344.0	1765.3609619140625
344.5	1773.2459716796875
345.0	1781.614501953125
345.5	1788.8585205078125
346.0	1795.9735107421875
346.5	1803.3323974609375
347.0	1808.2025146484375
347.5	1813.484619140625
348.0	1818.04833984375
348.5	1822.050048828125
349.0	1825.62646484375
349.5	1829.57373046875
350.0	1832.5782470703125
350.5	1834.591796875
351.0	1836.4886474609375
351.5	1837.056640625
352.0	1837.9564208984375
352.5	1837.7523193359375
353.0	1837.1033935546875
353.5	1836.4564208984375
354.0	1835.3760986328125
354.5	1833.7685546875
355.0	1831.67138671875
355.5	1828.99365234375
356.0	1825.8272705078125
356.5	1822.92236328125
357.0	1819.0401611328125
357.5	1814.9932861328125
358.0	1809.8935546875
358.5	1804.4710693359375
359.0	1799.304443359375
359.5	1793.822265625
360.0	1788.3389892578125
360.5	1781.7427978515625
361.0	1776.042236328125
361.5	1767.888916015625
362.0	1759.667236328125
362.5	1752.137451171875
363.0	1743.607666015625
363.5	1735.499755859375
364.0	1726.2845458984375
364.5	1717.4599609375
365.0	1707.6046142578125
365.5	1696.9278564453125
366.0	1686.859130859375
366.5	1676.2060546875
367.0	1666.4805908203125
367.5	1653.4964599609375
368.0	1641.7847900390625
368.5	1630.932373046875
369.0	1618.4437255859375
369.5	1607.211181640625
370.0	1594.0106201171875
370.5	1582.609619140625
371.0	1568.30078125
371.5	1554.1229248046875
372.0	1541.183349609375
372.5	1527.677978515625
373.0	1515.5552978515625
373.5	1499.0029296875
374.0	1484.118896484375
374.5	1470.122314453125
375.0	1454.83447265625
375.5	1440.9205322265625
376.0	1423.6611328125
376.5	1408.075439453125
377.0	1393.57958984375
377.5	1378.2001953125
378.0	1363.413818359375
378.5	1345.433837890625
379.0	1329.24462890625
379.5	1314.3814697265625
380.0	1298.32373046875
380.5	1283.90283203125
381.0	1265.67724609375
381.5	1249.320068359375
382.0	1234.0465087890625
382.5	1217.3822021484375
383.0	1202.1971435546875
383.5	1184.3897705078125
384.0	1167.842529296875
384.5	1152.8880615234375
385.0	1136.131591796875
385.5	1121.05322265625
386.0	1102.226318359375
386.5	1085.3975830078125
387.0	1070.2099609375
387.5	1054.178466796875
388.0	1039.39892578125
388.5	1021.130615234375
389.0	1004.80419921875
389.5	990.0545043945312
390.0	972.523681640625
390.5	959.0601806640625
391.0	941.8348999023438
391.5	926.6828002929688
392.0	912.5780639648438
392.5	895.9530029296875
393.0	884.3024291992188
393.5	868.215087890625
394.0	853.5111083984375
394.5	840.3455200195312
395.0	823.8709106445312
395.5	809.4063720703125
396.0	796.56494140625
396.5	781.1128540039062
397.0	769.3081665039062
397.5	754.3471069335938
398.0	740.6139526367188
398.5	728.2852172851562
399.0	713.4658203125
399.5	700.3964233398438
400.0	688.7597045898438
400.5	677.19677734375
401.0	664.8665161132812
401.5	651.5608520507812
402.0	639.1580200195312
402.5	628.1077270507812
403.0	615.2366943359375
403.5	603.702392578125
404.0	593.3067626953125
404.5	583.1299438476562
405.0	572.002197265625
405.5	559.619140625
406.0	550.04541015625
406.5	539.448974609375
407.0	528.2705078125
407.5	517.860595703125
408.0	508.5244140625
408.5	497.3072509765625
409.0	489.3318176269531
409.5	478.56500244140625
410.0	469.95452880859375
410.5	460.02667236328125
411.0	449.8121643066406
411.5	441.47998046875
412.0	432.31451416015625
412.5	422.7138977050781
413.0	414.0807189941406
413.5	406.4134521484375
414.0	397.2293701171875
414.5	390.5509338378906
415.0	381.92645263671875
415.5	374.7190246582031
416.0	367.0881042480469
416.5	358.9861145019531
417.0	352.3349914550781
417.5	345.0911865234375
418.0	337.1680603027344
418.5	330.7200622558594
419.0	323.65771484375
419.5	316.3929443359375
420.0	309.7298889160156
420.5	303.7946472167969
421.0	296.62310791015625
421.5	291.683349609375
422.0	284.8820495605469
422.5	278.3440246582031
423.0	273.6209716796875
423.5	267.3210144042969
424.0	262.2739562988281
424.5	256.5418395996094
425.0	250.35328674316406
425.5	245.6702117919922
426.0	240.3531036376953
426.5	234.75009155273438
427.0	230.20420837402344
427.5	225.00477600097656
428.0	220.20791625976562
428.5	215.86888122558594
429.0	211.20533752441406
429.5	206.42247009277344
430.0	202.57411193847656
430.5	198.15199279785156
431.0	193.3794708251953
431.5	189.58920288085938
432.0	185.52325439453125
432.5	181.295654296875
433.0	177.7511444091797
433.5	173.76925659179688
434.0	169.689697265625
434.5	166.20901489257812
435.0	162.4483642578125
435.5	158.6133575439453
436.0	155.5122833251953
436.5	152.0595245361328
437.0	148.4152374267578
437.5	145.60218811035156
438.0	142.69102478027344
438.5	139.4687957763672
439.0	136.65818786621094
439.5	133.7019500732422
440.0	130.62062072753906
440.5	128.076416015625
441.0	125.34998321533203
441.5	122.3682632446289
442.0	120.10073852539062
442.5	117.64159393310547
443.0	114.95588684082031
443.5	112.78636169433594
444.0	110.23748016357422
444.5	107.84002685546875
445.0	105.36460876464844
445.5	103.1615982055664
446.0	101.00420379638672
446.5	98.57557678222656
447.0	96.61577606201172
447.5	94.55037689208984
448.0	92.43451690673828
448.5	90.7862548828125
449.0	88.8564453125
449.5	86.91294860839844
450.0	85.17853546142578
