TRP_nolipid
""
WAVELENGTH	FLUORESCENCE
300.0	102.55900573730469
300.5	110.35990142822266
301.0	119.21028900146484
301.5	127.42516326904297
302.0	138.909912109375
302.5	152.30050659179688
303.0	165.14939880371094
303.5	180.26084899902344
304.0	194.60667419433594
304.5	210.9820098876953
305.0	230.1210479736328
305.5	245.08981323242188
306.0	265.6604309082031
306.5	281.5472412109375
307.0	304.33660888671875
307.5	321.8940734863281
308.0	346.3243103027344
308.5	369.5019836425781
309.0	391.0659484863281
309.5	416.1933898925781
310.0	439.7989196777344
310.5	464.0433349609375
311.0	491.7057189941406
311.5	518.0668334960938
312.0	547.5076904296875
312.5	575.2933959960938
313.0	606.049072265625
313.5	635.1499633789062
314.0	667.7835083007812
314.5	704.291748046875
315.0	732.260986328125
315.5	770.1448974609375
316.0	799.31005859375
316.5	838.2265625
317.0	874.4708862304688
317.5	907.86279296875
318.0	942.1488037109375
318.5	980.0955810546875
319.0	1015.2324829101562
319.5	1054.655517578125
320.0	1091.66357421875
320.5	1132.418701171875
321.0	1176.88818359375
321.5	1210.1064453125
322.0	1255.37158203125
322.5	1289.7947998046875
323.0	1336.123779296875
323.5	1377.1190185546875
324.0	1416.186279296875
324.5	1456.018798828125
325.0	1499.7491455078125
325.5	1539.346435546875
326.0	1583.4637451171875
326.5	1622.973876953125
327.0	1667.1661376953125
327.5	1715.83984375
328.0	1751.9620361328125
328.5	1799.8038330078125
329.0	1835.6328125
329.5	1882.68359375
330.0	1922.5548095703125
330.5	1965.28271484375
331.0	2003.7764892578125
331.5	2045.5950927734375
332.0	2083.466552734375
332.5	2124.548095703125
333.0	2168.0029296875
333.5	2200.432373046875
334.0	2244.065185546875
334.5	2280.052490234375
335.0	2318.259033203125
335.5	2352.072509765625
336.0	2389.231689453125
336.5	2422.11279296875
337.0	2457.64990234375
337.5	2494.75390625
338.0	2521.275634765625
338.5	2556.15576171875
339.0	2585.5634765625
339.5	2616.968505859375
340.0	2644.876220703125
340.5	2674.8515625
341.0	2700.18115234375
341.5	2729.7314453125
342.0	2759.130615234375
342.5	2780.4130859375
343.0	2806.260009765625
343.5	2828.444580078125
344.0	2850.956787109375
344.5	2871.042236328125
345.0	2892.37060546875
345.5	2910.061767578125
346.0	2928.856201171875
346.5	2948.851318359375
347.0	2964.42724609375
347.5	2981.37109375
348.0	2994.414306640625
348.5	3009.1806640625
349.0	3021.365966796875
349.5	3034.24658203125
350.0	3046.711669921875
350.5	3056.576171875
351.0	3067.117919921875
351.5	3075.4443359375
352.0	3083.100341796875
352.5	3088.904296875
353.0	3095.5185546875
353.5	3101.625244140625
354.0	3106.40380859375
354.5	3110.5712890625
355.0	3113.800537109375
355.5	3116.436767578125
356.0	3118.802978515625
356.5	3120.107177734375
357.0	3120.102294921875
357.5	3120.164306640625
358.0	3118.66552734375
358.5	3116.564697265625
359.0	3114.896728515625
359.5	3110.539794921875
360.0	3106.9375
360.5	3102.2646484375
361.0	3098.2939453125
361.5	3091.185302734375
362.0	3084.147216796875
362.5	3077.39892578125
363.0	3068.123046875
363.5	3059.359130859375
364.0	3049.048583984375
364.5	3039.267333984375
365.0	3026.4248046875
365.5	3013.66259765625
366.0	3001.9462890625
366.5	2987.820068359375
367.0	2975.072998046875
367.5	2958.13720703125
368.0	2942.6044921875
368.5	2927.079345703125
369.0	2909.976318359375
369.5	2893.62841796875
370.0	2875.317626953125
370.5	2858.326416015625
371.0	2837.05419921875
371.5	2816.781005859375
372.0	2797.724609375
372.5	2776.101318359375
373.0	2755.68603515625
373.5	2730.53759765625
374.0	2707.724609375
374.5	2686.66259765625
375.0	2662.735595703125
375.5	2640.309326171875
376.0	2612.976806640625
376.5	2587.630615234375
377.0	2563.677490234375
377.5	2538.3466796875
378.0	2514.3984375
378.5	2484.092529296875
379.0	2456.99169921875
379.5	2432.141357421875
380.0	2404.7919921875
380.5	2379.673583984375
381.0	2350.090576171875
381.5	2322.135986328125
382.0	2297.025390625
382.5	2269.4072265625
383.0	2244.12255859375
383.5	2213.15576171875
384.0	2184.903076171875
384.5	2158.275146484375
385.0	2130.52294921875
385.5	2104.876953125
386.0	2074.563720703125
386.5	2046.2645263671875
387.0	2020.0362548828125
387.5	1991.6307373046875
388.0	1966.7177734375
388.5	1935.9498291015625
389.0	1907.723876953125
389.5	1881.72314453125
390.0	1851.584228515625
390.5	1828.9554443359375
391.0	1799.240478515625
391.5	1771.8245849609375
392.0	1746.5657958984375
392.5	1715.9410400390625
393.0	1694.1539306640625
393.5	1665.036865234375
394.0	1638.4036865234375
394.5	1614.4710693359375
395.0	1586.0050048828125
395.5	1560.324462890625
396.0	1537.57958984375
396.5	1510.0770263671875
397.0	1489.297119140625
397.5	1462.0457763671875
398.0	1437.011962890625
398.5	1415.34423828125
399.0	1389.1162109375
399.5	1364.982666015625
400.0	1343.926513671875
400.5	1322.427978515625
401.0	1299.2091064453125
401.5	1274.24755859375
402.0	1252.62646484375
402.5	1231.9583740234375
403.0	1207.91259765625
403.5	1185.28271484375
404.0	1165.1680908203125
404.5	1146.00146484375
405.0	1125.25244140625
405.5	1102.3790283203125
406.0	1083.9442138671875
406.5	1063.810791015625
407.0	1042.208984375
407.5	1022.830078125
408.0	1005.5303344726562
408.5	985.18701171875
409.0	969.7728881835938
409.5	949.7464599609375
410.0	933.2677001953125
410.5	915.1182250976562
411.0	896.55712890625
411.5	880.4429321289062
412.0	863.5896606445312
412.5	845.0197143554688
413.0	828.2611083984375
413.5	813.1317749023438
414.0	795.5706787109375
414.5	782.5948486328125
415.0	765.609130859375
415.5	752.19287109375
416.0	737.0062866210938
416.5	720.6427001953125
417.0	707.3934326171875
417.5	692.5103149414062
418.0	677.1873779296875
418.5	664.4096069335938
419.0	651.0076293945312
419.5	636.7556762695312
420.0	623.793701171875
420.5	611.9031982421875
421.0	598.6054077148438
421.5	588.9356689453125
422.0	575.6693115234375
422.5	562.8685302734375
423.0	552.9068603515625
423.5	540.3126831054688
424.0	529.9705200195312
424.5	518.5480346679688
425.0	506.6993103027344
425.5	496.8566589355469
426.0	486.1585998535156
426.5	475.0059509277344
427.0	465.79168701171875
427.5	455.76763916015625
428.0	445.6666259765625
428.5	436.4522705078125
429.0	427.0851745605469
429.5	417.293212890625
430.0	409.0151062011719
430.5	400.52496337890625
431.0	390.9017639160156
431.5	383.05908203125
432.0	374.6059875488281
432.5	366.0195007324219
433.0	358.69696044921875
433.5	350.8499450683594
434.0	342.74359130859375
434.5	335.9781188964844
435.0	328.6032409667969
435.5	320.6590881347656
436.0	314.2405700683594
436.5	307.02630615234375
437.0	299.63848876953125
437.5	293.3611145019531
438.0	286.8629455566406
438.5	279.7890930175781
439.0	274.2330322265625
439.5	268.2896423339844
440.0	262.0731506347656
440.5	256.9351806640625
441.0	251.47618103027344
441.5	245.34735107421875
442.0	240.64715576171875
442.5	235.3553009033203
443.0	229.692138671875
443.5	225.297119140625
444.0	220.04876708984375
444.5	215.0731201171875
445.0	210.01409912109375
445.5	205.739013671875
446.0	201.32235717773438
446.5	196.3438262939453
447.0	192.24049377441406
447.5	187.86622619628906
448.0	183.00953674316406
448.5	179.45843505859375
449.0	175.63702392578125
449.5	171.37709045410156
450.0	167.6669158935547
