 750000.000 1.201005 0.755069 0.986826 1.157959
 750500.000 1.209877 0.791243 0.981745 1.156598
 751000.000 1.210057 0.793167 0.967391 1.167696
 751500.000 1.218019 0.809575 0.972052 1.169121
 752000.000 1.206210 0.807547 0.957591 1.157919
 752500.000 1.184916 0.806205 0.925411 1.140920
 753000.000 1.216493 0.785309 0.988033 1.169098
 753500.000 1.171500 0.746128 0.947033 1.136331
 754000.000 1.203110 0.706558 1.008074 1.174525
 754500.000 1.237038 0.724744 1.031087 1.213314
 755000.000 1.202716 0.705198 1.006796 1.175633
 755500.000 1.239390 0.679390 1.065325 1.214779
 756000.000 1.219463 0.714419 1.023147 1.190361
 756500.000 1.204539 0.706582 1.007238 1.178151
 757000.000 1.178428 0.672011 1.000059 1.151377
 757500.000 1.207619 0.662671 1.042827 1.179011
 758000.000 1.205729 0.706617 1.009384 1.178729
 758500.000 1.201994 0.708396 1.002494 1.175909
 759000.000 1.217530 0.744258 1.009558 1.179675
 759500.000 1.191606 0.706151 1.000663 1.157530
 760000.000 1.242128 0.679641 1.071491 1.214808
 760500.000 1.250565 0.747304 1.040497 1.219316
 761000.000 1.229900 0.769193 1.004664 1.193442
 761500.000 1.183444 0.729277 0.977676 1.146031
 762000.000 1.205360 0.700304 1.014713 1.177165
 762500.000 1.205367 0.705277 1.013150 1.175555
 763000.000 1.220740 0.756295 0.998048 1.188415
 763500.000 1.194519 0.694970 1.015093 1.157736
 764000.000 1.216851 0.668440 1.045114 1.192635
 764500.000 1.179381 0.688892 0.986672 1.154897
 765000.000 1.183687 0.719278 0.975511 1.154664
 765500.000 1.175404 0.714202 0.968459 1.146800
 766000.000 1.157754 0.723770 0.955216 1.115576
 766500.000 1.153849 0.740930 0.944528 1.105271
 767000.000 1.154667 0.702957 0.951658 1.125482
 767500.000 1.193365 0.703962 0.999636 1.163361
 768000.000 1.142477 0.726307 0.924535 1.108251
 768500.000 1.146513 0.741724 0.934418 1.098040
 769000.000 1.172752 0.775168 0.943350 1.122452
 769500.000 1.158902 0.755880 0.939152 1.110290
 770000.000 1.146752 0.768027 0.927207 1.086510
 770500.000 1.130197 0.703481 0.951197 1.074722
 771000.000 1.152142 0.749019 0.953592 1.088345
 771500.000 1.176576 0.753144 0.975705 1.117781
 772000.000 1.175294 0.759114 0.953859 1.129836
 772500.000 1.163459 0.737623 0.950079 1.122734
 773000.000 1.206453 0.720851 1.012578 1.168809
 773500.000 1.232995 0.731992 1.038168 1.194548
 774000.000 1.204063 0.688715 1.037271 1.161583
 774500.000 1.191670 0.696046 1.031849 1.136207
 775000.000 1.202808 0.673643 1.052815 1.153811
 775500.000 1.214887 0.679286 1.066641 1.163078
 776000.000 1.259674 0.730024 1.071903 1.221330
 776500.000 1.224509 0.665388 1.082061 1.176967
 777000.000 1.266688 0.749105 1.075379 1.221229
 777500.000 1.227470 0.728981 1.041779 1.181800
 778000.000 1.200038 0.747799 0.995436 1.153293
 778500.000 1.223401 0.678040 1.064292 1.183623
 779000.000 1.244980 0.696527 1.077396 1.205825
 779500.000 1.215613 0.668396 1.061399 1.175631
 780000.000 1.181401 0.688162 1.002094 1.146150
 780500.000 1.158236 0.658225 0.998592 1.119185
 781000.000 1.165408 0.661971 0.999262 1.131202
 781500.000 1.157850 0.691783 0.987468 1.107960
 782000.000 1.137055 0.629016 0.988169 1.101657
 782500.000 1.209608 0.647585 1.072931 1.164370
 783000.000 1.177938 0.694551 1.008843 1.129120
 783500.000 1.177930 0.727430 0.981839 1.132199
 784000.000 1.234585 0.714322 1.058165 1.190978
 784500.000 1.154959 0.713571 0.973146 1.100758
 785000.000 1.142261 0.711739 0.962149 1.084996
 785500.000 1.161770 0.672133 1.004655 1.112799
 786000.000 1.164480 0.642946 1.014068 1.127081
 786500.000 1.170538 0.668023 1.005211 1.132969
 787000.000 1.191207 0.683963 1.016727 1.156032
 787500.000 1.173473 0.691569 0.996151 1.132914
 788000.000 1.196929 0.672030 1.041386 1.152895
 788500.000 1.170305 0.676135 1.006882 1.126168
 789000.000 1.191805 0.657203 1.038802 1.153158
 789500.000 1.173872 0.645790 1.039783 1.121499
 790000.000 1.194214 0.691024 1.026447 1.149427
 790500.000 1.202206 0.700335 1.035384 1.152436
 791000.000 1.188035 0.693942 1.021301 1.139405
 791500.000 1.224262 0.703743 1.055784 1.178007
 792000.000 1.241233 0.699352 1.084513 1.189981
 792500.000 1.208195 0.758815 0.995061 1.163411
 793000.000 1.257967 0.778658 1.037519 1.217458
 793500.000 1.248424 0.804832 1.002160 1.210391
 794000.000 1.224051 0.778170 0.990699 1.187253
 794500.000 1.236272 0.791685 0.992565 1.201992
 795000.000 1.165744 0.740182 0.949462 1.126308
 795500.000 1.156817 0.785342 0.905512 1.113434
 796000.000 1.138272 0.723593 0.925855 1.100241
 796500.000 1.139872 0.754562 0.906212 1.099106
 797000.000 1.101426 0.711678 0.888644 1.063063
 797500.000 1.065232 0.754598 0.815747 1.017141
 798000.000 1.108341 0.737374 0.885272 1.062737
 798500.000 1.148539 0.738679 0.926957 1.110579
 799000.000 1.134981 0.710290 0.935489 1.093943
 799500.000 1.140162 0.707289 0.935265 1.106780
 800000.000 1.100565 0.683496 0.905011 1.065962
 800500.000 1.102491 0.733915 0.880266 1.057107
 801000.000 1.150402 0.689414 0.963910 1.114647
 801500.000 1.141939 0.705738 0.943781 1.104202
 802000.000 1.144179 0.703991 0.967095 1.089684
 802500.000 1.173660 0.723876 0.974410 1.132026
 803000.000 1.197934 0.741169 1.003044 1.146587
 803500.000 1.158355 0.722110 0.947007 1.124858
 804000.000 1.235498 0.818581 0.979117 1.193385
 804500.000 1.201338 0.826984 0.933199 1.153975
 805000.000 1.182627 0.864778 0.871104 1.136024
 805500.000 1.119771 0.769881 0.871989 1.074565
 806000.000 1.195878 0.813933 0.953712 1.134986
 806500.000 1.128169 0.781844 0.893198 1.066043
 807000.000 1.121462 0.765262 0.883580 1.071921
 807500.000 1.096120 0.708907 0.911508 1.034196
 808000.000 1.096824 0.751977 0.884766 1.028477
 808500.000 1.147162 0.776324 0.907073 1.098407
 809000.000 1.145455 0.698438 0.969231 1.094034
 809500.000 1.177049 0.762562 0.958068 1.127605
 810000.000 1.165685 0.774149 0.948376 1.104046
 810500.000 1.118012 0.732549 0.921850 1.055211
 811000.000 1.143318 0.727892 0.950356 1.086898
 811500.000 1.116681 0.741283 0.889744 1.073690
 812000.000 1.120224 0.721092 0.912643 1.075598
 812500.000 1.106458 0.768113 0.868971 1.050424
 813000.000 1.132562 0.726078 0.916568 1.094583
 813500.000 1.084537 0.693699 0.881424 1.046094
 814000.000 1.092981 0.684800 0.895998 1.057095
 814500.000 1.078097 0.698655 0.874723 1.035049
 815000.000 1.147932 0.750948 0.913169 1.112517
 815500.000 1.197815 0.719356 0.991693 1.169869
 816000.000 1.118987 0.760168 0.868782 1.082417
 816500.000 1.109041 0.747844 0.867557 1.071457
 817000.000 1.130901 0.803353 0.843310 1.096052
 817500.000 1.128609 0.786116 0.853858 1.095658
 818000.000 1.115473 0.784799 0.843115 1.077870
 818500.000 1.187127 0.846249 0.889453 1.145110
 819000.000 1.146142 0.833138 0.851034 1.099501
 819500.000 1.150598 0.891478 0.810828 1.093424
 820000.000 1.082496 0.882642 0.709508 1.030114
 820500.000 1.078501 0.886735 0.697011 1.026744
 821000.000 1.079850 0.890279 0.689283 1.031720
 821500.000 1.033831 0.859314 0.650140 0.988186
 822000.000 0.999031 0.825427 0.646816 0.946798
 822500.000 1.026058 0.860799 0.642947 0.975311
 823000.000 1.041320 0.859470 0.665141 0.993778
 823500.000 1.031479 0.854706 0.648068 0.988627
 824000.000 0.972417 0.792572 0.645721 0.919817
 824500.000 1.065782 0.860148 0.698143 1.022019
 825000.000 1.008918 0.809115 0.664299 0.969470
 825500.000 1.005805 0.810332 0.680841 0.950320
 826000.000 1.011515 0.808002 0.689285 0.958303
 826500.000 0.960757 0.779992 0.654108 0.899924
 827000.000 0.971089 0.813948 0.624037 0.913288
 827500.000 0.962039 0.785210 0.655206 0.897323
 828000.000 0.961750 0.788777 0.643530 0.902013
 828500.000 0.981488 0.803120 0.655606 0.922938
 829000.000 1.055871 0.875580 0.676111 1.002975
 829500.000 1.015381 0.806644 0.708923 0.953284
 830000.000 1.020399 0.823547 0.679030 0.971143
 830500.000 1.036806 0.851468 0.676908 0.983224
 831000.000 1.081140 0.856503 0.739413 1.028298
 831500.000 1.021429 0.844147 0.671938 0.960495
 832000.000 1.041064 0.872716 0.669305 0.978788
 832500.000 1.024292 0.867292 0.632742 0.972518
 833000.000 1.055407 0.881790 0.667789 1.002134
 833500.000 1.067662 0.894989 0.689020 1.002023
 834000.000 1.068320 0.899652 0.679551 1.005710
 834500.000 1.079802 0.910397 0.699079 1.007180
 835000.000 1.051836 0.874811 0.685633 0.988600
 835500.000 1.023281 0.851912 0.671074 0.958183
 836000.000 1.003929 0.834825 0.655045 0.943254
 836500.000 1.022153 0.872068 0.646765 0.954350
 837000.000 1.032027 0.859137 0.660648 0.977542
 837500.000 1.038646 0.853638 0.686386 0.978647
 838000.000 1.072349 0.880021 0.703806 1.014931
 838500.000 1.064029 0.882128 0.714095 0.988044
 839000.000 1.059894 0.876249 0.699313 0.994937
 839500.000 1.077353 0.878992 0.723268 1.012737
 840000.000 1.067728 0.868395 0.724541 1.000508
 840500.000 1.073936 0.885595 0.704683 1.012827
 841000.000 1.120539 0.939091 0.710678 1.060311
 841500.000 1.093355 0.910488 0.710263 1.028295
 842000.000 1.107871 0.922731 0.716467 1.044030
 842500.000 1.086288 0.909785 0.701694 1.019785
 843000.000 1.067109 0.891558 0.706850 0.991429
 843500.000 1.082367 0.899172 0.705367 1.018324
 844000.000 1.050551 0.861860 0.730408 0.964891
 844500.000 1.054399 0.827509 0.768116 0.974034
 845000.000 1.097672 0.872572 0.751089 1.041275
 845500.000 1.070008 0.851690 0.736820 1.010719
 846000.000 1.082216 0.870829 0.743528 1.015483
 846500.000 1.104931 0.898169 0.735947 1.045666
 847000.000 1.102819 0.913947 0.702276 1.050680
 847500.000 1.089797 0.881604 0.731252 1.031193
 848000.000 1.079660 0.888188 0.715804 1.014928
 848500.000 1.082602 0.870878 0.746405 1.014151
 849000.000 1.095500 0.878926 0.747523 1.033894
 849500.000 1.138479 0.909445 0.757915 1.091212
 850000.000 1.140492 0.887778 0.779404 1.098099
 850500.000 1.108264 0.887774 0.731064 1.064847
 851000.000 1.085205 0.879047 0.718838 1.032419
 851500.000 1.098905 0.845735 0.784868 1.041103
 852000.000 1.071841 0.846045 0.760648 1.001653
 852500.000 1.064409 0.834662 0.748007 1.004867
 853000.000 1.045334 0.825732 0.723782 0.989825
 853500.000 1.095259 0.836321 0.770495 1.051708
 854000.000 1.067365 0.840611 0.718473 1.027475
 854500.000 1.086086 0.866152 0.732452 1.035595
 855000.000 1.062821 0.814662 0.749142 1.017000
 855500.000 1.029315 0.786274 0.736601 0.978861
 856000.000 1.079985 0.866447 0.715009 1.034778
 856500.000 1.044011 0.833481 0.706225 0.993213
 857000.000 1.082752 0.862338 0.725423 1.036743
 857500.000 1.051545 0.809029 0.743284 1.002244
 858000.000 1.054795 0.817634 0.736559 1.007046
 858500.000 1.096376 0.848437 0.776775 1.039642
 859000.000 1.020002 0.778545 0.722789 0.975833
 859500.000 1.054432 0.800024 0.759286 1.003544
 860000.000 1.039319 0.761038 0.774559 0.990579
 860500.000 1.017560 0.744396 0.759489 0.969488
 861000.000 1.047626 0.766852 0.779313 0.999826
 861500.000 1.017051 0.744413 0.769497 0.960474
 862000.000 1.036198 0.754029 0.784885 0.981228
 862500.000 1.023717 0.752202 0.760848 0.975344
 863000.000 1.031050 0.773877 0.750368 0.981932
 863500.000 1.042459 0.774393 0.760276 0.997867
 864000.000 1.042575 0.777542 0.755409 0.999355
 864500.000 1.063732 0.770479 0.789846 1.022524
 865000.000 1.030333 0.728212 0.785999 0.987465
 865500.000 1.052937 0.781502 0.769330 1.007342
 866000.000 1.052370 0.771420 0.779429 1.006163
 866500.000 1.043185 0.768342 0.769632 0.996889
 867000.000 1.095914 0.766729 0.842334 1.051026
 867500.000 1.076420 0.800829 0.785009 1.029462
 868000.000 1.089706 0.789792 0.811159 1.045547
 868500.000 1.062786 0.784257 0.781833 1.016221
 869000.000 1.109506 0.843425 0.802962 1.051615
 869500.000 1.059613 0.773098 0.786045 1.014896
 870000.000 1.105487 0.818682 0.805337 1.060846
 870500.000 1.043051 0.776493 0.764986 0.993865
 871000.000 1.080444 0.804379 0.779067 1.039592
 871500.000 1.037306 0.729839 0.788760 0.998598
 872000.000 1.063277 0.738155 0.817296 1.023851
 872500.000 1.054834 0.709260 0.834902 1.012541
 873000.000 1.050220 0.724089 0.822878 1.002243
 873500.000 1.018452 0.714201 0.784426 0.974209
 874000.000 1.041828 0.735756 0.796898 0.997210
 874500.000 1.001462 0.710452 0.772926 0.950628
 875000.000 1.008730 0.722495 0.768665 0.960327
 875500.000 1.040980 0.702408 0.831023 0.991616
 876000.000 1.018039 0.707992 0.788782 0.974359
 876500.000 1.021380 0.686444 0.818670 0.972115
 877000.000 1.045778 0.722335 0.812053 1.003050
 877500.000 1.037151 0.728804 0.795919 0.993340
 878000.000 1.067278 0.757073 0.836506 1.002627
 878500.000 1.052669 0.733514 0.822880 1.000526
 879000.000 1.105024 0.755060 0.860623 1.063658
 879500.000 1.077444 0.743875 0.835035 1.034958
 880000.000 1.061532 0.738348 0.824884 1.013956
 880500.000 1.054957 0.738443 0.821062 1.003209
 881000.000 1.070205 0.728983 0.843588 1.023534
 881500.000 0.987276 0.735861 0.732207 0.933706
 882000.000 1.068451 0.795442 0.780935 1.020092
 882500.000 1.004132 0.720528 0.768475 0.952285
 883000.000 1.021998 0.759604 0.757460 0.968615
 883500.000 1.038121 0.775601 0.755910 0.991178
 884000.000 1.053933 0.759588 0.803501 0.999481
 884500.000 1.036489 0.746670 0.785615 0.986870
 885000.000 0.997659 0.744883 0.762141 0.924627
 885500.000 1.015684 0.705733 0.795197 0.965833
 886000.000 1.045595 0.734558 0.810336 0.995148
 886500.000 0.992223 0.698511 0.785797 0.929310
 887000.000 1.022845 0.707926 0.805686 0.970635
 887500.000 1.038625 0.711783 0.815359 0.992996
 888000.000 1.025691 0.704729 0.808678 0.976464
 888500.000 1.006393 0.682930 0.803317 0.956002
 889000.000 1.021795 0.715934 0.791422 0.974280
 889500.000 1.041373 0.741366 0.802496 0.987569
 890000.000 1.038197 0.749279 0.806785 0.971279
 890500.000 1.037918 0.744758 0.813922 0.968202
 891000.000 1.024350 0.723873 0.793713 0.971911
 891500.000 1.035487 0.740760 0.797013 0.980056
 892000.000 1.004313 0.705483 0.805372 0.933252
 892500.000 0.989192 0.710809 0.781833 0.916784
 893000.000 1.037077 0.767864 0.790281 0.967935
 893500.000 1.026445 0.718966 0.804765 0.970886
 894000.000 0.981731 0.722703 0.741900 0.924595
 894500.000 0.987349 0.694110 0.775188 0.931134
 895000.000 1.034916 0.696256 0.843141 0.972852
 895500.000 1.028519 0.743398 0.817134 0.946230
 896000.000 1.048794 0.746601 0.835527 0.971813
 896500.000 1.045891 0.706397 0.849105 0.983768
 897000.000 0.998442 0.646497 0.829938 0.941815
 897500.000 1.027346 0.695530 0.829279 0.969232
 898000.000 1.037195 0.693071 0.842726 0.980313
 898500.000 1.028396 0.713804 0.814797 0.970457
 899000.000 1.005139 0.678663 0.813967 0.947356
 899500.000 1.022883 0.638366 0.857157 0.974858
 900000.000 1.001364 0.673886 0.810636 0.945625
 900500.000 1.000379 0.661905 0.826279 0.938437
 901000.000 1.016413 0.661907 0.843179 0.957662
 901500.000 1.021966 0.654172 0.843768 0.974138
 902000.000 1.082902 0.735334 0.857960 1.033704
 902500.000 1.020940 0.692557 0.825285 0.961200
 903000.000 1.030794 0.686988 0.847240 0.967111
 903500.000 1.068161 0.672313 0.900990 1.009033
 904000.000 1.027901 0.679921 0.852594 0.961223
 904500.000 1.011292 0.665909 0.836270 0.950074
 905000.000 1.025001 0.688037 0.852094 0.949628
 905500.000 1.054877 0.702076 0.868649 0.988974
 906000.000 1.059337 0.674131 0.890094 0.998834
 906500.000 1.053648 0.702303 0.876153 0.979529
 907000.000 1.042654 0.720243 0.840395 0.974289
 907500.000 1.030497 0.681663 0.854928 0.963473
 908000.000 1.051974 0.661094 0.889996 0.992049
 908500.000 0.966684 0.655969 0.793014 0.899883
 909000.000 1.001739 0.639587 0.837498 0.946829
 909500.000 1.016522 0.669216 0.844698 0.951455
 910000.000 1.039934 0.656971 0.881227 0.977115
 910500.000 1.017764 0.682265 0.853872 0.936538
 911000.000 1.006600 0.682018 0.836569 0.928165
 911500.000 0.982683 0.655498 0.822845 0.908064
 912000.000 0.988316 0.666722 0.811687 0.922054
 912500.000 0.987902 0.656258 0.819084 0.922132
 913000.000 0.978368 0.630666 0.822425 0.916670
 913500.000 0.970881 0.634708 0.818104 0.901704
 914000.000 0.977674 0.644461 0.812303 0.914618
 914500.000 0.976747 0.630297 0.814139 0.920855
 915000.000 0.968911 0.613914 0.822818 0.907555
 915500.000 0.987567 0.638158 0.824574 0.929197
 916000.000 0.979532 0.634302 0.828749 0.910935
 916500.000 1.010538 0.656564 0.851498 0.941408
 917000.000 1.031192 0.659739 0.871570 0.965311
 917500.000 0.973873 0.638130 0.812181 0.911047
 918000.000 1.000958 0.651879 0.827935 0.945206
 918500.000 1.015966 0.630752 0.867275 0.956222
 919000.000 0.984641 0.654140 0.815036 0.920247
 919500.000 0.970757 0.640379 0.815663 0.899638
 920000.000 1.027451 0.667827 0.864583 0.958027
 920500.000 1.035499 0.664210 0.867733 0.974874
 921000.000 1.008325 0.679094 0.834914 0.935514
 921500.000 1.017157 0.662868 0.838113 0.963011
 922000.000 0.991297 0.647901 0.817107 0.936964
 922500.000 0.981892 0.631204 0.816507 0.929044
 923000.000 0.996118 0.655977 0.827812 0.932161
 923500.000 1.013628 0.656933 0.835579 0.961837
 924000.000 1.055202 0.667022 0.876419 1.006913
 924500.000 1.035000 0.647659 0.867761 0.984874
 925000.000 1.102346 0.669538 0.932543 1.054712
 925500.000 1.017066 0.684107 0.814802 0.967958
 926000.000 0.992798 0.666400 0.798750 0.942978
 926500.000 1.025565 0.659689 0.845096 0.976828
 927000.000 0.967042 0.692692 0.748816 0.910929
 927500.000 1.042776 0.727631 0.815028 0.990477
 928000.000 1.012144 0.705095 0.815506 0.941628
 928500.000 1.032857 0.702138 0.830557 0.975071
 929000.000 1.019673 0.736738 0.790733 0.954686
 929500.000 0.979373 0.690075 0.776250 0.916284
 930000.000 0.984581 0.703228 0.777079 0.916745
 930500.000 0.995114 0.690441 0.797838 0.931263
 931000.000 0.998152 0.679739 0.799612 0.944028
 931500.000 0.995546 0.702778 0.784421 0.934349
 932000.000 0.987034 0.680565 0.800847 0.918666
 932500.000 0.973056 0.695590 0.776368 0.898377
 933000.000 1.013865 0.730508 0.831828 0.911188
 933500.000 1.028429 0.774377 0.794005 0.940866
 934000.000 0.992218 0.741867 0.773510 0.905710
 934500.000 0.967679 0.716417 0.783426 0.863593
 935000.000 0.999237 0.703232 0.806467 0.923052
 935500.000 1.069206 0.744496 0.864386 0.992454
 936000.000 1.017192 0.701367 0.828975 0.943527
 936500.000 1.010753 0.701965 0.830836 0.927469
 937000.000 1.052191 0.741934 0.864519 0.957262
 937500.000 1.036083 0.737736 0.847769 0.940196
 938000.000 1.016493 0.735768 0.833135 0.911618
 938500.000 0.935171 0.667087 0.784810 0.829553
 939000.000 0.934466 0.673770 0.756867 0.848316
 939500.000 0.955755 0.683676 0.777099 0.869275
 940000.000 0.954619 0.694130 0.752519 0.880053
 940500.000 0.980122 0.730065 0.777978 0.884892
 941000.000 0.980592 0.767171 0.773958 0.857648
 941500.000 0.965319 0.719723 0.768641 0.868834
 942000.000 1.010315 0.737709 0.826799 0.902032
 942500.000 0.993898 0.730476 0.800095 0.895500
 943000.000 0.947411 0.681383 0.770751 0.858391
 943500.000 0.955833 0.666082 0.807799 0.855001
 944000.000 0.974667 0.685978 0.812001 0.877519
 944500.000 0.968777 0.701718 0.803578 0.859599
 945000.000 1.007705 0.761750 0.826156 0.876436
 945500.000 0.974489 0.686561 0.806255 0.881954
 946000.000 0.949155 0.695589 0.770406 0.851129
 946500.000 0.987911 0.743022 0.792716 0.878325
 947000.000 0.996799 0.716472 0.837819 0.878603
 947500.000 0.959601 0.721601 0.794302 0.830689
 948000.000 0.987415 0.727498 0.821105 0.864009
 948500.000 0.954045 0.703809 0.761592 0.863154
 949000.000 0.942567 0.695951 0.729060 0.872348
 949500.000 0.963480 0.722304 0.745519 0.882645
 950000.000 0.964949 0.744284 0.728479 0.881825
 950500.000 0.957984 0.707766 0.743515 0.884149
 951000.000 0.987690 0.729217 0.743197 0.931110
 951500.000 1.031054 0.710068 0.832838 0.963498
 952000.000 0.986925 0.680529 0.796537 0.922199
 952500.000 0.998365 0.699786 0.795214 0.933487
 953000.000 1.008236 0.722114 0.817440 0.918382
 953500.000 1.026111 0.681768 0.832342 0.973759
 954000.000 1.023527 0.730383 0.808034 0.953329
 954500.000 1.028962 0.755468 0.796062 0.955551
 955000.000 1.020816 0.721077 0.799762 0.961540
 955500.000 1.003711 0.742606 0.778146 0.926226
 956000.000 1.012688 0.751445 0.761367 0.952221
 956500.000 1.014732 0.730034 0.790982 0.949085
 957000.000 0.998881 0.700679 0.793201 0.935633
 957500.000 1.028298 0.718080 0.809927 0.971171
 958000.000 0.996588 0.679195 0.803577 0.937727
 958500.000 0.957738 0.690329 0.742698 0.897982
 959000.000 0.978275 0.661372 0.801021 0.913781
 959500.000 1.022103 0.661315 0.852093 0.962283
 960000.000 1.025064 0.670375 0.846081 0.967603
 960500.000 1.039617 0.740279 0.824284 0.966513
 961000.000 1.033525 0.757457 0.826485 0.937833
 961500.000 1.028981 0.757991 0.795038 0.954448
 962000.000 1.093041 0.839261 0.808457 1.015635
 962500.000 1.093591 0.807734 0.842992 1.014305
 963000.000 1.054539 0.751635 0.826738 0.987751
 963500.000 1.032772 0.725207 0.815361 0.970823
 964000.000 0.990942 0.677540 0.802583 0.927756
 964500.000 1.011311 0.698265 0.807838 0.951484
 965000.000 1.003243 0.735809 0.784526 0.925256
 965500.000 0.958132 0.720486 0.720640 0.893091
 966000.000 0.999718 0.786983 0.711741 0.934322
 966500.000 0.963495 0.708229 0.730500 0.906327
 967000.000 0.988054 0.753289 0.716457 0.933673
 967500.000 0.987402 0.771016 0.705046 0.926484
 968000.000 0.946976 0.750903 0.679605 0.876247
 968500.000 0.965359 0.740178 0.700110 0.908745
 969000.000 0.986966 0.783572 0.688680 0.927329
 969500.000 0.944855 0.737813 0.684839 0.878709
 970000.000 1.014926 0.778839 0.722956 0.964828
 970500.000 1.012034 0.784142 0.733947 0.945976
 971000.000 1.059369 0.810425 0.767241 0.999540
 971500.000 1.047464 0.814352 0.751053 0.983418
 972000.000 1.054059 0.828784 0.739348 0.994264
 972500.000 1.027622 0.803378 0.732491 0.964392
 973000.000 1.027764 0.794175 0.721495 0.980473
 973500.000 1.004639 0.785048 0.704887 0.951541
 974000.000 1.063697 0.803259 0.772415 1.010471
 974500.000 1.031448 0.821882 0.697657 0.982626
 975000.000 1.014264 0.792864 0.715389 0.957626
 975500.000 1.048504 0.827973 0.725718 0.993235
 976000.000 1.005086 0.792400 0.708809 0.943446
 976500.000 1.016799 0.815434 0.712427 0.946190
 977000.000 0.978925 0.749343 0.714659 0.918878
 977500.000 1.017352 0.810530 0.682264 0.973430
 978000.000 0.981835 0.751750 0.717145 0.921182
 978500.000 1.005011 0.781236 0.724259 0.940858
 979000.000 0.987765 0.802447 0.685320 0.915300
 979500.000 1.031390 0.828691 0.706830 0.970150
 980000.000 1.006379 0.799246 0.721531 0.930697
 980500.000 1.041119 0.815425 0.738268 0.978723
 981000.000 1.033693 0.788330 0.750379 0.975966
 981500.000 1.036849 0.802479 0.731163 0.985667
 982000.000 1.045146 0.824007 0.726799 0.988653
 982500.000 0.971522 0.764991 0.676190 0.919382
 983000.000 1.027445 0.809413 0.721012 0.967615
 983500.000 1.021239 0.768986 0.748420 0.966636
 984000.000 0.995934 0.790521 0.683628 0.944192
 984500.000 0.983499 0.794316 0.658767 0.932540
 985000.000 0.982556 0.807877 0.636879 0.934104
 985500.000 1.017306 0.819092 0.677608 0.969412
 986000.000 1.009569 0.793180 0.699064 0.959497
 986500.000 1.012162 0.823544 0.668145 0.961406
 987000.000 1.016576 0.819892 0.680855 0.964919
 987500.000 1.006823 0.811063 0.666852 0.961701
 988000.000 0.976671 0.801400 0.629624 0.932257
 988500.000 0.991868 0.811997 0.641559 0.946924
 989000.000 0.999358 0.807435 0.658018 0.955247
 989500.000 0.997341 0.813598 0.642577 0.956310
 990000.000 1.009988 0.841819 0.633709 0.964316
 990500.000 1.008280 0.781808 0.695884 0.968390
 991000.000 0.989745 0.806925 0.645238 0.944316
 991500.000 1.078525 0.849801 0.717545 1.043744
 992000.000 1.065284 0.847223 0.702495 1.028773
 992500.000 1.008840 0.835502 0.638945 0.963952
 993000.000 1.047095 0.884036 0.630948 1.006578
 993500.000 1.020034 0.848628 0.639020 0.975922
 994000.000 1.042515 0.891059 0.615315 1.000538
 994500.000 0.997978 0.817433 0.642754 0.954248
 995000.000 1.018988 0.838475 0.649030 0.975907
 995500.000 1.028686 0.873194 0.620394 0.984396
 996000.000 0.997053 0.808282 0.655608 0.951361
 996500.000 0.987137 0.812059 0.642822 0.936066
 997000.000 0.988929 0.805485 0.649299 0.941044
 997500.000 0.959906 0.812656 0.582621 0.918139
 998000.000 0.987011 0.823963 0.615360 0.943821
 998500.000 1.016960 0.868371 0.610767 0.970211
 999000.000 0.976093 0.811433 0.621079 0.928091
 999500.000 1.059150 0.915025 0.611533 1.016049
1000000.000 0.992273 0.830884 0.622395 0.944175
