27.473 30.793 -62.117
25.659 25.134 -53.2415
22.288 24.495 -47.234
26.615 33.949 -59.2445
28.435 29.686 -67.912
26.881 31.44 -58.834
32.004 28.803 -68.333
30.038 25.869 -58.312
30.951 32.738 -69.5755
26.66 29.195 -64.6975
31.056 30.428 -70.698
32.389 32.016 -76.081
29.879 26.46 -66.5955
26.061 23.918 -57.266
30.118 28.019 -67.6395
33.062 32.536 -67.082
30.468 27.654 -53.823
28.652 24.912 -56.429
29.825 29.382 -53.58
25.431 18.157 -42.685
30.68 22.612 -57.934
28.379 26.372 -56.696
34.439 27.501 -80.2125
29.984 24.214 -63.027
30.209 24.05 -58.977
30.051 27.717 -63.098
25.709 21.411 -58.238
30.826 32.1 -68.292
23.268 28.804 -51.942
31.501 33.424 -59.4535
30.975 34.594 -62.343
35.169 41.358 -82.111
37.238 39.261 -83.682
32.382 38.118 -70.9065
35.606 36.425 -81.6365
27.79 36.011 -74.157
33.836 38.546 -85.0795
34.91 33.755 -72.2875
31.499 32.672 -67.435
31.332 29.725 -65.0255
28.84 34.702 -70.3515
25.372 27.512 -51.791
33.045 31.672 -62.2155
25.931 31.09 -64.55
26.033 27.739 -61.491
26.499 27.955 -61.0975
24.122 25.765 -59.01
26.857 29.278 -65.0525
27.304 33.098 -72.349
31.616 33.741 -68.6535
32.613 37.556 -79.0375
29.903 39.246 -73.803
30.311 35.427 -67.26
33.111 37.53 -72.321
28.945 36.499 -71.3245
27.559 33.855 -64.7185
30.87 35.37 -65.7735
32.317 34.859 -71.5805
32.132 37.884 -75.3995
33.765 39.634 -71.9945
36.376 41.547 -80.034
39.433 45.285 -95.752
33.289 37.238 -77.46
33.855 36.217 -72.332
36.679 42.2 -80.196
35.22 40.019 -74.859
31.207 35.704 -61.861
34.054 35.08 -61.8825
28.011 33.153 -61.217
32.426 35.896 -66.1115
29.555 37.241 -66.561
24.716 28.825 -56.5165
32.436 35.221 -73.504
29.94 31.483 -60.654
26.409 28.281 -65.136
27.311 29.75 -59.122
27.599 30.22 -56.8565
25.002 23.701 -43.1
25.452 25.978 -54.3875
27.843 26.877 -59.189
26.514 28.229 -55.042
30.343 28.51 -57.9285
24.879 26.521 -55.686
27.167 31.486 -55.175
24.967 28.498 -60.2795
25.718 31.874 -62.965
25.195 33.725 -65.287
29.729 29.72 -57.134
26.419 30.688 -59.676
25.752 25.224 -52.182
31.213 28.633 -59.8515
25.222 28.268 -56.8065
27.327 24.664 -51.108
28.081 29.06 -57.614
30.723 34.651 -69.557
33.49 33.538 -74.865
30.783 28.822 -65.596
33.059 29.98 -65.0945
32.547 31.585 -64.456
30.994 31.012 -66.6695
30.103 31.504 -60.973
