       1    2.600    0.224
       2    2.157    0.264
       3    1.050    0.153
       4    0.743    0.131
       5    1.486    0.181
       6    0.663    0.127
       7    0.482    0.087
       8    1.265    0.136
       9    0.716    0.136
      10    1.723    0.181
      11    0.812    0.111
      12    0.503    0.111
      13    0.515    0.102
      14    1.820    0.178
      15    1.123    0.116
      16    1.754    0.140
      17    1.513    0.197
      18    1.796    0.118
      19    1.625    0.135
      20    2.306    0.275
      21    2.615    0.143
