      43    2.159    0.106
      44    2.194    0.303
      45    1.045    0.158
      46    0.946    0.120
      47    1.242    0.335
      48    0.501    0.124
      49    0.589    0.089
      50    1.214    0.155
      51    0.691    0.149
      52    1.280    0.131
      53    0.915    0.120
      54    1.149    0.119
      55    0.161    0.079
      56    1.201    0.152
      57    0.560    0.094
      58    1.440    0.153
      59    2.082    0.158
      60    0.812    0.149
      61    1.803    0.153
      62    2.190    0.151
      63    2.830    0.154
