BFII_lipid
""
WAVELENGTH	FLUORESCENCE
300.0	162.996337890625
300.5	171.78955078125
301.0	181.50616455078125
301.5	190.25953674316406
302.0	203.75123596191406
302.5	219.5714569091797
303.0	234.2483673095703
303.5	251.17529296875
304.0	267.14215087890625
304.5	285.1123352050781
305.0	305.44940185546875
305.5	321.47943115234375
306.0	343.59228515625
306.5	360.5157775878906
307.0	383.1900939941406
307.5	400.7372131347656
308.0	425.0625
308.5	447.651123046875
309.0	468.4297790527344
309.5	491.959228515625
310.0	513.833984375
310.5	536.2902221679688
311.0	561.4169311523438
311.5	584.525390625
312.0	609.9061279296875
312.5	633.4606323242188
313.0	659.7013549804688
313.5	684.2218017578125
314.0	711.1761474609375
314.5	741.1604614257812
315.0	764.0888061523438
315.5	793.8743896484375
316.0	816.4675903320312
316.5	847.398681640625
317.0	875.81298828125
317.5	901.6231689453125
318.0	927.5746459960938
318.5	955.9898071289062
319.0	982.124755859375
319.5	1011.1307983398438
320.0	1037.43212890625
320.5	1066.6622314453125
321.0	1098.466552734375
321.5	1122.5086669921875
322.0	1154.368896484375
322.5	1177.889892578125
323.0	1210.1788330078125
323.5	1239.9368896484375
324.0	1266.282470703125
324.5	1292.613525390625
325.0	1322.2213134765625
325.5	1348.8681640625
326.0	1377.634521484375
326.5	1403.467041015625
327.0	1432.0389404296875
327.5	1463.1435546875
328.0	1485.44189453125
328.5	1515.136962890625
329.0	1537.5809326171875
329.5	1566.908935546875
330.0	1591.439208984375
330.5	1617.8228759765625
331.0	1641.3829345703125
331.5	1666.806884765625
332.0	1689.5184326171875
332.5	1713.52734375
333.0	1739.2911376953125
333.5	1759.0264892578125
334.0	1783.5743408203125
334.5	1803.8529052734375
335.0	1825.3818359375
335.5	1844.7415771484375
336.0	1864.564453125
336.5	1882.894287109375
337.0	1901.589599609375
337.5	1922.4002685546875
338.0	1936.995361328125
338.5	1955.530029296875
339.0	1970.84326171875
339.5	1986.3919677734375
340.0	2000.2354736328125
340.5	2015.7513427734375
341.0	2027.4957275390625
341.5	2040.363037109375
342.0	2054.58056640625
342.5	2065.17822265625
343.0	2076.5751953125
343.5	2085.458984375
344.0	2095.28125
344.5	2103.332275390625
345.0	2111.849853515625
345.5	2118.49609375
346.0	2126.168701171875
346.5	2132.77734375
347.0	2138.0947265625
347.5	2143.5849609375
348.0	2147.364501953125
348.5	2152.067626953125
349.0	2154.9677734375
349.5	2156.94921875
350.0	2158.8642578125
350.5	2160.58447265625
351.0	2161.112060546875
351.5	2160.89892578125
352.0	2160.87255859375
352.5	2159.722412109375
353.0	2157.57177734375
353.5	2155.90673828125
354.0	2152.82861328125
354.5	2149.768798828125
355.0	2146.7216796875
355.5	2142.22705078125
356.0	2138.7275390625
356.5	2134.171875
357.0	2128.49658203125
357.5	2123.4189453125
358.0	2116.962646484375
358.5	2110.027099609375
359.0	2104.150634765625
359.5	2096.031982421875
360.0	2088.521728515625
360.5	2079.964111328125
361.0	2072.492919921875
361.5	2063.290771484375
362.0	2053.853515625
362.5	2045.310546875
363.0	2035.09716796875
363.5	2025.788330078125
364.0	2014.5726318359375
364.5	2004.8900146484375
365.0	1991.3131103515625
365.5	1978.9390869140625
366.0	1967.6767578125
366.5	1953.8721923828125
367.0	1941.31494140625
367.5	1926.850341796875
368.0	1913.220947265625
368.5	1899.8184814453125
369.0	1885.4412841796875
369.5	1872.1529541015625
370.0	1856.0711669921875
370.5	1841.4068603515625
371.0	1823.9544677734375
371.5	1806.846923828125
372.0	1792.22216796875
372.5	1774.79052734375
373.0	1759.064697265625
373.5	1739.3929443359375
374.0	1721.9066162109375
374.5	1705.2677001953125
375.0	1687.004638671875
375.5	1670.561767578125
376.0	1649.9039306640625
376.5	1631.124267578125
377.0	1614.0877685546875
377.5	1595.613037109375
378.0	1577.7115478515625
378.5	1556.113525390625
379.0	1537.150634765625
379.5	1518.896728515625
380.0	1498.8458251953125
380.5	1480.6810302734375
381.0	1459.1207275390625
381.5	1439.1527099609375
382.0	1421.1002197265625
382.5	1401.0435791015625
383.0	1383.22705078125
383.5	1361.142822265625
384.0	1341.3421630859375
384.5	1323.530029296875
385.0	1304.2576904296875
385.5	1286.5191650390625
386.0	1266.0302734375
386.5	1246.4609375
387.0	1228.127197265625
387.5	1208.77001953125
388.0	1191.8004150390625
388.5	1171.66064453125
389.0	1152.7296142578125
389.5	1136.198974609375
390.0	1115.47802734375
390.5	1101.0589599609375
391.0	1081.7762451171875
391.5	1063.4796142578125
392.0	1046.9541015625
392.5	1027.748779296875
393.0	1012.6155395507812
393.5	993.675048828125
394.0	976.18310546875
394.5	960.4127197265625
395.0	941.5633544921875
395.5	924.6438598632812
396.0	909.7479248046875
396.5	891.8539428710938
397.0	878.5914306640625
397.5	861.3133544921875
398.0	845.92529296875
398.5	831.7866821289062
399.0	814.7353515625
399.5	799.9840087890625
400.0	786.7356567382812
400.5	773.708251953125
401.0	759.2640991210938
401.5	743.4653930664062
402.0	729.5076293945312
402.5	716.7655639648438
403.0	701.4721069335938
403.5	687.1831665039062
404.0	674.9689331054688
404.5	663.0840454101562
405.0	650.509033203125
405.5	636.7373046875
406.0	625.5534057617188
406.5	613.34375
407.0	600.2947998046875
407.5	588.7869873046875
408.0	577.9278564453125
408.5	564.8013305664062
409.0	555.4669799804688
409.5	543.450927734375
410.0	533.0958251953125
410.5	522.431396484375
411.0	510.79949951171875
411.5	501.1901550292969
412.0	490.89666748046875
412.5	480.0307312011719
413.0	469.9189453125
413.5	461.1641540527344
414.0	450.6385803222656
414.5	442.79766845703125
415.0	432.4543151855469
415.5	424.17425537109375
416.0	415.3352355957031
416.5	405.45538330078125
417.0	397.3999938964844
417.5	388.7826232910156
418.0	379.4669494628906
418.5	372.24560546875
419.0	364.52056884765625
419.5	355.73724365234375
420.0	348.0072021484375
420.5	341.3026123046875
421.0	333.2060852050781
421.5	327.215087890625
422.0	319.6483154296875
422.5	312.0381164550781
423.0	306.4674072265625
423.5	299.18896484375
424.0	292.9542541503906
424.5	286.40606689453125
425.0	279.284912109375
425.5	273.6899108886719
426.0	267.5487365722656
426.5	261.28790283203125
427.0	256.0188903808594
427.5	250.43850708007812
428.0	244.49949645996094
428.5	239.55992126464844
429.0	234.4844970703125
429.5	228.7501678466797
430.0	224.1376190185547
430.5	219.18817138671875
431.0	213.88853454589844
431.5	209.6352996826172
432.0	205.01022338867188
432.5	200.23580932617188
433.0	196.25613403320312
433.5	192.01361083984375
434.0	187.62506103515625
434.5	183.99163818359375
435.0	180.0443878173828
435.5	175.66380310058594
436.0	172.30699157714844
436.5	168.4953155517578
437.0	164.69432067871094
437.5	161.33218383789062
438.0	157.696044921875
438.5	154.0655059814453
439.0	151.01644897460938
439.5	147.61001586914062
440.0	144.17820739746094
440.5	141.19381713867188
441.0	138.1188201904297
441.5	134.8008575439453
442.0	132.10609436035156
442.5	129.2563934326172
443.0	126.29752349853516
443.5	123.66649627685547
444.0	120.63284301757812
444.5	117.59768676757812
445.0	114.97242736816406
445.5	112.56767272949219
446.0	110.0998764038086
446.5	107.292236328125
447.0	105.18928527832031
447.5	102.84158325195312
448.0	100.26671600341797
448.5	98.23925018310547
449.0	95.9683609008789
449.5	93.62752532958984
450.0	91.77363586425781
