BFII_nolipid
""
WAVELENGTH	FLUORESCENCE
300.0	68.53938293457031
300.5	73.6160888671875
301.0	79.65989685058594
301.5	85.285888671875
302.0	93.20731353759766
302.5	102.53462982177734
303.0	111.31114959716797
303.5	121.53148651123047
304.0	131.06895446777344
304.5	142.2949981689453
305.0	155.22854614257812
305.5	165.01910400390625
306.0	178.6878662109375
306.5	189.56239318847656
307.0	205.00119018554688
307.5	216.40866088867188
308.0	232.86534118652344
308.5	248.36634826660156
309.0	263.1153564453125
309.5	280.0054016113281
310.0	295.7544250488281
310.5	312.32562255859375
311.0	330.97650146484375
311.5	348.6339111328125
312.0	368.477783203125
312.5	387.3629150390625
313.0	408.4228210449219
313.5	428.2021484375
314.0	450.28387451171875
314.5	474.9560852050781
315.0	493.73822021484375
315.5	519.1961059570312
316.0	538.6466064453125
316.5	565.082275390625
317.0	590.2130126953125
317.5	613.133056640625
318.0	636.3976440429688
318.5	662.6472778320312
319.0	687.0693969726562
319.5	714.0659790039062
320.0	738.61376953125
320.5	766.272705078125
321.0	796.3751831054688
321.5	819.366943359375
322.0	850.7105102539062
322.5	874.3964233398438
323.0	906.0980224609375
323.5	935.3480834960938
324.0	962.0596313476562
324.5	989.3778076171875
325.0	1019.3751831054688
325.5	1047.1898193359375
326.0	1077.490234375
326.5	1105.685546875
327.0	1136.34326171875
327.5	1169.8807373046875
328.0	1195.0758056640625
328.5	1227.9232177734375
329.0	1252.247802734375
329.5	1284.638671875
330.0	1311.8455810546875
330.5	1341.646484375
331.0	1367.8297119140625
331.5	1396.4493408203125
332.0	1422.61279296875
332.5	1450.7078857421875
333.0	1481.224853515625
333.5	1503.7059326171875
334.0	1533.5458984375
334.5	1557.7591552734375
335.0	1583.6387939453125
335.5	1606.955078125
336.0	1632.0692138671875
336.5	1654.05908203125
337.0	1677.9783935546875
337.5	1703.1407470703125
338.0	1721.8167724609375
338.5	1745.3970947265625
339.0	1763.5518798828125
339.5	1784.7149658203125
340.0	1802.544677734375
340.5	1822.2911376953125
341.0	1839.474365234375
341.5	1858.4598388671875
342.0	1878.0191650390625
342.5	1892.05810546875
343.0	1909.82666015625
343.5	1923.714111328125
344.0	1938.5386962890625
344.5	1950.2265625
345.0	1963.4410400390625
345.5	1975.0166015625
346.0	1986.984619140625
346.5	1999.55322265625
347.0	2009.540283203125
347.5	2019.693359375
348.0	2028.24365234375
348.5	2036.9920654296875
349.0	2044.8951416015625
349.5	2052.65673828125
350.0	2060.094482421875
350.5	2064.944091796875
351.0	2070.813232421875
351.5	2074.683837890625
352.0	2078.67431640625
352.5	2081.76416015625
353.0	2084.630126953125
353.5	2086.70849609375
354.0	2088.560546875
354.5	2090.2783203125
355.0	2090.402587890625
355.5	2090.330078125
356.0	2090.045166015625
356.5	2089.415283203125
357.0	2089.761474609375
357.5	2088.460205078125
358.0	2086.142333984375
358.5	2083.164794921875
359.0	2079.881591796875
359.5	2075.7841796875
360.0	2071.921875
360.5	2066.89404296875
361.0	2062.272705078125
361.5	2055.81787109375
362.0	2049.6484375
362.5	2044.0848388671875
363.0	2036.6171875
363.5	2028.9625244140625
364.0	2020.7978515625
364.5	2012.34375
365.0	2001.9742431640625
365.5	1991.8780517578125
366.0	1982.4443359375
366.5	1971.41259765625
367.0	1960.7493896484375
367.5	1947.9429931640625
368.0	1935.19482421875
368.5	1924.4884033203125
369.0	1911.447265625
369.5	1899.7666015625
370.0	1886.902099609375
370.5	1874.7022705078125
371.0	1858.8818359375
371.5	1843.638427734375
372.0	1829.97119140625
372.5	1813.7889404296875
373.0	1799.7484130859375
373.5	1781.79833984375
374.0	1765.3297119140625
374.5	1750.2130126953125
375.0	1732.44384765625
375.5	1716.0245361328125
376.0	1697.2677001953125
376.5	1678.854736328125
377.0	1662.8111572265625
377.5	1644.3531494140625
378.0	1627.3592529296875
378.5	1605.8243408203125
379.0	1587.007568359375
379.5	1569.3765869140625
380.0	1550.099609375
380.5	1532.672607421875
381.0	1511.9984130859375
381.5	1493.13623046875
382.0	1475.28466796875
382.5	1456.3431396484375
383.0	1439.08740234375
383.5	1418.792236328125
384.0	1399.1036376953125
384.5	1381.9039306640625
385.0	1363.0567626953125
385.5	1345.739990234375
386.0	1324.7115478515625
386.5	1305.3115234375
387.0	1287.71826171875
387.5	1268.1357421875
388.0	1250.038330078125
388.5	1229.436279296875
389.0	1210.6949462890625
389.5	1193.830078125
390.0	1173.8609619140625
390.5	1157.9644775390625
391.0	1138.1954345703125
391.5	1120.175537109375
392.0	1103.4833984375
392.5	1083.1832275390625
393.0	1068.710205078125
393.5	1049.0701904296875
394.0	1031.3255615234375
394.5	1015.3115234375
395.0	995.6096801757812
395.5	978.6563110351562
396.0	963.6906127929688
396.5	945.4389038085938
397.0	932.1531982421875
397.5	914.3727416992188
398.0	898.320068359375
398.5	883.6061401367188
399.0	865.8773193359375
399.5	850.5641479492188
400.0	836.640380859375
400.5	822.3565063476562
401.0	806.4358520507812
401.5	789.5595703125
402.0	774.2838745117188
402.5	760.7787475585938
403.0	744.685791015625
403.5	730.1747436523438
404.0	717.3425903320312
404.5	705.1180419921875
405.0	691.6378173828125
405.5	676.9957275390625
406.0	665.3506469726562
406.5	652.5814819335938
407.0	638.3126220703125
407.5	625.8408203125
408.0	614.6178588867188
408.5	601.0377197265625
409.0	591.0466918945312
409.5	578.1084594726562
410.0	568.0296020507812
410.5	556.6245727539062
411.0	544.2600708007812
411.5	533.9949340820312
412.0	523.12548828125
412.5	511.4460754394531
413.0	500.7595520019531
413.5	491.529296875
414.0	480.2649230957031
414.5	471.95574951171875
415.0	461.2925720214844
415.5	452.4367980957031
416.0	442.9634094238281
416.5	433.0401306152344
417.0	424.96783447265625
417.5	416.1622009277344
418.0	406.72979736328125
418.5	399.0714416503906
419.0	391.0194396972656
419.5	382.20343017578125
420.0	374.239990234375
420.5	367.2436218261719
421.0	358.599365234375
421.5	352.4791564941406
422.0	344.1629943847656
422.5	336.1038513183594
423.0	330.31671142578125
423.5	322.42999267578125
424.0	315.7542419433594
424.5	309.1043701171875
425.0	301.54583740234375
425.5	295.5971374511719
426.0	289.1769104003906
426.5	282.460205078125
427.0	276.9598083496094
427.5	270.7884216308594
428.0	264.5125732421875
428.5	259.44976806640625
429.0	254.04010009765625
429.5	248.21905517578125
430.0	243.3369598388672
430.5	238.20057678222656
431.0	232.29269409179688
431.5	227.8140106201172
432.0	222.75570678710938
432.5	217.41639709472656
433.0	213.04791259765625
433.5	208.19940185546875
434.0	202.8765411376953
434.5	198.6761932373047
435.0	194.006103515625
435.5	189.1276092529297
436.0	185.1358642578125
436.5	180.9724578857422
437.0	176.53231811523438
437.5	172.94667053222656
438.0	168.9253387451172
438.5	164.82493591308594
439.0	161.1324005126953
439.5	157.5370330810547
440.0	153.66822814941406
440.5	150.43431091308594
441.0	147.0049285888672
441.5	143.41143798828125
442.0	140.25987243652344
442.5	137.24725341796875
443.0	133.75015258789062
443.5	130.92433166503906
444.0	127.985595703125
444.5	124.89237976074219
445.0	121.77591705322266
445.5	119.10951232910156
446.0	116.3895263671875
446.5	113.4633560180664
447.0	111.10718536376953
447.5	108.52700805664062
448.0	105.82563018798828
448.5	103.58875274658203
449.0	101.16883850097656
449.5	98.64159393310547
450.0	96.68524169921875
