 750000.000   27.820
 750500.000   29.185
 751000.000   28.027
 751500.000   28.880
 752000.000   28.514
 752500.000   28.320
 753000.000   27.894
 753500.000   27.706
 754000.000   28.383
 754500.000   29.140
 755000.000   28.418
 755500.000   29.392
 756000.000   28.613
 756500.000   28.276
 757000.000   27.665
 757500.000   27.886
 758000.000   27.988
 758500.000   28.396
 759000.000   27.738
 759500.000   27.948
 760000.000   28.560
 760500.000   30.369
 761000.000   28.986
 761500.000   29.142
 762000.000   28.641
 762500.000   28.286
 763000.000   28.555
 763500.000   27.986
 764000.000   29.301
 764500.000   29.073
 765000.000   28.020
 765500.000   27.918
 766000.000   28.806
 766500.000   27.767
 767000.000   28.305
 767500.000   27.136
 768000.000   30.125
 768500.000   29.760
 769000.000   29.573
 769500.000   29.435
 770000.000   29.817
 770500.000   29.127
 771000.000   27.972
 771500.000   28.335
 772000.000   28.435
 772500.000   27.485
 773000.000   26.926
 773500.000   27.742
 774000.000   27.616
 774500.000   26.985
 775000.000   28.390
 775500.000   26.457
 776000.000   27.309
 776500.000   27.209
 777000.000   28.142
 777500.000   28.003
 778000.000   26.862
 778500.000   27.222
 779000.000   27.021
 779500.000   27.603
 780000.000   25.926
 780500.000   25.667
 781000.000   28.597
 781500.000   29.604
 782000.000   27.528
 782500.000   27.090
 783000.000   28.669
 783500.000   27.425
 784000.000   29.077
 784500.000   28.060
 785000.000   28.949
 785500.000   27.863
 786000.000   28.174
 786500.000   28.402
 787000.000   29.736
 787500.000   28.505
 788000.000   28.476
 788500.000   28.276
 789000.000   28.906
 789500.000   29.041
 790000.000   27.000
 790500.000   27.427
 791000.000   28.087
 791500.000   28.421
 792000.000   27.423
 792500.000   28.543
 793000.000   27.685
 793500.000   26.894
 794000.000   28.536
 794500.000   27.349
 795000.000   27.741
 795500.000   29.274
 796000.000   29.277
 796500.000   27.645
 797000.000   27.757
 797500.000   26.240
 798000.000   26.003
 798500.000   25.608
 799000.000   27.481
 799500.000   27.386
 800000.000   28.131
 800500.000   27.403
 801000.000   29.281
 801500.000   29.018
 802000.000   29.714
 802500.000   30.048
 803000.000   29.511
 803500.000   28.147
 804000.000   28.825
 804500.000   27.827
 805000.000   28.326
 805500.000   28.837
 806000.000   28.456
 806500.000   28.960
 807000.000   26.936
 807500.000   27.838
 808000.000   27.444
 808500.000   27.063
 809000.000   28.883
 809500.000   29.168
 810000.000   28.889
 810500.000   29.095
 811000.000   28.071
 811500.000   27.672
 812000.000   27.459
 812500.000   27.656
 813000.000   28.214
 813500.000   28.008
 814000.000   27.153
 814500.000   29.319
 815000.000   29.142
 815500.000   28.491
 816000.000   28.503
 816500.000   27.837
 817000.000   27.367
 817500.000   28.437
 818000.000   30.009
 818500.000   28.311
 819000.000   29.067
 819500.000   27.810
 820000.000   28.058
 820500.000   28.351
 821000.000   27.699
 821500.000   28.361
 822000.000   26.514
 822500.000   25.124
 823000.000   26.722
 823500.000   26.136
 824000.000   26.637
 824500.000   26.159
 825000.000   25.185
 825500.000   26.556
 826000.000   25.216
 826500.000   25.766
 827000.000   26.551
 827500.000   26.641
 828000.000   27.136
 828500.000   28.046
 829000.000   27.575
 829500.000   28.531
 830000.000   27.829
 830500.000   27.891
 831000.000   27.814
 831500.000   28.808
 832000.000   28.220
 832500.000   26.468
 833000.000   26.394
 833500.000   26.410
 834000.000   25.715
 834500.000   25.109
 835000.000   24.318
 835500.000   26.788
 836000.000   27.335
 836500.000   28.119
 837000.000   28.630
 837500.000   28.331
 838000.000   27.323
 838500.000   28.484
 839000.000   29.194
 839500.000   28.648
 840000.000   29.777
 840500.000   27.658
 841000.000   28.538
 841500.000   28.013
 842000.000   29.324
 842500.000   26.676
 843000.000   28.591
 843500.000   26.917
 844000.000   27.752
 844500.000   28.568
 845000.000   27.430
 845500.000   28.543
 846000.000   27.109
 846500.000   27.131
 847000.000   27.980
 847500.000   27.658
 848000.000   29.106
 848500.000   26.603
 849000.000   28.065
 849500.000   27.757
 850000.000   27.470
 850500.000   27.925
 851000.000   28.673
 851500.000   28.038
 852000.000   28.115
 852500.000   27.785
 853000.000   29.113
 853500.000   27.036
 854000.000   26.894
 854500.000   27.239
 855000.000   27.814
 855500.000   27.229
 856000.000   28.490
 856500.000   28.515
 857000.000   27.013
 857500.000   28.529
 858000.000   28.566
 858500.000   28.876
 859000.000   27.097
 859500.000   28.466
 860000.000   27.624
 860500.000   28.419
 861000.000   28.477
 861500.000   27.436
 862000.000   28.626
 862500.000   28.411
 863000.000   25.494
 863500.000   26.500
 864000.000   26.937
 864500.000   26.147
 865000.000   26.404
 865500.000   28.066
 866000.000   27.489
 866500.000   27.886
 867000.000   26.732
 867500.000   25.973
 868000.000   26.995
 868500.000   26.603
 869000.000   26.367
 869500.000   26.131
 870000.000   27.084
 870500.000   27.075
 871000.000   26.280
 871500.000   26.733
 872000.000   26.767
 872500.000   26.586
 873000.000   26.070
 873500.000   25.990
 874000.000   26.632
 874500.000   26.263
 875000.000   26.789
 875500.000   26.261
 876000.000   26.934
 876500.000   26.750
 877000.000   27.457
 877500.000   26.491
 878000.000   26.127
 878500.000   27.456
 879000.000   26.853
 879500.000   26.215
 880000.000   25.877
 880500.000   26.323
 881000.000   26.108
 881500.000   28.201
 882000.000   27.008
 882500.000   26.754
 883000.000   25.853
 883500.000   25.338
 884000.000   26.490
 884500.000   26.620
 885000.000   25.920
 885500.000   26.309
 886000.000   24.719
 886500.000   24.610
 887000.000   25.121
 887500.000   27.456
 888000.000   26.610
 888500.000   25.840
 889000.000   25.929
 889500.000   26.260
 890000.000   26.827
 890500.000   26.513
 891000.000   26.567
 891500.000   26.978
 892000.000   26.802
 892500.000   25.739
 893000.000   25.441
 893500.000   26.157
 894000.000   25.904
 894500.000   25.697
 895000.000   26.648
 895500.000   25.719
 896000.000   25.232
 896500.000   26.502
 897000.000   26.800
 897500.000   27.169
 898000.000   26.251
 898500.000   26.910
 899000.000   27.806
 899500.000   27.292
 900000.000   27.615
 900500.000   26.493
 901000.000   26.311
 901500.000   27.701
 902000.000   25.951
 902500.000   26.169
 903000.000   26.106
 903500.000   25.913
 904000.000   27.604
 904500.000   26.909
 905000.000   27.770
 905500.000   26.898
 906000.000   24.243
 906500.000   25.699
 907000.000   25.290
 907500.000   24.657
 908000.000   24.700
 908500.000   25.204
 909000.000   26.592
 909500.000   26.571
 910000.000   26.791
 910500.000   26.881
 911000.000   26.493
 911500.000   26.524
 912000.000   27.475
 912500.000   26.760
 913000.000   26.437
 913500.000   25.686
 914000.000   26.102
 914500.000   26.295
 915000.000   27.206
 915500.000   25.744
 916000.000   27.811
 916500.000   27.139
 917000.000   28.038
 917500.000   28.068
 918000.000   27.018
 918500.000   27.669
 919000.000   27.495
 919500.000   27.646
 920000.000   27.109
 920500.000   26.793
 921000.000   27.744
 921500.000   26.532
 922000.000   27.110
 922500.000   27.221
 923000.000   26.567
 923500.000   27.600
 924000.000   28.054
 924500.000   27.450
 925000.000   26.649
 925500.000   27.161
 926000.000   26.549
 926500.000   26.928
 927000.000   26.851
 927500.000   27.101
 928000.000   27.784
 928500.000   26.040
 929000.000   27.761
 929500.000   25.931
 930000.000   26.431
 930500.000   25.597
 931000.000   26.388
 931500.000   25.872
 932000.000   26.855
 932500.000   27.344
 933000.000   25.842
 933500.000   26.421
 934000.000   26.655
 934500.000   25.858
 935000.000   26.725
 935500.000   25.828
 936000.000   27.402
 936500.000   28.206
 937000.000   26.139
 937500.000   25.643
 938000.000   26.936
 938500.000   25.478
 939000.000   25.613
 939500.000   25.292
 940000.000   26.726
 940500.000   27.316
 941000.000   24.844
 941500.000   26.975
 942000.000   27.616
 942500.000   25.886
 943000.000   27.991
 943500.000   27.399
 944000.000   27.334
 944500.000   26.026
 945000.000   26.727
 945500.000   27.105
 946000.000   24.225
 946500.000   25.381
 947000.000   26.397
 947500.000   27.609
 948000.000   25.507
 948500.000   26.927
 949000.000   25.125
 949500.000   24.787
 950000.000   25.422
 950500.000   25.481
 951000.000   24.476
 951500.000   26.470
 952000.000   25.505
 952500.000   26.831
 953000.000   26.181
 953500.000   25.862
 954000.000   26.332
 954500.000   26.879
 955000.000   26.464
 955500.000   26.020
 956000.000   28.134
 956500.000   27.420
 957000.000   26.778
 957500.000   26.430
 958000.000   24.890
 958500.000   26.510
 959000.000   26.994
 959500.000   27.263
 960000.000   27.202
 960500.000   26.403
 961000.000   27.603
 961500.000   25.952
 962000.000   26.678
 962500.000   27.060
 963000.000   25.616
 963500.000   25.892
 964000.000   26.197
 964500.000   24.600
 965000.000   26.261
 965500.000   26.098
 966000.000   26.367
 966500.000   27.287
 967000.000   27.153
 967500.000   27.842
 968000.000   28.354
 968500.000   26.863
 969000.000   27.474
 969500.000   26.778
 970000.000   26.771
 970500.000   26.359
 971000.000   27.539
 971500.000   25.815
 972000.000   26.289
 972500.000   26.760
 973000.000   26.563
 973500.000   28.046
 974000.000   26.905
 974500.000   27.090
 975000.000   25.547
 975500.000   26.652
 976000.000   26.677
 976500.000   25.040
 977000.000   25.822
 977500.000   26.331
 978000.000   25.536
 978500.000   25.706
 979000.000   26.755
 979500.000   27.015
 980000.000   25.292
 980500.000   25.823
 981000.000   27.191
 981500.000   25.523
 982000.000   25.780
 982500.000   24.868
 983000.000   26.256
 983500.000   25.678
 984000.000   26.253
 984500.000   26.151
 985000.000   25.873
 985500.000   25.940
 986000.000   25.968
 986500.000   26.344
 987000.000   25.240
 987500.000   26.165
 988000.000   27.569
 988500.000   26.650
 989000.000   26.500
 989500.000   26.210
 990000.000   25.153
 990500.000   26.094
 991000.000   27.931
 991500.000   26.172
 992000.000   27.562
 992500.000   27.274
 993000.000   26.030
 993500.000   26.533
 994000.000   26.293
 994500.000   27.660
 995000.000   28.450
 995500.000   28.043
 996000.000   27.817
 996500.000   27.760
 997000.000   27.154
 997500.000   26.848
 998000.000   27.284
 998500.000   27.985
 999000.000   27.992
 999500.000   28.029
1000000.000   27.576
