 750000.000 1.156619 1.071006 0.622480 1.068175
 750500.000 1.227111 1.143272 0.613836 1.152275
 751000.000 1.155006 1.109707 0.530317 1.074891
 751500.000 1.109463 1.060807 0.557559 1.012736
 752000.000 1.197713 1.152701 0.522265 1.125857
 752500.000 1.112070 1.051719 0.531907 1.041328
 753000.000 1.147698 1.082022 0.573685 1.065145
 753500.000 1.123606 1.054106 0.568779 1.044190
 754000.000 1.223424 1.175236 0.500548 1.166963
 754500.000 1.259929 1.184790 0.603390 1.186186
 755000.000 1.336573 1.293415 0.487931 1.289130
 755500.000 1.286861 1.214763 0.567911 1.230387
 756000.000 1.273159 1.227664 0.518943 1.210541
 756500.000 1.140800 1.029693 0.655136 1.055168
 757000.000 1.016868 0.926519 0.582641 0.932810
 757500.000 1.012648 0.900901 0.778974 0.795290
 758000.000 1.014267 0.893947 0.662034 0.905564
 758500.000 1.046243 0.965151 0.646407 0.916457
 759000.000 1.021805 0.829772 0.743110 0.920563
 759500.000 1.123769 0.967774 0.769990 0.998122
 760000.000 1.136160 1.056230 0.642718 1.026164
 760500.000 1.151498 1.062483 0.765117 0.968309
 761000.000 1.254834 1.221418 0.495719 1.188115
 761500.000 1.321107 1.250652 0.588441 1.257081
 762000.000 1.213186 1.165291 0.526229 1.144037
 762500.000 1.219931 1.172060 0.539868 1.145111
 763000.000 1.232322 1.171057 0.602354 1.141504
 763500.000 1.146037 1.062486 0.598283 1.067700
 764000.000 1.161548 1.073553 0.614914 1.080625
 764500.000 1.208954 1.151391 0.579096 1.123425
 765000.000 1.086404 1.036595 0.560119 0.986045
 765500.000 1.196597 1.116252 0.618435 1.111398
 766000.000 1.226107 1.173363 0.583185 1.135690
 766500.000 1.208464 1.157432 0.543328 1.133981
 767000.000 1.181420 1.129295 0.561017 1.096111
 767500.000 1.195636 1.151803 0.546941 1.110538
 768000.000 1.211141 1.146649 0.580843 1.132051
 768500.000 1.237629 1.173161 0.600612 1.151698
 769000.000 1.228297 1.175607 0.592762 1.133142
 769500.000 1.264418 1.221246 0.573547 1.173502
 770000.000 1.275905 1.224603 0.593416 1.184935
 770500.000 1.196270 1.145598 0.556001 1.113817
 771000.000 1.237803 1.197192 0.540001 1.157343
 771500.000 1.225333 1.163504 0.587466 1.141940
 772000.000 1.227845 1.189677 0.536689 1.145356
 772500.000 1.194824 1.153897 0.536250 1.111830
 773000.000 1.158023 1.109497 0.556015 1.068597
 773500.000 1.165408 1.118723 0.529100 1.088514
 774000.000 1.230901 1.194802 0.511321 1.158117
 774500.000 1.192527 1.156207 0.495142 1.123503
 775000.000 1.237184 1.186877 0.555381 1.159363
 775500.000 1.208182 1.178965 0.479791 1.139846
 776000.000 1.222646 1.173978 0.544261 1.146858
 776500.000 1.194859 1.141393 0.549368 1.118388
 777000.000 1.208855 1.144609 0.532445 1.152836
 777500.000 1.186507 1.127912 0.549361 1.114277
 778000.000 1.196805 1.133816 0.563076 1.123428
 778500.000 1.178842 1.123327 0.523931 1.114885
 779000.000 1.176048 1.093210 0.593601 1.103952
 779500.000 1.195257 1.081642 0.623193 1.139721
 780000.000 1.176634 1.077037 0.603910 1.115445
 780500.000 1.151267 1.066612 0.626420 1.058663
 781000.000 1.184071 1.129834 0.542064 1.110716
 781500.000 1.193929 1.065310 0.693651 1.111259
 782000.000 1.090521 0.985400 0.614782 1.014643
 782500.000 1.002981 0.900878 0.609771 0.910243
 783000.000 1.174103 1.065002 0.643931 1.099162
 783500.000 1.063354 0.929977 0.656042 0.982952
 784000.000 1.105385 0.919150 0.735529 1.028548
 784500.000 1.141825 1.074628 0.573478 1.060107
 785000.000 1.193523 1.137615 0.567616 1.110243
 785500.000 1.148439 1.081760 0.586851 1.059824
 786000.000 1.160839 1.104936 0.548145 1.083395
 786500.000 1.185793 1.077590 0.624277 1.123071
 787000.000 1.281389 1.150751 0.679100 1.224137
 787500.000 1.206311 0.999058 0.774625 1.145518
 788000.000 1.254133 1.130230 0.667977 1.192512
 788500.000 1.193081 1.029501 0.728200 1.121042
 789000.000 1.098703 0.876645 0.783123 1.016125
 789500.000 1.218688 0.920495 0.908514 1.139161
 790000.000 1.178947 0.890191 0.880759 1.100752
 790500.000 1.249796 0.963599 0.886671 1.187127
 791000.000 1.222070 0.916795 0.888492 1.164895
 791500.000 1.207181 0.867259 0.909974 1.155152
 792000.000 1.023760 0.710135 0.821934 0.957236
 792500.000 1.032086 0.659794 0.862299 0.975456
 793000.000 1.049503 0.725142 0.844592 0.981705
 793500.000 0.980678 0.800615 0.689174 0.898618
 794000.000 1.088700 0.765262 0.832305 1.045072
 794500.000 1.074822 0.880650 0.725523 1.004268
 795000.000 1.033501 0.866756 0.697509 0.947874
 795500.000 1.123710 0.884698 0.785451 1.061049
 796000.000 1.049605 0.827170 0.798847 0.938603
 796500.000 1.012461 0.870983 0.667451 0.919811
 797000.000 1.114745 0.989329 0.677823 1.023278
 797500.000 1.041655 0.877132 0.809229 0.863641
 798000.000 0.901682 0.755945 0.732631 0.719625
 798500.000 0.861532 0.745486 0.681375 0.681510
 799000.000 0.968129 0.872896 0.692770 0.795406
 799500.000 1.029188 0.788879 0.826666 0.901525
 800000.000 1.094174 0.819072 0.841445 1.007733
 800500.000 1.130133 0.886653 0.846659 1.025386
 801000.000 1.204823 0.829957 0.963216 1.134277
 801500.000 1.246083 0.830327 0.993043 1.195770
 802000.000 1.257552 1.012886 0.824758 1.206942
 802500.000 1.300756 1.013892 0.884529 1.254419
 803000.000 1.308928 1.169482 0.662954 1.272553
 803500.000 1.189558 1.134503 0.535652 1.120748
 804000.000 1.229150 1.141835 0.596441 1.167088
 804500.000 1.170344 1.101907 0.542579 1.109423
 805000.000 1.270159 1.231474 0.511833 1.203373
 805500.000 1.198845 1.107182 0.594188 1.138221
 806000.000 1.195533 1.100729 0.587209 1.141132
 806500.000 1.308002 1.236834 0.549798 1.260835
 807000.000 1.139860 1.074905 0.593629 1.044388
 807500.000 1.033605 0.892174 0.765418 0.868815
 808000.000 1.005721 0.899842 0.704683 0.846554
 808500.000 0.977004 0.914345 0.640148 0.814406
 809000.000 1.106889 1.023269 0.702472 0.953866
 809500.000 1.175601 1.107082 0.575794 1.098592
 810000.000 1.307261 1.111834 0.814277 1.232331
 810500.000 1.211967 1.080652 0.757181 1.093890
 811000.000 1.134413 1.027353 0.621401 1.064047
 811500.000 1.057984 0.758372 0.849723 0.970311
 812000.000 0.994131 0.651751 0.850165 0.910513
 812500.000 1.113450 0.757787 0.904090 1.043035
 813000.000 1.091028 0.694472 0.924373 1.021727
 813500.000 1.046590 0.673114 0.903049 0.960272
 814000.000 1.026373 0.639086 0.859779 0.979404
 814500.000 1.073719 0.638581 0.930784 1.015679
 815000.000 1.101751 0.651458 0.950580 1.048671
 815500.000 1.048961 0.672109 0.905552 0.963786
 816000.000 1.071613 0.645764 0.943268 0.994958
 816500.000 1.060592 0.629050 0.937123 0.987831
 817000.000 1.066910 0.612904 0.951063 0.998210
 817500.000 1.102694 0.614662 0.989590 1.036712
 818000.000 1.061644 0.657854 0.927023 0.980832
 818500.000 1.096449 0.654813 0.980564 1.007033
 819000.000 1.055549 0.639800 0.941976 0.965247
 819500.000 1.077542 0.614517 0.965646 1.006027
 820000.000 1.051912 0.609525 0.938632 0.980045
 820500.000 1.074960 0.642380 0.934562 1.012435
 821000.000 1.046818 0.712084 0.869159 0.963927
 821500.000 1.029777 0.629243 0.882676 0.972532
 822000.000 1.011976 0.664336 0.846198 0.943822
 822500.000 0.931732 0.705196 0.720161 0.848714
 823000.000 0.953099 0.895695 0.567430 0.832196
 823500.000 0.870829 0.806051 0.558735 0.744838
 824000.000 0.943504 0.854879 0.688142 0.758975
 824500.000 0.966847 0.780938 0.738224 0.845427
 825000.000 0.971892 0.880187 0.603284 0.866294
 825500.000 1.020833 0.961789 0.611659 0.886023
 826000.000 0.950587 0.855988 0.616718 0.833171
 826500.000 1.028131 0.793332 0.812403 0.908148
 827000.000 0.955915 0.862921 0.618917 0.836575
 827500.000 1.128013 1.038690 0.687262 0.996804
 828000.000 1.041736 0.926991 0.721884 0.888819
 828500.000 1.119968 1.060475 0.605454 1.008699
 829000.000 1.203192 1.155807 0.526214 1.132497
 829500.000 1.257291 1.210135 0.515644 1.196348
 830000.000 1.243944 1.190226 0.554067 1.170968
 830500.000 1.119513 1.046737 0.624519 1.010415
 831000.000 1.167056 1.126458 0.552434 1.072357
 831500.000 1.189061 1.132381 0.563859 1.107929
 832000.000 1.132031 1.081065 0.606908 1.012892
 832500.000 0.992859 0.906973 0.630874 0.866565
 833000.000 1.021754 0.979444 0.624767 0.859256
 833500.000 1.004253 0.965339 0.651533 0.812819
 834000.000 0.947652 0.887183 0.650807 0.765144
 834500.000 0.900817 0.824409 0.662166 0.710513
 835000.000 0.905085 0.785678 0.688567 0.739556
 835500.000 0.979215 0.895618 0.672012 0.814857
 836000.000 1.012458 0.807734 0.764088 0.902152
 836500.000 1.101407 1.017060 0.663772 0.975289
 837000.000 1.064686 0.929905 0.819428 0.854943
 837500.000 1.124845 0.911970 0.826951 1.007479
 838000.000 0.979272 0.783073 0.762150 0.850806
 838500.000 1.070099 0.786789 0.836614 0.985527
 839000.000 1.180020 0.858626 0.899646 1.112788
 839500.000 1.159388 0.753993 0.935660 1.115526
 840000.000 1.094373 0.864151 0.766265 1.030234
 840500.000 1.073959 0.809396 0.805357 1.001525
 841000.000 1.204270 0.878044 0.908320 1.142160
 841500.000 1.251137 0.928713 0.913896 1.197069
 842000.000 1.192177 0.868929 0.897521 1.132251
 842500.000 1.054402 0.684878 0.857402 1.009619
 843000.000 1.134141 0.831874 0.861883 1.066628
 843500.000 1.278915 1.071443 0.773816 1.234693
 844000.000 1.221132 0.975045 0.819439 1.166247
 844500.000 1.240608 0.972313 0.847687 1.189221
 845000.000 1.244647 0.868705 0.966941 1.186874
 845500.000 1.202093 0.835867 0.951787 1.133790
 846000.000 1.116132 0.849219 0.841875 1.030326
 846500.000 1.150970 0.784336 0.928844 1.082371
 847000.000 1.174603 0.938839 0.798807 1.113495
 847500.000 1.170944 0.899688 0.810874 1.129275
 848000.000 1.194598 1.017586 0.723359 1.138156
 848500.000 1.121725 0.875906 0.780093 1.068072
 849000.000 1.140581 0.933313 0.765556 1.069906
 849500.000 1.133950 0.921042 0.756533 1.072858
 850000.000 1.169871 0.850130 0.876571 1.116286
 850500.000 1.090201 0.710433 0.907101 1.024464
 851000.000 1.089963 0.645355 0.952424 1.025887
 851500.000 1.181444 0.803758 0.921489 1.138619
 852000.000 1.182009 0.767317 0.980714 1.115219
 852500.000 1.162846 0.825931 0.878851 1.117980
 853000.000 1.197921 1.007361 0.737600 1.145077
 853500.000 1.179876 0.918507 0.811054 1.132585
 854000.000 1.122314 0.791288 0.859905 1.074060
 854500.000 1.195183 0.919457 0.836409 1.145400
 855000.000 1.203416 0.967688 0.792305 1.154233
 855500.000 1.136432 0.886567 0.786697 1.085385
 856000.000 1.182278 0.916755 0.827973 1.126758
 856500.000 1.200058 0.880777 0.892535 1.143630
 857000.000 1.116776 0.760704 0.891916 1.058391
 857500.000 1.195575 0.865586 0.894040 1.144662
 858000.000 1.102423 0.928041 0.756282 0.998724
 858500.000 1.220536 0.944427 0.899067 1.130997
 859000.000 1.102544 0.830953 0.873630 0.988684
 859500.000 1.113760 0.691703 0.927567 1.068685
 860000.000 1.039828 0.669954 0.860122 0.986831
 860500.000 1.067029 0.769320 0.827616 1.000151
 861000.000 1.094940 0.630266 0.949245 1.048564
 861500.000 0.945406 0.742474 0.756865 0.814539
 862000.000 1.213140 0.890468 0.954789 1.113043
 862500.000 1.156809 0.773362 0.972068 1.064617
 863000.000 1.041963 0.754362 0.843991 0.943393
 863500.000 1.067963 0.640148 0.927026 1.005944
 864000.000 1.096210 0.651613 0.930295 1.055132
 864500.000 1.050463 0.712286 0.873338 0.967923
 865000.000 1.041050 0.768443 0.812340 0.957691
 865500.000 1.054791 0.787940 0.809345 0.974310
 866000.000 1.116508 0.776929 0.853468 1.077568
 866500.000 1.162187 0.793229 0.906774 1.117993
 867000.000 1.055540 0.867701 0.699944 0.992726
 867500.000 1.056140 0.886363 0.679896 0.991446
 868000.000 1.113612 0.805645 0.834435 1.065324
 868500.000 1.120198 0.903623 0.745732 1.066319
 869000.000 1.086271 0.889392 0.706576 1.034264
 869500.000 1.094916 0.901375 0.718991 1.033564
 870000.000 1.076898 0.852397 0.732082 1.028052
 870500.000 1.089273 0.851352 0.758525 1.035795
 871000.000 1.082907 0.870979 0.756499 1.007215
 871500.000 1.096847 0.808600 0.806688 1.049557
 872000.000 1.089270 0.896534 0.741660 1.009546
 872500.000 1.092757 0.872336 0.739994 1.039073
 873000.000 1.096483 0.812733 0.821399 1.034078
 873500.000 1.066936 0.837444 0.760867 0.998236
 874000.000 1.087852 0.835133 0.806029 1.009809
 874500.000 1.093325 0.735323 0.888107 1.030187
 875000.000 1.075086 0.827646 0.773150 1.014328
 875500.000 1.080579 0.806636 0.790341 1.029564
 876000.000 1.122889 0.863040 0.800911 1.065582
 876500.000 1.095047 0.782669 0.843405 1.036509
 877000.000 1.117157 0.835879 0.824950 1.056809
 877500.000 1.074782 0.810592 0.792028 1.012889
 878000.000 1.099489 0.946424 0.686362 1.025154
 878500.000 1.095878 0.949313 0.673915 1.023005
 879000.000 1.114500 0.988031 0.632256 1.052742
 879500.000 1.053946 0.908210 0.644567 0.990601
 880000.000 0.984888 0.904960 0.581329 0.884936
 880500.000 0.989003 0.892623 0.582315 0.905753
 881000.000 1.017385 0.921329 0.592473 0.932883
 881500.000 1.001664 0.902426 0.620470 0.898502
 882000.000 1.014982 0.876739 0.667112 0.920146
 882500.000 1.005762 0.820688 0.704169 0.923976
 883000.000 1.009070 0.826212 0.730510 0.905635
 883500.000 0.982107 0.864691 0.666451 0.858616
 884000.000 1.008115 0.869553 0.667393 0.911623
 884500.000 1.009800 0.859487 0.677469 0.917448
 885000.000 1.013557 0.863585 0.683850 0.917152
 885500.000 1.044318 0.870642 0.722954 0.948957
 886000.000 1.017884 0.864851 0.658114 0.943978
 886500.000 1.022685 0.868216 0.672562 0.941081
 887000.000 1.043513 0.898838 0.654675 0.970221
 887500.000 0.984346 0.847710 0.651739 0.891345
 888000.000 1.003121 0.845252 0.687375 0.908608
 888500.000 0.972779 0.801096 0.670440 0.895184
 889000.000 0.971115 0.814754 0.651038 0.893564
 889500.000 0.984612 0.801781 0.668176 0.921742
 890000.000 0.995733 0.816483 0.669538 0.931689
 890500.000 1.044645 0.899829 0.616113 0.996633
 891000.000 1.024009 0.893132 0.599210 0.969769
 891500.000 1.046306 0.903773 0.651811 0.973577
 892000.000 1.049204 0.878627 0.685322 0.979798
 892500.000 1.001407 0.824810 0.691817 0.920168
 893000.000 0.998551 0.777376 0.746331 0.912624
 893500.000 1.000801 0.822570 0.697032 0.916914
 894000.000 1.004297 0.836543 0.697445 0.911588
 894500.000 1.026469 0.867025 0.682407 0.943327
 895000.000 1.045934 0.879521 0.684231 0.972742
 895500.000 1.012578 0.885997 0.629600 0.932332
 896000.000 1.019427 0.890453 0.627190 0.944559
 896500.000 1.016845 0.864460 0.665106 0.937173
 897000.000 0.991001 0.807163 0.710181 0.899053
 897500.000 0.982527 0.829364 0.672137 0.889441
 898000.000 0.968992 0.754749 0.726797 0.883183
 898500.000 0.999384 0.808200 0.711335 0.915616
 899000.000 0.998653 0.833442 0.695358 0.903586
 899500.000 0.999111 0.849785 0.662809 0.913781
 900000.000 1.028024 0.864444 0.671044 0.957133
 900500.000 0.973072 0.797801 0.672583 0.897154
 901000.000 1.009876 0.853355 0.634303 0.953491
 901500.000 1.035892 0.841033 0.692989 0.979068
 902000.000 0.996432 0.850850 0.617949 0.938054
 902500.000 1.000906 0.873860 0.608774 0.932410
 903000.000 0.991616 0.828648 0.660147 0.918778
 903500.000 1.017678 0.903968 0.598285 0.946697
 904000.000 0.998365 0.899683 0.607486 0.902771
 904500.000 1.063345 0.917707 0.661914 0.990499
 905000.000 1.075838 0.875661 0.729771 1.007724
 905500.000 0.977339 0.771504 0.714514 0.897015
 906000.000 0.957087 0.760544 0.656125 0.907250
 906500.000 0.985616 0.833487 0.613245 0.933866
 907000.000 0.960938 0.743475 0.682480 0.910094
 907500.000 0.985465 0.798593 0.663530 0.929655
 908000.000 0.986881 0.810773 0.635380 0.941704
 908500.000 0.981015 0.798186 0.633600 0.941398
 909000.000 0.958772 0.813286 0.624381 0.887243
 909500.000 1.042493 0.851604 0.709523 0.972075
 910000.000 0.982707 0.840795 0.630136 0.909625
 910500.000 1.008950 0.862329 0.653835 0.929973
 911000.000 1.005880 0.838345 0.681094 0.925678
 911500.000 1.026512 0.816481 0.733657 0.950033
 912000.000 1.036166 0.807616 0.738754 0.974311
 912500.000 0.990583 0.768793 0.705962 0.934390
 913000.000 0.981225 0.783778 0.693244 0.911433
 913500.000 0.966052 0.775689 0.681982 0.894270
 914000.000 0.969728 0.754425 0.708228 0.900001
 914500.000 0.977580 0.820621 0.668531 0.889366
 915000.000 0.963845 0.805770 0.682993 0.861540
 915500.000 0.987049 0.771608 0.722903 0.911353
 916000.000 1.031555 0.841921 0.759581 0.917833
 916500.000 1.032508 0.771533 0.776111 0.966713
 917000.000 0.989700 0.834369 0.680959 0.893943
 917500.000 1.035150 0.868100 0.674770 0.966519
 918000.000 1.013316 0.803445 0.710634 0.950313
 918500.000 1.004852 0.847006 0.681339 0.915322
 919000.000 1.048074 0.830627 0.740858 0.978830
 919500.000 0.996101 0.743017 0.780906 0.906942
 920000.000 1.045475 0.785767 0.761544 0.994313
 920500.000 1.039237 0.841776 0.685773 0.990531
 921000.000 0.978362 0.787027 0.686660 0.907453
 921500.000 0.973721 0.789893 0.691004 0.891544
 922000.000 1.028377 0.858311 0.681968 0.955688
 922500.000 1.050688 0.845492 0.727884 0.981437
 923000.000 1.063366 0.801534 0.761812 1.019157
 923500.000 1.099210 0.772596 0.853269 1.044774
 924000.000 1.105758 0.873247 0.754017 1.055603
 924500.000 1.129899 0.890486 0.767016 1.082618
 925000.000 1.155609 0.906136 0.778201 1.115431
 925500.000 1.090230 0.896859 0.721779 1.025613
 926000.000 1.108168 0.892635 0.748565 1.048296
 926500.000 1.054118 0.833935 0.745484 0.985462
 927000.000 1.039234 0.813329 0.765967 0.954884
 927500.000 1.083765 0.813602 0.783072 1.036313
 928000.000 1.106890 0.860074 0.781031 1.049132
 928500.000 1.062309 0.832003 0.756140 0.996506
 929000.000 1.059428 0.848926 0.731057 0.994814
 929500.000 1.036392 0.810165 0.721452 0.985573
 930000.000 1.028520 0.736995 0.804832 0.961660
 930500.000 0.993843 0.718725 0.775516 0.925990
 931000.000 1.027424 0.800261 0.756159 0.948159
 931500.000 1.026429 0.811866 0.754709 0.937231
 932000.000 1.050938 0.862750 0.738312 0.958906
 932500.000 1.038159 0.788372 0.759814 0.978110
 933000.000 1.015751 0.822541 0.711305 0.938601
 933500.000 1.061298 0.793706 0.808219 0.984642
 934000.000 1.011388 0.812685 0.696619 0.948722
 934500.000 0.987597 0.790565 0.684722 0.925665
 935000.000 1.063727 0.860178 0.742287 0.985968
 935500.000 0.995183 0.803288 0.686560 0.929592
 936000.000 0.994289 0.772259 0.732277 0.919025
 936500.000 1.031015 0.799357 0.729026 0.977514
 937000.000 0.968829 0.839851 0.612740 0.892447
 937500.000 0.915346 0.814445 0.587293 0.816998
 938000.000 0.953080 0.858772 0.578052 0.863186
 938500.000 0.976510 0.860488 0.637341 0.872067
 939000.000 0.983995 0.861104 0.626937 0.895511
 939500.000 1.007800 0.866071 0.652783 0.924724
 940000.000 0.996293 0.872693 0.628589 0.910211
 940500.000 0.980402 0.846450 0.656574 0.880232
 941000.000 1.016831 0.853918 0.674653 0.939977
 941500.000 1.031858 0.895026 0.666104 0.940583
 942000.000 1.027164 0.838622 0.703771 0.954752
 942500.000 1.000471 0.853909 0.695687 0.888112
 943000.000 1.026381 0.823259 0.735587 0.942377
 943500.000 1.030298 0.850868 0.727637 0.932520
 944000.000 0.997014 0.852024 0.662280 0.907478
 944500.000 1.010368 0.900054 0.616192 0.922984
 945000.000 1.018081 0.948031 0.579411 0.915694
 945500.000 1.061589 1.012287 0.508670 0.985126
 946000.000 0.927537 0.830548 0.542445 0.858251
 946500.000 0.912140 0.818197 0.555845 0.828004
 947000.000 0.905396 0.775966 0.605758 0.818791
 947500.000 0.959057 0.837347 0.598269 0.883461
 948000.000 0.951281 0.858803 0.559111 0.871622
 948500.000 0.950539 0.841592 0.601535 0.858445
 949000.000 0.952832 0.828468 0.604234 0.874253
 949500.000 0.960261 0.875767 0.533575 0.890243
 950000.000 0.978792 0.909771 0.554936 0.883421
 950500.000 0.964446 0.847103 0.592346 0.889862
 951000.000 0.947361 0.827339 0.591478 0.872152
 951500.000 1.038515 0.926353 0.589301 0.975510
 952000.000 0.988764 0.869342 0.621326 0.901946
 952500.000 0.993558 0.862932 0.618721 0.920243
 953000.000 0.980044 0.864745 0.587552 0.909931
 953500.000 0.992287 0.888755 0.590982 0.911110
 954000.000 0.982823 0.861425 0.601954 0.909660
 954500.000 0.989705 0.818347 0.666676 0.919177
 955000.000 0.978133 0.826914 0.626050 0.915294
 955500.000 1.018319 0.826044 0.674096 0.968087
 956000.000 1.062468 0.894632 0.667034 1.006169
 956500.000 1.064675 0.889886 0.658129 1.020801
 957000.000 1.041738 0.908255 0.607657 0.988060
 957500.000 1.078519 0.923440 0.657405 1.020531
 958000.000 1.003561 0.915966 0.550737 0.933789
 958500.000 1.065938 0.962855 0.606052 0.988968
 959000.000 1.075364 0.918805 0.643056 1.027177
 959500.000 1.032179 0.860914 0.646184 0.985932
 960000.000 1.041915 0.913920 0.625693 0.971820
 960500.000 1.050079 0.908066 0.653863 0.976324
 961000.000 1.088224 0.939839 0.640565 1.036744
 961500.000 1.048692 0.895065 0.647022 0.989812
 962000.000 1.037131 0.890884 0.629236 0.980647
 962500.000 1.068782 0.869778 0.700094 1.018796
 963000.000 1.061177 0.909523 0.650597 1.000840
 963500.000 1.090317 0.974481 0.612331 1.026168
 964000.000 1.048338 0.870217 0.655852 1.005289
 964500.000 1.036003 0.869245 0.661086 0.976721
 965000.000 1.078848 0.873276 0.704071 1.034166
 965500.000 1.068491 0.942020 0.610144 1.011764
 966000.000 1.077775 0.934471 0.650425 1.013364
 966500.000 1.076252 0.930282 0.656569 1.010013
 967000.000 1.078204 0.940041 0.650207 1.009258
 967500.000 1.075337 0.897654 0.685356 1.018432
 968000.000 1.076097 0.872877 0.708108 1.025981
 968500.000 1.062253 0.900215 0.684751 0.988683
 969000.000 1.116084 0.927741 0.717579 1.056249
 969500.000 1.092052 0.962851 0.638831 1.024680
 970000.000 1.078279 0.962927 0.590847 1.024227
 970500.000 1.038167 0.903660 0.605374 0.986155
 971000.000 1.036764 0.863945 0.662998 0.981729
 971500.000 1.068900 0.922840 0.630553 1.017775
 972000.000 1.087408 0.934087 0.647061 1.036198
 972500.000 1.103367 0.864341 0.758176 1.054951
 973000.000 1.006469 0.828403 0.668627 0.944801
 973500.000 1.061821 0.859486 0.720304 0.998687
 974000.000 1.015754 0.810526 0.713916 0.947040
 974500.000 1.042900 0.851979 0.704264 0.976435
 975000.000 1.019325 0.802211 0.730993 0.948764
 975500.000 1.032260 0.832482 0.721660 0.957759
 976000.000 1.015493 0.859556 0.667545 0.937016
 976500.000 1.040003 0.852549 0.691765 0.978691
 977000.000 0.991896 0.875911 0.619827 0.903499
 977500.000 1.001348 0.914028 0.588326 0.907647
 978000.000 0.953550 0.848927 0.591493 0.864855
 978500.000 0.978092 0.843936 0.624910 0.900328
 979000.000 1.008711 0.884553 0.619644 0.931988
 979500.000 1.001892 0.897389 0.600109 0.917681
 980000.000 0.966809 0.720037 0.738397 0.897640
 980500.000 0.974686 0.749437 0.703399 0.918478
 981000.000 1.012215 0.733755 0.763876 0.962941
 981500.000 0.983096 0.771899 0.704411 0.917023
 982000.000 1.077181 0.896683 0.680232 1.026589
 982500.000 1.006928 0.878506 0.634842 0.923586
 983000.000 0.983812 0.768184 0.701030 0.924242
 983500.000 1.022364 0.810942 0.731668 0.947360
 984000.000 0.983344 0.818287 0.676344 0.898273
 984500.000 1.068120 0.882685 0.701200 1.005458
 985000.000 0.974196 0.781046 0.682812 0.906560
 985500.000 1.035240 0.861677 0.672303 0.974148
 986000.000 1.031525 0.853005 0.673807 0.972860
 986500.000 1.050719 0.825913 0.731837 0.995140
 987000.000 1.060014 0.855949 0.722535 0.996270
 987500.000 1.018425 0.827070 0.699176 0.949467
 988000.000 1.018960 0.810064 0.701522 0.963445
 988500.000 1.116069 0.896026 0.737122 1.070050
 989000.000 1.050391 0.840748 0.720645 0.990179
 989500.000 1.005165 0.784879 0.726014 0.936793
 990000.000 1.017694 0.808579 0.713456 0.953197
 990500.000 0.978313 0.890912 0.560962 0.897657
 991000.000 1.055440 0.885170 0.687588 0.985699
 991500.000 1.021479 0.766926 0.755792 0.963037
 992000.000 1.071670 0.875046 0.718660 1.007360
 992500.000 1.072701 0.828035 0.761084 1.018079
 993000.000 1.043944 0.806598 0.763989 0.972294
 993500.000 1.029688 0.784159 0.751360 0.970087
 994000.000 1.024426 0.797684 0.719588 0.972004
 994500.000 1.073578 0.923520 0.671032 1.000983
 995000.000 1.014321 0.811480 0.740253 0.922615
 995500.000 1.017768 0.799705 0.749018 0.933354
 996000.000 1.065594 0.780558 0.820393 0.994315
 996500.000 1.003776 0.739135 0.769784 0.936079
 997000.000 1.016536 0.749971 0.807147 0.923444
 997500.000 0.996499 0.745644 0.796114 0.892322
 998000.000 0.994815 0.743615 0.793113 0.892930
 998500.000 0.997464 0.752498 0.797288 0.887663
 999000.000 1.024354 0.751807 0.789799 0.953732
 999500.000 1.010395 0.753792 0.777736 0.932051
1000000.000 1.025123 0.784330 0.791566 0.927364
