      43    1.933    0.138
      44    1.853    0.140
      45    1.273    0.130
      46    0.665    0.091
      47    2.069    0.240
      48    1.757    0.172
      49    0.173    0.079
      50    0.819    0.180
      51    1.058    0.167
      52    0.878    0.173
      53    0.591    0.150
      54    0.892    0.173
      55    0.176    0.081
      56    1.193    0.162
      57    0.751    0.158
      58    1.069    0.162
      59    1.659    0.223
      60    1.366    0.150
      61    1.246    0.180
      62    1.972    0.268
      63    2.401    0.392
