 750000.000   25.830
 750500.000   26.256
 751000.000   25.792
 751500.000   25.785
 752000.000   27.315
 752500.000   25.253
 753000.000   26.342
 753500.000   26.454
 754000.000   25.200
 754500.000   25.496
 755000.000   25.878
 755500.000   25.458
 756000.000   26.539
 756500.000   25.574
 757000.000   25.119
 757500.000   25.634
 758000.000   25.790
 758500.000   25.072
 759000.000   25.129
 759500.000   27.058
 760000.000   26.669
 760500.000   26.370
 761000.000   24.953
 761500.000   26.357
 762000.000   26.288
 762500.000   26.653
 763000.000   25.205
 763500.000   25.231
 764000.000   26.487
 764500.000   26.122
 765000.000   25.872
 765500.000   26.133
 766000.000   26.014
 766500.000   26.551
 767000.000   26.318
 767500.000   26.815
 768000.000   25.794
 768500.000   25.847
 769000.000   26.839
 769500.000   26.448
 770000.000   25.823
 770500.000   26.053
 771000.000   26.238
 771500.000   26.650
 772000.000   26.330
 772500.000   26.302
 773000.000   26.062
 773500.000   25.230
 774000.000   25.990
 774500.000   25.639
 775000.000   25.628
 775500.000   26.722
 776000.000   26.096
 776500.000   25.212
 777000.000   25.911
 777500.000   25.198
 778000.000   26.481
 778500.000   27.029
 779000.000   26.592
 779500.000   24.982
 780000.000   25.403
 780500.000   26.939
 781000.000   25.868
 781500.000   24.907
 782000.000   25.378
 782500.000   26.249
 783000.000   28.100
 783500.000   28.447
 784000.000   26.366
 784500.000   25.810
 785000.000   26.294
 785500.000   25.838
 786000.000   26.522
 786500.000   25.951
 787000.000   26.446
 787500.000   26.973
 788000.000   27.535
 788500.000   25.187
 789000.000   27.650
 789500.000   26.380
 790000.000   26.824
 790500.000   25.103
 791000.000   26.409
 791500.000   25.200
 792000.000   25.576
 792500.000   26.867
 793000.000   26.486
 793500.000   27.970
 794000.000   24.794
 794500.000   26.604
 795000.000   25.694
 795500.000   26.170
 796000.000   25.827
 796500.000   26.592
 797000.000   25.629
 797500.000   26.174
 798000.000   25.539
 798500.000   25.537
 799000.000   26.196
 799500.000   25.654
 800000.000   26.182
 800500.000   25.325
 801000.000   25.981
 801500.000   25.519
 802000.000   24.402
 802500.000   25.874
 803000.000   26.213
 803500.000   26.513
 804000.000   25.575
 804500.000   25.471
 805000.000   25.815
 805500.000   26.404
 806000.000   25.926
 806500.000   26.353
 807000.000   25.963
 807500.000   26.151
 808000.000   25.022
 808500.000   25.186
 809000.000   25.708
 809500.000   25.860
 810000.000   24.785
 810500.000   25.390
 811000.000   25.484
 811500.000   27.244
 812000.000   25.620
 812500.000   26.168
 813000.000   25.925
 813500.000   26.151
 814000.000   27.008
 814500.000   26.800
 815000.000   27.292
 815500.000   26.703
 816000.000   25.978
 816500.000   26.648
 817000.000   27.257
 817500.000   26.542
 818000.000   26.109
 818500.000   26.308
 819000.000   26.832
 819500.000   27.866
 820000.000   26.257
 820500.000   25.684
 821000.000   27.185
 821500.000   26.277
 822000.000   25.819
 822500.000   25.392
 823000.000   26.088
 823500.000   25.949
 824000.000   26.418
 824500.000   26.120
 825000.000   26.205
 825500.000   25.444
 826000.000   26.300
 826500.000   26.541
 827000.000   26.897
 827500.000   27.132
 828000.000   26.302
 828500.000   26.567
 829000.000   26.196
 829500.000   26.465
 830000.000   27.211
 830500.000   27.172
 831000.000   27.139
 831500.000   27.304
 832000.000   27.179
 832500.000   26.234
 833000.000   26.485
 833500.000   27.070
 834000.000   27.247
 834500.000   26.300
 835000.000   27.232
 835500.000   28.180
 836000.000   28.263
 836500.000   26.971
 837000.000   27.715
 837500.000   26.309
 838000.000   26.333
 838500.000   26.850
 839000.000   26.545
 839500.000   27.111
 840000.000   26.992
 840500.000   26.462
 841000.000   27.958
 841500.000   26.771
 842000.000   27.071
 842500.000   27.168
 843000.000   26.819
 843500.000   27.716
 844000.000   26.653
 844500.000   26.531
 845000.000   26.190
 845500.000   26.769
 846000.000   27.024
 846500.000   26.150
 847000.000   26.400
 847500.000   26.273
 848000.000   26.517
 848500.000   26.253
 849000.000   26.772
 849500.000   27.074
 850000.000   26.951
 850500.000   26.272
 851000.000   27.526
 851500.000   26.530
 852000.000   25.700
 852500.000   26.521
 853000.000   26.909
 853500.000   26.166
 854000.000   26.564
 854500.000   26.620
 855000.000   26.647
 855500.000   27.838
 856000.000   27.043
 856500.000   26.229
 857000.000   26.059
 857500.000   26.400
 858000.000   26.564
 858500.000   25.711
 859000.000   25.830
 859500.000   25.946
 860000.000   24.572
 860500.000   25.517
 861000.000   26.077
 861500.000   27.024
 862000.000   26.240
 862500.000   27.142
 863000.000   24.775
 863500.000   25.973
 864000.000   25.599
 864500.000   25.831
 865000.000   26.375
 865500.000   26.371
 866000.000   25.869
 866500.000   24.797
 867000.000   27.001
 867500.000   26.405
 868000.000   26.230
 868500.000   26.564
 869000.000   25.560
 869500.000   26.941
 870000.000   26.893
 870500.000   28.154
 871000.000   26.515
 871500.000   27.427
 872000.000   27.200
 872500.000   27.514
 873000.000   27.047
 873500.000   27.849
 874000.000   27.776
 874500.000   26.167
 875000.000   26.973
 875500.000   26.692
 876000.000   26.696
 876500.000   26.017
 877000.000   25.922
 877500.000   26.795
 878000.000   26.231
 878500.000   25.625
 879000.000   25.525
 879500.000   25.306
 880000.000   25.128
 880500.000   25.595
 881000.000   26.776
 881500.000   26.831
 882000.000   26.402
 882500.000   24.862
 883000.000   25.536
 883500.000   24.560
 884000.000   27.123
 884500.000   25.730
 885000.000   26.831
 885500.000   26.341
 886000.000   25.685
 886500.000   25.476
 887000.000   25.494
 887500.000   25.475
 888000.000   24.640
 888500.000   26.066
 889000.000   25.748
 889500.000   24.968
 890000.000   25.898
 890500.000   26.937
 891000.000   26.175
 891500.000   24.874
 892000.000   25.641
 892500.000   25.222
 893000.000   25.407
 893500.000   25.853
 894000.000   26.172
 894500.000   25.968
 895000.000   24.450
 895500.000   25.040
 896000.000   25.258
 896500.000   25.272
 897000.000   25.623
 897500.000   24.542
 898000.000   24.871
 898500.000   25.978
 899000.000   25.802
 899500.000   25.500
 900000.000   25.628
 900500.000   25.151
 901000.000   24.929
 901500.000   24.421
 902000.000   24.676
 902500.000   25.091
 903000.000   26.108
 903500.000   26.103
 904000.000   26.191
 904500.000   24.829
 905000.000   24.323
 905500.000   24.843
 906000.000   24.561
 906500.000   24.477
 907000.000   25.692
 907500.000   24.680
 908000.000   25.403
 908500.000   24.171
 909000.000   24.286
 909500.000   24.908
 910000.000   25.347
 910500.000   25.188
 911000.000   25.425
 911500.000   24.209
 912000.000   25.787
 912500.000   25.047
 913000.000   25.368
 913500.000   25.096
 914000.000   25.142
 914500.000   25.077
 915000.000   25.741
 915500.000   24.635
 916000.000   25.408
 916500.000   24.178
 917000.000   24.687
 917500.000   25.455
 918000.000   25.703
 918500.000   26.084
 919000.000   26.118
 919500.000   25.620
 920000.000   25.272
 920500.000   25.636
 921000.000   25.989
 921500.000   24.779
 922000.000   25.584
 922500.000   25.210
 923000.000   24.822
 923500.000   24.785
 924000.000   25.522
 924500.000   25.472
 925000.000   25.191
 925500.000   25.056
 926000.000   24.881
 926500.000   25.676
 927000.000   25.487
 927500.000   25.160
 928000.000   24.205
 928500.000   25.922
 929000.000   25.966
 929500.000   25.834
 930000.000   26.438
 930500.000   25.279
 931000.000   25.491
 931500.000   25.227
 932000.000   24.529
 932500.000   26.068
 933000.000   25.297
 933500.000   25.782
 934000.000   25.589
 934500.000   26.282
 935000.000   26.668
 935500.000   26.051
 936000.000   25.132
 936500.000   25.428
 937000.000   25.158
 937500.000   26.013
 938000.000   25.212
 938500.000   26.221
 939000.000   25.821
 939500.000   25.066
 940000.000   25.965
 940500.000   26.704
 941000.000   25.643
 941500.000   25.379
 942000.000   24.960
 942500.000   25.306
 943000.000   25.521
 943500.000   25.020
 944000.000   24.833
 944500.000   24.680
 945000.000   26.115
 945500.000   25.222
 946000.000   25.505
 946500.000   25.885
 947000.000   24.292
 947500.000   24.299
 948000.000   24.971
 948500.000   23.932
 949000.000   24.827
 949500.000   24.322
 950000.000   24.977
 950500.000   25.584
 951000.000   23.884
 951500.000   24.794
 952000.000   25.043
 952500.000   24.591
 953000.000   25.032
 953500.000   24.568
 954000.000   25.607
 954500.000   24.683
 955000.000   24.921
 955500.000   25.984
 956000.000   24.407
 956500.000   26.177
 957000.000   24.820
 957500.000   26.222
 958000.000   26.243
 958500.000   25.111
 959000.000   25.841
 959500.000   25.221
 960000.000   24.616
 960500.000   24.456
 961000.000   24.443
 961500.000   25.463
 962000.000   26.301
 962500.000   25.058
 963000.000   24.560
 963500.000   24.568
 964000.000   24.050
 964500.000   24.959
 965000.000   24.888
 965500.000   24.678
 966000.000   24.539
 966500.000   24.892
 967000.000   25.760
 967500.000   24.517
 968000.000   23.961
 968500.000   24.223
 969000.000   25.651
 969500.000   26.181
 970000.000   25.556
 970500.000   25.526
 971000.000   24.654
 971500.000   25.486
 972000.000   24.786
 972500.000   25.068
 973000.000   25.409
 973500.000   23.793
 974000.000   25.903
 974500.000   24.530
 975000.000   25.198
 975500.000   24.370
 976000.000   24.681
 976500.000   24.754
 977000.000   24.227
 977500.000   25.426
 978000.000   23.678
 978500.000   25.329
 979000.000   25.835
 979500.000   24.810
 980000.000   24.306
 980500.000   24.460
 981000.000   23.786
 981500.000   24.552
 982000.000   24.691
 982500.000   24.895
 983000.000   24.958
 983500.000   24.493
 984000.000   25.929
 984500.000   24.496
 985000.000   25.246
 985500.000   25.219
 986000.000   25.493
 986500.000   24.944
 987000.000   25.180
 987500.000   24.917
 988000.000   25.485
 988500.000   26.337
 989000.000   25.264
 989500.000   26.123
 990000.000   24.756
 990500.000   25.146
 991000.000   25.315
 991500.000   25.045
 992000.000   24.745
 992500.000   24.664
 993000.000   24.661
 993500.000   25.254
 994000.000   26.271
 994500.000   24.569
 995000.000   24.865
 995500.000   24.580
 996000.000   24.025
 996500.000   25.409
 997000.000   25.348
 997500.000   26.244
 998000.000   25.781
 998500.000   24.674
 999000.000   25.402
 999500.000   25.164
1000000.000   25.999
