      22    2.948    0.173
      23    1.877    0.214
      24    0.708    0.254
      25    0.776    0.127
      26    1.432    0.208
      27    0.254    0.181
      28    0.579    0.101
      29    1.982    0.137
      30    0.942    0.212
      31    2.265    0.190
      32    0.970    0.101
      33    1.033    0.207
      34    0.139    0.081
      35    1.930    0.164
      36    1.238    0.162
      37    1.856    0.129
      38    1.658    0.150
      39    0.256    0.105
      40    1.127    0.242
      41    1.584    0.407
      42    2.609    0.209
