 750000.000    6.313  667.318
 750500.000    6.152  684.835
 751000.000    6.318  666.789
 751500.000    6.334  665.130
 752000.000    6.163  683.582
 752500.000    6.538  644.354
 753000.000    6.373  661.035
 753500.000    6.368  661.561
 754000.000    6.274  671.468
 754500.000    6.235  675.741
 755000.000    6.589  639.361
 755500.000    6.442  653.975
 756000.000    6.347  663.784
 756500.000    6.289  669.903
 757000.000    6.330  665.531
 757500.000    6.245  674.660
 758000.000    6.429  655.269
 758500.000    6.614  636.967
 759000.000    6.160  683.962
 759500.000    6.519  646.224
 760000.000    6.289  669.925
 760500.000    6.284  670.370
 761000.000    6.420  656.207
 761500.000    6.198  679.752
 762000.000    6.405  657.804
 762500.000    6.526  645.592
 763000.000    6.537  644.453
 763500.000    6.239  675.306
 764000.000    6.346  663.827
 764500.000    6.219  677.435
 765000.000    6.161  683.775
 765500.000    6.252  673.841
 766000.000    6.377  660.652
 766500.000    6.143  685.840
 767000.000    6.461  652.044
 767500.000    6.288  669.974
 768000.000    6.477  650.476
 768500.000    6.536  644.540
 769000.000    6.411  657.154
 769500.000    6.273  671.608
 770000.000    6.203  679.192
 770500.000    6.314  667.288
 771000.000    6.277  671.224
 771500.000    6.380  660.294
 772000.000    6.496  648.547
 772500.000    6.210  678.450
 773000.000    6.396  658.679
 773500.000    6.290  669.819
 774000.000    6.300  668.709
 774500.000    6.216  677.743
 775000.000    6.238  675.414
 775500.000    6.083  692.629
 776000.000    6.381  660.281
 776500.000    6.376  660.747
 777000.000    6.205  678.941
 777500.000    6.355  662.958
 778000.000    6.492  648.979
 778500.000    6.567  641.493
 779000.000    6.335  665.055
 779500.000    6.471  651.075
 780000.000    6.471  651.089
 780500.000    6.334  665.138
 781000.000    6.352  663.279
 781500.000    6.463  651.836
 782000.000    6.564  641.854
 782500.000    6.425  655.666
 783000.000    6.362  662.210
 783500.000    6.423  655.937
 784000.000    6.501  648.055
 784500.000    6.478  650.370
 785000.000    6.350  663.499
 785500.000    6.371  661.223
 786000.000    6.394  658.865
 786500.000    6.412  657.062
 787000.000    6.474  650.753
 787500.000    6.475  650.622
 788000.000    6.254  673.617
 788500.000    6.360  662.433
 789000.000    6.363  662.108
 789500.000    6.471  651.037
 790000.000    6.460  652.112
 790500.000    6.181  681.592
 791000.000    6.561  642.077
 791500.000    6.308  667.833
 792000.000    6.318  666.845
 792500.000    6.406  657.702
 793000.000    6.608  637.554
 793500.000    6.411  657.193
 794000.000    6.632  635.263
 794500.000    6.425  655.715
 795000.000    6.569  641.315
 795500.000    6.461  652.009
 796000.000    6.489  649.228
 796500.000    6.501  648.062
 797000.000    6.601  638.196
 797500.000    6.494  648.735
 798000.000    6.558  642.438
 798500.000    6.423  655.942
 799000.000    6.300  668.670
 799500.000    6.500  648.130
 800000.000    6.467  651.428
 800500.000    6.413  656.933
 801000.000    6.625  635.892
 801500.000    6.354  663.057
 802000.000    6.626  635.790
 802500.000    6.513  646.808
 803000.000    6.300  668.739
 803500.000    6.320  666.588
 804000.000    6.241  675.017
 804500.000    6.459  652.308
 805000.000    6.679  630.800
 805500.000    6.479  650.254
 806000.000    6.649  633.630
 806500.000    6.605  637.867
 807000.000    6.545  643.703
 807500.000    6.541  644.107
 808000.000    6.700  628.786
 808500.000    6.522  645.947
 809000.000    6.435  654.736
 809500.000    6.387  659.604
 810000.000    6.616  636.769
 810500.000    6.490  649.141
 811000.000    6.517  646.425
 811500.000    6.494  648.746
 812000.000    6.386  659.744
 812500.000    6.485  649.652
 813000.000    6.335  664.997
 813500.000    6.410  657.235
 814000.000    6.588  639.512
 814500.000    6.446  653.604
 815000.000    6.428  655.409
 815500.000    6.316  667.011
 816000.000    6.413  656.938
 816500.000    6.378  660.577
 817000.000    6.486  649.564
 817500.000    6.365  661.848
 818000.000    6.444  653.768
 818500.000    6.091  691.639
 819000.000    6.308  667.903
 819500.000    6.356  662.849
 820000.000    6.247  674.376
 820500.000    6.541  644.036
 821000.000    6.209  678.494
 821500.000    6.311  667.553
 822000.000    6.235  675.704
 822500.000    6.379  660.402
 823000.000    6.358  662.612
 823500.000    6.408  657.483
 824000.000    6.325  666.091
 824500.000    6.246  674.549
 825000.000    6.396  658.711
 825500.000    6.284  670.451
 826000.000    6.150  685.038
 826500.000    6.243  674.827
 827000.000    6.342  664.299
 827500.000    6.384  659.932
 828000.000    6.493  648.844
 828500.000    6.394  658.896
 829000.000    6.436  654.540
 829500.000    6.547  643.482
 830000.000    6.322  666.414
 830500.000    6.526  645.593
 831000.000    6.472  650.911
 831500.000    6.435  654.682
 832000.000    6.361  662.261
 832500.000    6.420  656.229
 833000.000    6.567  641.564
 833500.000    6.391  659.217
 834000.000    6.275  671.414
 834500.000    6.626  635.846
 835000.000    6.380  660.365
 835500.000    6.346  663.859
 836000.000    6.461  652.107
 836500.000    6.424  655.784
 837000.000    6.541  644.054
 837500.000    6.271  671.794
 838000.000    6.461  652.059
 838500.000    6.334  665.125
 839000.000    6.519  646.267
 839500.000    6.611  637.287
 840000.000    6.349  663.553
 840500.000    6.262  672.813
 841000.000    6.368  661.573
 841500.000    6.246  674.494
 842000.000    6.540  644.191
 842500.000    6.561  642.158
 843000.000    6.314  667.223
 843500.000    6.420  656.266
 844000.000    6.473  650.824
 844500.000    6.530  645.192
 845000.000    6.568  641.424
 845500.000    6.559  642.300
 846000.000    6.193  680.221
 846500.000    6.324  666.132
 847000.000    6.474  650.791
 847500.000    6.387  659.632
 848000.000    6.515  646.659
 848500.000    6.447  653.488
 849000.000    6.376  660.744
 849500.000    6.447  653.455
 850000.000    6.452  652.941
 850500.000    6.362  662.218
 851000.000    6.294  669.347
 851500.000    6.345  663.949
 852000.000    6.401  658.209
 852500.000    6.274  671.469
 853000.000    6.525  645.695
 853500.000    6.471  651.044
 854000.000    6.553  642.940
 854500.000    6.432  655.020
 855000.000    6.224  676.866
 855500.000    6.258  673.186
 856000.000    6.426  655.631
 856500.000    6.245  674.653
 857000.000    6.494  648.791
 857500.000    6.274  671.449
 858000.000    6.160  683.935
 858500.000    6.262  672.803
 859000.000    6.266  672.376
 859500.000    6.256  673.391
 860000.000    6.500  648.152
 860500.000    6.280  670.822
 861000.000    6.392  659.054
 861500.000    6.550  643.149
 862000.000    6.330  665.543
 862500.000    6.255  673.504
 863000.000    6.520  646.109
 863500.000    6.380  660.387
 864000.000    6.333  665.249
 864500.000    6.497  648.449
 865000.000    6.464  651.760
 865500.000    6.486  649.507
 866000.000    6.408  657.464
 866500.000    6.366  661.836
 867000.000    6.552  642.967
 867500.000    6.317  666.971
 868000.000    6.220  677.337
 868500.000    6.398  658.482
 869000.000    6.078  693.135
 869500.000    6.498  648.394
 870000.000    6.107  689.858
 870500.000    6.410  657.242
 871000.000    6.298  668.963
 871500.000    6.442  653.978
 872000.000    6.522  646.003
 872500.000    6.317  666.885
 873000.000    6.312  667.472
 873500.000    6.455  652.664
 874000.000    6.331  665.446
 874500.000    6.384  659.969
 875000.000    6.226  676.618
 875500.000    6.333  665.255
 876000.000    6.334  665.180
 876500.000    6.389  659.375
 877000.000    6.402  658.095
 877500.000    6.406  657.627
 878000.000    6.251  673.929
 878500.000    6.403  657.944
 879000.000    6.500  648.184
 879500.000    6.431  655.057
 880000.000    6.380  660.352
 880500.000    6.294  669.354
 881000.000    6.350  663.452
 881500.000    6.426  655.562
 882000.000    5.963  706.563
 882500.000    6.208  678.637
 883000.000    6.298  668.887
 883500.000    6.401  658.152
 884000.000    6.224  676.850
 884500.000    6.273  671.577
 885000.000    6.495  648.669
 885500.000    6.495  648.678
 886000.000    6.452  653.015
 886500.000    6.367  661.639
 887000.000    6.467  651.450
 887500.000    6.417  656.543
 888000.000    6.327  665.828
 888500.000    6.402  658.064
 889000.000    6.312  667.458
 889500.000    6.262  672.791
 890000.000    6.222  677.053
 890500.000    6.123  688.079
 891000.000    6.210  678.465
 891500.000    6.381  660.269
 892000.000    6.064  694.796
 892500.000    6.318  666.764
 893000.000    6.413  656.912
 893500.000    6.318  666.775
 894000.000    6.294  669.328
 894500.000    6.310  667.707
 895000.000    6.337  664.801
 895500.000    6.309  667.773
 896000.000    6.244  674.674
 896500.000    6.423  655.884
 897000.000    6.328  665.806
 897500.000    6.316  667.079
 898000.000    6.411  657.194
 898500.000    6.405  657.776
 899000.000    6.442  653.965
 899500.000    6.445  653.700
 900000.000    6.294  669.368
 900500.000    6.577  640.524
 901000.000    6.434  654.838
 901500.000    6.213  678.106
 902000.000    6.537  644.472
 902500.000    6.390  659.292
 903000.000    6.342  664.281
 903500.000    6.387  659.615
 904000.000    6.469  651.258
 904500.000    6.396  658.669
 905000.000    6.532  644.952
 905500.000    6.379  660.447
 906000.000    6.442  653.969
 906500.000    6.346  663.823
 907000.000    6.363  662.145
 907500.000    6.291  669.701
 908000.000    6.583  639.942
 908500.000    6.412  657.041
 909000.000    6.405  657.797
 909500.000    6.501  648.066
 910000.000    6.320  666.608
 910500.000    6.249  674.153
 911000.000    6.269  671.988
 911500.000    6.279  670.996
 912000.000    6.335  664.998
 912500.000    6.366  661.757
 913000.000    6.510  647.186
 913500.000    6.362  662.249
 914000.000    6.432  654.996
 914500.000    6.481  650.059
 915000.000    6.332  665.350
 915500.000    6.473  650.806
 916000.000    6.312  667.445
 916500.000    6.456  652.612
 917000.000    6.431  655.147
 917500.000    6.472  650.958
 918000.000    6.492  648.931
 918500.000    6.309  667.762
 919000.000    6.304  668.301
 919500.000    6.211  678.319
 920000.000    6.362  662.183
 920500.000    6.396  658.717
 921000.000    6.470  651.134
 921500.000    6.344  664.076
 922000.000    6.451  653.033
 922500.000    6.347  663.722
 923000.000    6.238  675.388
 923500.000    6.217  677.678
 924000.000    6.266  672.357
 924500.000    6.151  684.913
 925000.000    6.398  658.503
 925500.000    6.417  656.518
 926000.000    6.319  666.678
 926500.000    6.308  667.848
 927000.000    6.236  675.584
 927500.000    6.313  667.380
 928000.000    6.307  667.962
 928500.000    6.601  638.214
 929000.000    6.405  657.746
 929500.000    6.489  649.252
 930000.000    6.487  649.444
 930500.000    6.354  663.007
 931000.000    6.332  665.331
 931500.000    6.335  665.037
 932000.000    6.184  681.283
 932500.000    6.122  688.197
 933000.000    6.275  671.342
 933500.000    6.352  663.254
 934000.000    6.537  644.462
 934500.000    6.390  659.344
 935000.000    6.353  663.186
 935500.000    6.581  640.209
 936000.000    6.445  653.675
 936500.000    6.313  667.381
 937000.000    6.561  642.115
 937500.000    6.399  658.393
 938000.000    6.404  657.811
 938500.000    6.250  674.080
 939000.000    6.369  661.456
 939500.000    6.244  674.753
 940000.000    6.367  661.671
 940500.000    6.497  648.480
 941000.000    6.204  679.016
 941500.000    6.457  652.464
 942000.000    6.479  650.217
 942500.000    6.387  659.573
 943000.000    6.379  660.419
 943500.000    6.453  652.820
 944000.000    6.292  669.607
 944500.000    6.488  649.312
 945000.000    6.324  666.172
 945500.000    6.421  656.165
 946000.000    6.320  666.647
 946500.000    6.450  653.124
 947000.000    6.479  650.196
 947500.000    6.514  646.730
 948000.000    6.506  647.499
 948500.000    6.302  668.537
 949000.000    6.356  662.836
 949500.000    6.467  651.479
 950000.000    6.587  639.595
 950500.000    6.473  650.870
 951000.000    6.461  652.041
 951500.000    6.554  642.792
 952000.000    6.415  656.721
 952500.000    6.345  663.958
 953000.000    6.400  658.280
 953500.000    6.715  627.413
 954000.000    6.388  659.461
 954500.000    6.472  650.971
 955000.000    6.247  674.411
 955500.000    6.405  657.740
 956000.000    6.400  658.262
 956500.000    6.351  663.403
 957000.000    6.400  658.244
 957500.000    6.646  633.911
 958000.000    6.445  653.684
 958500.000    6.423  655.902
 959000.000    6.443  653.924
 959500.000    6.325  666.049
 960000.000    6.491  649.051
 960500.000    6.470  651.111
 961000.000    6.508  647.315
 961500.000    6.598  638.534
 962000.000    6.376  660.725
 962500.000    6.547  643.478
 963000.000    6.376  660.717
 963500.000    6.612  637.143
 964000.000    6.543  643.867
 964500.000    6.431  655.098
 965000.000    6.690  629.721
 965500.000    6.499  648.246
 966000.000    6.468  651.396
 966500.000    6.654  633.171
 967000.000    6.706  628.250
 967500.000    6.474  650.700
 968000.000    6.478  650.342
 968500.000    6.369  661.473
 969000.000    6.431  655.133
 969500.000    6.233  675.951
 970000.000    6.485  649.645
 970500.000    6.324  666.135
 971000.000    6.417  656.569
 971500.000    6.502  647.965
 972000.000    6.437  654.515
 972500.000    6.750  624.111
 973000.000    6.435  654.651
 973500.000    6.667  631.920
 974000.000    6.880  612.324
 974500.000    6.547  643.465
 975000.000    6.545  643.647
 975500.000    6.456  652.581
 976000.000    6.341  664.391
 976500.000    6.435  654.659
 977000.000    6.398  658.497
 977500.000    6.158  684.141
 978000.000    6.451  653.036
 978500.000    6.509  647.203
 979000.000    6.149  685.167
 979500.000    6.193  680.321
 980000.000    6.333  665.187
 980500.000    6.394  658.924
 981000.000    6.583  640.000
 981500.000    6.291  669.639
 982000.000    6.434  654.792
 982500.000    6.579  640.395
 983000.000    6.454  652.783
 983500.000    6.143  685.838
 984000.000    6.112  689.335
 984500.000    6.171  682.686
 985000.000    6.418  656.400
 985500.000    6.529  645.311
 986000.000    6.384  659.940
 986500.000    6.267  672.197
 987000.000    6.456  652.595
 987500.000    6.439  654.273
 988000.000    6.482  649.987
 988500.000    6.454  652.716
 989000.000    6.522  645.921
 989500.000    6.618  636.590
 990000.000    6.413  656.983
 990500.000    6.458  652.316
 991000.000    6.444  653.742
 991500.000    6.460  652.200
 992000.000    6.597  638.611
 992500.000    6.583  639.939
 993000.000    6.463  651.817
 993500.000    6.425  655.723
 994000.000    6.479  650.245
 994500.000    6.419  656.352
 995000.000    6.555  642.722
 995500.000    6.272  671.661
 996000.000    6.336  664.973
 996500.000    6.493  648.876
 997000.000    6.499  648.234
 997500.000    6.412  657.072
 998000.000    6.359  662.487
 998500.000    6.243  674.795
 999000.000    6.449  653.224
 999500.000    6.484  649.700
1000000.000    6.315  667.152
