27.774 33.069 -73.01
41.196 41.474 -102.563
42.196 45.275 -103.162
41.699 41.512 -101.094
34.801 33.042 -86.676
29.834 28.794 -75.754
28.387 27.895 -79.099
31.05 28.749 -77.168
36.091 37.215 -89.2985
35.716 36.807 -98.9555
49.1 49.699 -121.355
26.381 27.596 -67.408
23.139 26.463 -60.532
22.485 24.024 -65.358
20.081 20.958 -47.247
21.5 20.989 -51.2685
21.524 19.107 -51.009
32.129 33.827 -78.4315
31.778 29.053 -76.3485
32.721 30.262 -78.762
33.699 31.954 -74.221
34.661 35.326 -88.9415
29.154 28.538 -64.216
31.662 34.236 -81.388
35.722 35.003 -84.159
45.069 45.637 -91.8755
38.582 39.266 -91.874
49.376 42.99 -102.301
42.865 42.736 -99.753
36.657 41.064 -88.046
35.639 36.153 -91.8305
31.736 34.048 -74.743
35.738 36.083 -86.161
37.552 36.78 -90.4165
35.697 40.808 -90.5675
42.285 51.548 -109.09
37.954 38.68 -89.1845
41.236 46.576 -106.2845
46.765 47.06 -105.4435
37.845 44.122 -100.1495
40.462 37.76 -86.4455
46.655 46.857 -100.2465
42.589 47.661 -102.2435
43.782 42.434 -104.3385
33.375 36.955 -89.757
45.302 40.91 -105.246
42.525 40.639 -91.193
34.438 33.561 -80.3935
40.311 38.206 -95.093
39.007 38.539 -86.8565
27.968 36.173 -69.9765
23.65 27.245 -56.4965
22.899 31.565 -57.226
30.525 36.4 -77.095
48.344 52.942 -111.1485
44.445 49.413 -102.5735
36.486 38.849 -91.6315
38.124 37.262 -84.1775
37.744 42.867 -92.6815
44.737 46.633 -99.113
34.428 34.551 -81.121
43.278 46.708 -105.0505
38.536 44.183 -84.3625
31.641 35.302 -77.117
32.137 40.848 -69.596
34.762 41.545 -84.6855
35.849 44.453 -95.512
36.493 47.745 -81.375
32.214 40.153 -78.098
37.394 44.022 -94.9685
27.543 30.599 -70.0155
30.336 33.841 -65.952
34.568 33.322 -80.6835
32.864 42.013 -87.6915
32.635 32.881 -78.458
47.271 45.431 -99.232
44.156 49.251 -108.91
46.333 52.826 -104.8745
44.134 47.883 -105.159
46.023 47.747 -98.5755
49.633 51.768 -103.474
34.661 38.335 -81.1155
29.472 29.856 -67.081
29.578 30.604 -69.176
35.913 38.679 -83.2745
23.956 28.264 -63.772
25.574 33.195 -65.972
19.348 25.432 -55.795
24.033 26.395 -70.734
26.13 32.201 -68.859
20.512 24.878 -56.367
20.307 19.16 -44.3935
21.285 22.504 -53.675
23.393 24.461 -60.433
27.498 28.607 -67.4185
27.958 27.22 -77.7015
25.054 27.886 -67.954
25.715 28.833 -64.985
25.501 28.234 -70.4975
32.024 28.001 -67.9035
24.57 28.963 -64.327
