46.594 54.56 -123.5185
56.198 58.987 -135.32
61.263 66.247 -147.426
53.73 60.726 -136.803
57.887 65.735 -151.7005
51.823 52.263 -119.874
62.958 65.279 -146.8
57.095 59.19 -133.486
56.714 50.928 -132.1045
50.434 50.599 -123.793
42.955 49.698 -111.603
45.392 48.568 -118.2465
54.882 60.507 -148.927
44.675 52.677 -122.0705
36.882 44.374 -99.48
45.573 50.957 -114.7455
45.039 49.19 -115.024
48.57 52.938 -128.74
50.337 55.05 -134.2005
45.921 54.197 -117.677
42.131 47.911 -109.116
41.149 48.21 -111.2975
45.162 45.645 -109.5415
37.005 40.75 -100.3165
46.691 52.586 -126.4605
54.292 59.75 -136.1005
57.188 60.244 -145.4765
40.784 46.475 -111.0745
42.283 47.798 -108.9235
40.663 43.774 -105.77
37.515 42.383 -96.704
40.437 49.494 -107.8115
48.074 53.203 -121.5465
39.737 45.541 -103.3355
49.652 48.905 -118.9285
56.378 56.771 -138.058
54.734 53.106 -124.9595
41.948 39.681 -106.6825
47.547 47.959 -111.3595
38.729 37.085 -94.8785
47.602 51.332 -117.3085
36.167 35.51 -89.357
43.118 44.789 -96.7685
46.25 54.011 -105.0755
53.827 58.167 -124.74
47.961 50.286 -113.028
54.675 56.654 -120.4785
47.32 50.578 -106.8485
54.259 61.285 -125.8095
51.692 57.137 -126.6375
43.136 48.199 -102.179
41.629 46.412 -103.451
45.741 49.195 -114.6945
31.398 34.98 -80.657
29.115 29.623 -74.8885
35.968 31.863 -77.2815
41.492 38.456 -90.999
41.323 38.502 -92.8475
32.982 30.467 -73.9375
42.038 40.423 -99.477
45.478 41.534 -99.6235
34.085 37.447 -86.5405
39.711 36.52 -85.649
49.88 51.193 -119.9865
44.033 40.609 -96.366
40.524 40.338 -99.9445
56.027 50.749 -121.498
56.656 54.865 -122.3335
56.747 54.679 -134.0535
51.288 53.644 -122.9045
50.657 49.37 -123.0415
54.989 51.256 -131.383
61.762 64.617 -154.408
59.775 58.53 -138.1365
63.875 61.465 -157.9075
67.533 66.302 -160.9695
59.69 58.517 -143.3155
64.539 63.401 -145.044
58.979 55.192 -134.899
66.58 67.463 -148.4525
49.051 51.088 -119.1175
53.174 57.835 -133.331
58.985 55.807 -142.022
54.33 57.371 -138.41
68.341 67.576 -171.64
57.753 62.59 -147.239
51.77 61.36 -131.7415
53.849 62.764 -144.107
56.373 60.719 -139.0435
52.411 54.727 -137.6725
46.291 52.843 -122.3625
58.392 60.467 -141.2585
53.096 52.175 -130.2655
55.135 58.619 -135.017
40.263 44.255 -102.8135
52.323 53.999 -139.454
44.825 46.843 -113.475
47.246 46.427 -123.319
46.381 48.482 -116.8305
46.374 50.749 -124.7765
39.844 41.899 -105.129
