 750000.000 1.079114 0.530370 0.993639 1.029739
 750500.000 1.048797 0.538516 0.954789 0.999165
 751000.000 1.060478 0.555062 0.954920 1.014526
 751500.000 1.064615 0.551922 0.965873 1.014535
 752000.000 1.070212 0.567812 0.972772 1.010945
 752500.000 1.072451 0.538138 0.988104 1.017035
 753000.000 1.085640 0.545092 1.001197 1.028448
 753500.000 1.065758 0.542529 0.970662 1.017426
 754000.000 1.069303 0.553134 0.967269 1.022375
 754500.000 1.049029 0.531122 0.958639 0.999921
 755000.000 1.087337 0.534533 0.995041 1.043440
 755500.000 1.103637 0.529057 1.018384 1.057837
 756000.000 1.103837 0.521469 1.028841 1.051887
 756500.000 1.076031 0.536002 0.987667 1.026109
 757000.000 1.079173 0.531533 0.991768 1.031066
 757500.000 1.101864 0.533866 1.014360 1.055589
 758000.000 1.112273 0.533104 1.025068 1.067399
 758500.000 1.082900 0.541187 0.990960 1.034631
 759000.000 1.075192 0.540061 0.979393 1.030146
 759500.000 1.091542 0.552974 0.990833 1.046612
 760000.000 1.054952 0.528607 0.966227 1.006393
 760500.000 1.083574 0.536831 0.996385 1.033099
 761000.000 1.084083 0.524794 1.001066 1.035821
 761500.000 1.102787 0.536569 1.018564 1.052092
 762000.000 1.092240 0.541241 0.998932 1.046504
 762500.000 1.100680 0.509545 1.021980 1.057788
 763000.000 1.110038 0.540676 1.017139 1.066522
 763500.000 1.124321 0.553920 1.023475 1.083453
 764000.000 1.107557 0.536109 1.014137 1.066526
 764500.000 1.102388 0.530503 1.013325 1.059367
 765000.000 1.114848 0.531774 1.031092 1.067632
 765500.000 1.134438 0.556970 1.033658 1.093269
 766000.000 1.137304 0.546595 1.045611 1.093093
 766500.000 1.125703 0.564496 1.019916 1.084219
 767000.000 1.105611 0.518820 1.017788 1.067560
 767500.000 1.100675 0.527358 1.011571 1.059051
 768000.000 1.111697 0.522767 1.027424 1.069043
 768500.000 1.142083 0.539648 1.051334 1.100991
 769000.000 1.167499 0.542864 1.077546 1.127077
 769500.000 1.163538 0.544463 1.074316 1.121181
 770000.000 1.168026 0.543668 1.076370 1.128904
 770500.000 1.155251 0.531826 1.072367 1.111935
 771000.000 1.138925 0.524574 1.052497 1.100623
 771500.000 1.155024 0.538055 1.064481 1.116037
 772000.000 1.163052 0.555233 1.066765 1.122100
 772500.000 1.151159 0.556802 1.056215 1.106668
 773000.000 1.164808 0.564818 1.064469 1.123139
 773500.000 1.152150 0.547862 1.059884 1.109681
 774000.000 1.134543 0.531446 1.044644 1.095746
 774500.000 1.150663 0.530210 1.061117 1.113982
 775000.000 1.122772 0.527024 1.033752 1.083899
 775500.000 1.126408 0.549326 1.031188 1.082812
 776000.000 1.121995 0.534635 1.036716 1.075701
 776500.000 1.121060 0.536672 1.031364 1.077879
 777000.000 1.101653 0.533611 1.012607 1.056959
 777500.000 1.134270 0.552943 1.033873 1.094759
 778000.000 1.159980 0.552812 1.060123 1.123229
 778500.000 1.151631 0.540764 1.063046 1.109061
 779000.000 1.098668 0.544434 1.001011 1.056272
 779500.000 1.098658 0.551734 0.995628 1.057550
 780000.000 1.104081 0.531516 1.011025 1.064571
 780500.000 1.120376 0.560953 1.008685 1.085529
 781000.000 1.101915 0.529467 1.007631 1.064319
 781500.000 1.086161 0.544952 0.983132 1.046886
 782000.000 1.104455 0.531018 1.007748 1.068692
 782500.000 1.109711 0.553788 1.010987 1.064961
 783000.000 1.101083 0.524155 1.012911 1.060208
 783500.000 1.112205 0.548697 1.012469 1.071372
 784000.000 1.118603 0.543962 1.024573 1.075594
 784500.000 1.133396 0.548747 1.032412 1.096438
 785000.000 1.142967 0.533237 1.052599 1.104735
 785500.000 1.128405 0.559938 1.020015 1.092079
 786000.000 1.131243 0.528276 1.039170 1.095659
 786500.000 1.146037 0.548211 1.049486 1.106727
 787000.000 1.140734 0.538502 1.045910 1.103918
 787500.000 1.123150 0.534508 1.032085 1.082605
 788000.000 1.129426 0.543192 1.034871 1.088664
 788500.000 1.112341 0.532644 1.021612 1.071076
 789000.000 1.153832 0.566809 1.051625 1.111516
 789500.000 1.121430 0.532847 1.032890 1.079085
 790000.000 1.142554 0.541239 1.049975 1.102484
 790500.000 1.128380 0.519866 1.049542 1.083827
 791000.000 1.115938 0.534101 1.024970 1.074619
 791500.000 1.118965 0.520168 1.038194 1.075057
 792000.000 1.103712 0.518936 1.018716 1.062677
 792500.000 1.131027 0.506434 1.050509 1.094714
 793000.000 1.107859 0.523303 1.019673 1.068235
 793500.000 1.088163 0.559274 0.983198 1.043421
 794000.000 1.109071 0.544534 1.011947 1.067484
 794500.000 1.146190 0.536980 1.057010 1.105390
 795000.000 1.115303 0.535302 1.020485 1.076969
 795500.000 1.178856 0.540148 1.086945 1.142889
 796000.000 1.163578 0.540237 1.070065 1.127357
 796500.000 1.137812 0.534055 1.046058 1.099899
 797000.000 1.113062 0.534125 1.021613 1.071836
 797500.000 1.151947 0.524942 1.067025 1.113489
 798000.000 1.185372 0.538553 1.094790 1.149613
 798500.000 1.154164 0.533698 1.062982 1.117777
 799000.000 1.142023 0.537082 1.048181 1.105122
 799500.000 1.155312 0.512246 1.074615 1.119061
 800000.000 1.158553 0.510787 1.080938 1.120339
 800500.000 1.158927 0.520638 1.074435 1.122830
 801000.000 1.125607 0.517338 1.041387 1.087134
 801500.000 1.162896 0.521054 1.080974 1.124568
 802000.000 1.150914 0.520520 1.070647 1.109944
 802500.000 1.167816 0.525300 1.082337 1.131457
 803000.000 1.201968 0.517681 1.122849 1.166478
 803500.000 1.195704 0.546679 1.103798 1.158527
 804000.000 1.114192 0.529334 1.023290 1.074955
 804500.000 1.133958 0.528384 1.045823 1.094890
 805000.000 1.141192 0.520583 1.058697 1.101269
 805500.000 1.120782 0.536510 1.037299 1.071669
 806000.000 1.160541 0.552595 1.071038 1.114104
 806500.000 1.142721 0.543583 1.053653 1.098161
 807000.000 1.127903 0.530802 1.043346 1.083518
 807500.000 1.167202 0.543967 1.081657 1.121979
 808000.000 1.154414 0.523921 1.071770 1.114524
 808500.000 1.112908 0.542795 1.032964 1.056165
 809000.000 1.121803 0.539200 1.036973 1.072771
 809500.000 1.151708 0.546498 1.062045 1.107369
 810000.000 1.179091 0.531033 1.097601 1.137447
 810500.000 1.165178 0.524561 1.083475 1.125254
 811000.000 1.150596 0.527639 1.067943 1.108529
 811500.000 1.131133 0.528424 1.047086 1.087798
 812000.000 1.132649 0.514820 1.062256 1.082756
 812500.000 1.152050 0.521233 1.079709 1.103170
 813000.000 1.149809 0.527412 1.067678 1.107258
 813500.000 1.177746 0.551997 1.085574 1.136221
 814000.000 1.138427 0.525721 1.050118 1.101318
 814500.000 1.143887 0.530776 1.057946 1.102716
 815000.000 1.162462 0.527430 1.076100 1.125372
 815500.000 1.180870 0.543196 1.086865 1.145674
 816000.000 1.178988 0.535441 1.090530 1.141962
 816500.000 1.144266 0.526404 1.057719 1.105811
 817000.000 1.118056 0.521394 1.032494 1.078055
 817500.000 1.170679 0.539292 1.082079 1.131038
 818000.000 1.154494 0.567248 1.054524 1.109919
 818500.000 1.183102 0.544371 1.090600 1.146173
 819000.000 1.107529 0.526459 1.022548 1.063239
 819500.000 1.129267 0.527101 1.046703 1.084927
 820000.000 1.113027 0.537689 1.021594 1.069998
 820500.000 1.121911 0.527134 1.034601 1.081249
 821000.000 1.123382 0.531474 1.035505 1.081315
 821500.000 1.105929 0.532281 1.015355 1.063904
 822000.000 1.092361 0.531197 1.000656 1.050248
 822500.000 1.104826 0.540297 1.010773 1.061932
 823000.000 1.095262 0.525734 1.008005 1.052010
 823500.000 1.119281 0.549146 1.025874 1.073126
 824000.000 1.109598 0.531849 1.023924 1.063547
 824500.000 1.086632 0.522515 0.996120 1.047026
 825000.000 1.084693 0.527074 0.999229 1.037714
 825500.000 1.085541 0.522096 0.994878 1.046150
 826000.000 1.088004 0.541394 0.994700 1.041618
 826500.000 1.081870 0.548268 0.992603 1.027145
 827000.000 1.080396 0.532175 0.998216 1.027066
 827500.000 1.111772 0.534052 1.026234 1.064756
 828000.000 1.104211 0.553548 1.003576 1.060652
 828500.000 1.104867 0.530215 1.013151 1.064827
 829000.000 1.096979 0.534025 1.007530 1.051869
 829500.000 1.099288 0.563792 0.989621 1.058139
 830000.000 1.108190 0.555955 1.003163 1.068059
 830500.000 1.101579 0.557101 0.998609 1.058002
 831000.000 1.098415 0.590949 0.973940 1.056055
 831500.000 1.090194 0.564235 0.982871 1.045299
 832000.000 1.071057 0.535242 0.976432 1.026852
 832500.000 1.075654 0.554895 0.966745 1.035161
 833000.000 1.112593 0.554925 1.016547 1.065090
 833500.000 1.095114 0.566044 0.990986 1.046944
 834000.000 1.063369 0.564065 0.948509 1.021602
 834500.000 1.064645 0.552535 0.960196 1.019641
 835000.000 1.106744 0.556296 1.005230 1.062926
 835500.000 1.113910 0.554476 1.008427 1.075743
 836000.000 1.125204 0.520700 1.040943 1.085117
 836500.000 1.108665 0.534619 1.011864 1.071723
 837000.000 1.096728 0.557391 0.994856 1.051286
 837500.000 1.082162 0.580444 0.969167 1.032448
 838000.000 1.054957 0.544630 0.948654 1.014546
 838500.000 1.053785 0.548722 0.945554 1.012796
 839000.000 1.058414 0.556430 0.949908 1.014170
 839500.000 1.059783 0.560443 0.947527 1.017042
 840000.000 1.040682 0.545217 0.929204 1.002675
 840500.000 1.039865 0.538862 0.928851 1.004740
 841000.000 1.059030 0.539000 0.951007 1.023793
 841500.000 1.053607 0.529786 0.946809 1.021300
 842000.000 1.050209 0.516061 0.954809 1.013854
 842500.000 1.079970 0.519596 0.987991 1.042384
 843000.000 1.083054 0.522590 0.993923 1.041647
 843500.000 1.080217 0.532055 0.994933 1.029933
 844000.000 1.085118 0.525272 1.004197 1.034718
 844500.000 1.064203 0.532226 0.975877 1.014621
 845000.000 1.058027 0.523585 0.975867 1.006173
 845500.000 1.075605 0.519373 0.996939 1.024800
 846000.000 1.081886 0.531122 0.994790 1.034050
 846500.000 1.098580 0.513406 1.017556 1.055817
 847000.000 1.103201 0.537946 1.008615 1.061799
 847500.000 1.074340 0.512776 0.994128 1.028194
 848000.000 1.072688 0.536950 0.977930 1.027937
 848500.000 1.060885 0.530847 0.966539 1.017328
 849000.000 1.091216 0.524902 0.999740 1.051905
 849500.000 1.097159 0.542789 0.995738 1.058961
 850000.000 1.077587 0.532349 0.977017 1.041360
 850500.000 1.083607 0.519020 0.994254 1.044263
 851000.000 1.094731 0.508258 1.019163 1.048738
 851500.000 1.110883 0.526291 1.032015 1.061171
 852000.000 1.116662 0.525298 1.037671 1.068255
 852500.000 1.106496 0.517633 1.031175 1.057071
 853000.000 1.118756 0.529513 1.039624 1.068657
 853500.000 1.141735 0.535095 1.060965 1.093227
 854000.000 1.168256 0.535869 1.085068 1.124773
 854500.000 1.114185 0.516714 1.037334 1.067596
 855000.000 1.118928 0.523368 1.035479 1.076043
 855500.000 1.129903 0.566445 1.040615 1.072204
 856000.000 1.138078 0.556435 1.046177 1.089190
 856500.000 1.149505 0.532834 1.070825 1.100975
 857000.000 1.167207 0.582768 1.066317 1.117181
 857500.000 1.122573 0.517565 1.042360 1.079792
 858000.000 1.094363 0.531967 1.002312 1.052449
 858500.000 1.111491 0.514839 1.027329 1.072549
 859000.000 1.106121 0.521983 1.017138 1.067696
 859500.000 1.118323 0.509509 1.040982 1.076128
 860000.000 1.115003 0.512710 1.034964 1.073519
 860500.000 1.153962 0.513621 1.077497 1.112857
 861000.000 1.142625 0.501824 1.070038 1.101987
 861500.000 1.118116 0.527532 1.029794 1.077777
 862000.000 1.100212 0.533260 1.005875 1.060556
 862500.000 1.083532 0.521650 0.996243 1.040895
 863000.000 1.110928 0.541017 1.009764 1.075173
 863500.000 1.115690 0.545308 1.015739 1.077237
 864000.000 1.108810 0.521355 1.019928 1.070914
 864500.000 1.117244 0.509663 1.036605 1.078036
 865000.000 1.109468 0.540589 1.008973 1.073116
 865500.000 1.113873 0.525576 1.024263 1.075212
 866000.000 1.110040 0.509184 1.031963 1.067784
 866500.000 1.107678 0.503417 1.028444 1.069006
 867000.000 1.103830 0.515123 1.020036 1.063511
 867500.000 1.096844 0.524054 1.006303 1.057761
 868000.000 1.114449 0.522537 1.025711 1.076505
 868500.000 1.064175 0.529118 0.962289 1.029063
 869000.000 1.089154 0.529560 0.988980 1.055460
 869500.000 1.082460 0.532222 0.984745 1.044248
 870000.000 1.078772 0.509241 0.992910 1.040338
 870500.000 1.077626 0.536980 0.978105 1.038035
 871000.000 1.090871 0.538862 0.991614 1.051821
 871500.000 1.090515 0.525709 1.002120 1.047775
 872000.000 1.081247 0.529693 0.983561 1.044136
 872500.000 1.094432 0.512639 1.007320 1.057389
 873000.000 1.069384 0.538260 0.968996 1.028829
 873500.000 1.085302 0.517248 0.996303 1.046707
 874000.000 1.081247 0.511215 0.995790 1.041755
 874500.000 1.132050 0.530691 1.039039 1.096284
 875000.000 1.108169 0.511152 1.027134 1.067611
 875500.000 1.119623 0.538054 1.020173 1.084830
 876000.000 1.094069 0.521559 1.011146 1.048586
 876500.000 1.108023 0.518097 1.024578 1.066417
 877000.000 1.098780 0.524579 1.006277 1.061537
 877500.000 1.119078 0.509775 1.037261 1.081151
 878000.000 1.137575 0.516884 1.053475 1.100534
 878500.000 1.118517 0.521810 1.030543 1.080674
 879000.000 1.100257 0.539342 1.001077 1.062114
 879500.000 1.119946 0.540700 1.025866 1.078796
 880000.000 1.135343 0.508504 1.059474 1.094049
 880500.000 1.121299 0.533747 1.028177 1.082861
 881000.000 1.132169 0.515333 1.052660 1.090848
 881500.000 1.115730 0.527421 1.029490 1.073166
 882000.000 1.107526 0.515465 1.022927 1.068243
 882500.000 1.111566 0.540065 1.014951 1.072083
 883000.000 1.125512 0.525744 1.038651 1.085519
 883500.000 1.112349 0.521943 1.025712 1.072441
 884000.000 1.127852 0.528184 1.034843 1.092804
 884500.000 1.124843 0.517566 1.042650 1.084228
 885000.000 1.136780 0.541137 1.045474 1.094847
 885500.000 1.101415 0.504663 1.024426 1.059290
 886000.000 1.137221 0.534442 1.054587 1.090304
 886500.000 1.119027 0.523630 1.037684 1.073996
 887000.000 1.133421 0.526015 1.053334 1.087694
 887500.000 1.159919 0.526599 1.078852 1.117855
 888000.000 1.156845 0.534047 1.070043 1.116415
 888500.000 1.164203 0.541172 1.082091 1.116669
 889000.000 1.165157 0.528244 1.078075 1.128671
 889500.000 1.166128 0.531930 1.077817 1.129191
 890000.000 1.163358 0.542840 1.071125 1.124643
 890500.000 1.176984 0.546794 1.089850 1.133059
 891000.000 1.141032 0.544809 1.044501 1.102773
 891500.000 1.145155 0.521014 1.068943 1.099394
 892000.000 1.167009 0.552905 1.071042 1.127380
 892500.000 1.155840 0.535484 1.070441 1.113257
 893000.000 1.132140 0.545764 1.045744 1.082608
 893500.000 1.151731 0.572138 1.055575 1.100632
 894000.000 1.119610 0.525097 1.038638 1.073573
 894500.000 1.148074 0.558964 1.059748 1.095737
 895000.000 1.141657 0.554838 1.062714 1.081460
 895500.000 1.136176 0.564207 1.043785 1.083502
 896000.000 1.140958 0.558828 1.049646 1.090653
 896500.000 1.170945 0.559030 1.077000 1.126845
 897000.000 1.165396 0.531617 1.083019 1.122831
 897500.000 1.180204 0.517437 1.104121 1.139710
 898000.000 1.158758 0.535008 1.080384 1.109945
 898500.000 1.159618 0.512957 1.079852 1.122595
 899000.000 1.154342 0.527246 1.074406 1.110259
 899500.000 1.142360 0.537484 1.061837 1.092514
 900000.000 1.167372 0.551925 1.084096 1.116078
 900500.000 1.134582 0.564498 1.046939 1.076946
 901000.000 1.161293 0.540574 1.073706 1.118989
 901500.000 1.148860 0.539567 1.075359 1.091893
 902000.000 1.142431 0.513100 1.070117 1.096302
 902500.000 1.147473 0.525263 1.071558 1.099661
 903000.000 1.152267 0.522896 1.070132 1.112132
 903500.000 1.145686 0.530548 1.071128 1.093799
 904000.000 1.196144 0.523609 1.120021 1.154517
 904500.000 1.124243 0.515024 1.048112 1.078914
 905000.000 1.180821 0.499748 1.115468 1.137831
 905500.000 1.171771 0.503130 1.100792 1.131906
 906000.000 1.174738 0.532738 1.094377 1.130728
 906500.000 1.143953 0.537032 1.060561 1.097299
 907000.000 1.149648 0.511875 1.074082 1.108021
 907500.000 1.148296 0.562761 1.062835 1.091261
 908000.000 1.153026 0.545327 1.075158 1.097994
 908500.000 1.154569 0.546119 1.068399 1.107401
 909000.000 1.177512 0.537488 1.091776 1.136751
 909500.000 1.178583 0.534161 1.099498 1.133090
 910000.000 1.177602 0.537966 1.093664 1.134893
 910500.000 1.160083 0.525146 1.085583 1.112346
 911000.000 1.169505 0.550230 1.080842 1.124506
 911500.000 1.175594 0.557379 1.085668 1.129026
 912000.000 1.170164 0.546898 1.081064 1.127285
 912500.000 1.145052 0.577878 1.035873 1.102412
 913000.000 1.203331 0.532353 1.122597 1.162921
 913500.000 1.176250 0.517466 1.105348 1.130293
 914000.000 1.196582 0.541537 1.111427 1.155460
 914500.000 1.183536 0.550152 1.092698 1.142305
 915000.000 1.143538 0.561291 1.047566 1.096776
 915500.000 1.189486 0.583960 1.086295 1.143987
 916000.000 1.164519 0.546732 1.077476 1.119080
 916500.000 1.182765 0.557368 1.094070 1.135877
 917000.000 1.158110 0.573773 1.059725 1.109146
 917500.000 1.169537 0.555401 1.084492 1.118500
 918000.000 1.176938 0.571021 1.082568 1.127984
 918500.000 1.165339 0.550248 1.083863 1.112877
 919000.000 1.149094 0.558929 1.052072 1.105248
 919500.000 1.162123 0.545700 1.076928 1.115123
 920000.000 1.126524 0.537294 1.044322 1.076483
 920500.000 1.148018 0.555534 1.058101 1.098952
 921000.000 1.139070 0.549614 1.052291 1.088839
 921500.000 1.135694 0.519426 1.061700 1.087469
 922000.000 1.140549 0.530243 1.058277 1.095717
 922500.000 1.123971 0.535734 1.043349 1.072863
 923000.000 1.149034 0.521079 1.075574 1.100989
 923500.000 1.155309 0.547458 1.069204 1.107506
 924000.000 1.129852 0.521760 1.053840 1.081812
 924500.000 1.143352 0.526324 1.068223 1.093797
 925000.000 1.141115 0.513524 1.072690 1.090832
 925500.000 1.129188 0.536383 1.049481 1.077504
 926000.000 1.132707 0.534427 1.053641 1.081795
 926500.000 1.140186 0.524806 1.065841 1.090235
 927000.000 1.124544 0.516330 1.050645 1.076451
 927500.000 1.117392 0.524739 1.039654 1.068129
 928000.000 1.117599 0.537896 1.027766 1.073508
 928500.000 1.129825 0.552401 1.041603 1.078391
 929000.000 1.169137 0.557339 1.075832 1.125045
 929500.000 1.122838 0.524649 1.044983 1.074376
 930000.000 1.137070 0.522398 1.060548 1.090045
 930500.000 1.148835 0.531040 1.063273 1.107741
 931000.000 1.170752 0.522626 1.091854 1.129618
 931500.000 1.158090 0.550077 1.060386 1.120418
 932000.000 1.132905 0.549025 1.040582 1.087524
 932500.000 1.166191 0.556089 1.074031 1.121261
 933000.000 1.171271 0.579070 1.073042 1.121163
 933500.000 1.175719 0.560944 1.080647 1.132331
 934000.000 1.166595 0.552568 1.080739 1.117388
 934500.000 1.158188 0.523392 1.082568 1.112162
 935000.000 1.188151 0.539998 1.106005 1.143923
 935500.000 1.177774 0.558183 1.085959 1.132884
 936000.000 1.192359 0.543925 1.106363 1.150454
 936500.000 1.170064 0.541257 1.089875 1.121299
 937000.000 1.197272 0.552577 1.111491 1.151594
 937500.000 1.166900 0.541314 1.085830 1.118598
 938000.000 1.170319 0.553100 1.080780 1.124850
 938500.000 1.156967 0.569705 1.061010 1.107628
 939000.000 1.136892 0.539171 1.053921 1.087931
 939500.000 1.160584 0.528306 1.087266 1.110251
 940000.000 1.183019 0.541142 1.108160 1.130582
 940500.000 1.206270 0.555879 1.119693 1.160803
 941000.000 1.188068 0.532356 1.121801 1.131888
 941500.000 1.187715 0.556348 1.102327 1.138721
 942000.000 1.206080 0.514693 1.140689 1.158955
 942500.000 1.180735 0.518845 1.116551 1.128000
 943000.000 1.214246 0.521298 1.144918 1.168844
 943500.000 1.194643 0.531772 1.118552 1.149088
 944000.000 1.194170 0.542959 1.112615 1.148638
 944500.000 1.182803 0.543135 1.103935 1.133304
 945000.000 1.178624 0.532886 1.106002 1.127431
 945500.000 1.182225 0.524286 1.113404 1.131710
 946000.000 1.177180 0.562324 1.086120 1.129442
 946500.000 1.198465 0.546603 1.117167 1.151435
 947000.000 1.172055 0.534872 1.093719 1.124774
 947500.000 1.150174 0.529718 1.075301 1.099513
 948000.000 1.133369 0.533535 1.059639 1.077756
 948500.000 1.148009 0.561222 1.053895 1.100084
 949000.000 1.202258 0.575955 1.111730 1.150296
 949500.000 1.204278 0.566749 1.111023 1.159737
 950000.000 1.158104 0.563180 1.067845 1.106772
 950500.000 1.143962 0.555930 1.047904 1.100061
 951000.000 1.175524 0.552561 1.082583 1.134198
 951500.000 1.153399 0.568670 1.061726 1.100004
 952000.000 1.148964 0.554326 1.058009 1.101623
 952500.000 1.156570 0.542082 1.074843 1.107326
 953000.000 1.145719 0.550893 1.054470 1.099980
 953500.000 1.168982 0.551730 1.080475 1.123035
 954000.000 1.147560 0.545324 1.058146 1.103058
 954500.000 1.160718 0.526090 1.089790 1.109108
 955000.000 1.144914 0.531348 1.066561 1.096253
 955500.000 1.158330 0.545823 1.071878 1.112030
 956000.000 1.149575 0.554985 1.060030 1.100624
 956500.000 1.140043 0.538857 1.055739 1.092905
 957000.000 1.167627 0.564640 1.076930 1.117188
 957500.000 1.166563 0.583847 1.070565 1.111195
 958000.000 1.151514 0.578383 1.056463 1.096053
 958500.000 1.142786 0.578255 1.045441 1.088390
 959000.000 1.136742 0.557077 1.048324 1.083996
 959500.000 1.187270 0.577147 1.086221 1.142910
 960000.000 1.158417 0.560567 1.066617 1.109933
 960500.000 1.150683 0.532420 1.075128 1.099442
 961000.000 1.142410 0.547297 1.057587 1.091869
 961500.000 1.128881 0.541630 1.046578 1.077059
 962000.000 1.143316 0.584186 1.036831 1.094555
 962500.000 1.111708 0.537674 1.031294 1.057888
 963000.000 1.132811 0.593243 1.021614 1.082077
 963500.000 1.184476 0.563277 1.093879 1.136711
 964000.000 1.187479 0.557915 1.099675 1.140026
 964500.000 1.151874 0.560933 1.060839 1.101637
 965000.000 1.140758 0.548660 1.055659 1.089593
 965500.000 1.150028 0.560309 1.063220 1.095785
 966000.000 1.164235 0.571541 1.076394 1.107070
 966500.000 1.159606 0.575919 1.072737 1.098602
 967000.000 1.184917 0.534790 1.108105 1.137613
 967500.000 1.184747 0.555086 1.107987 1.127607
 968000.000 1.148353 0.580803 1.056238 1.088329
 968500.000 1.138996 0.523683 1.069957 1.084237
 969000.000 1.133574 0.537010 1.060074 1.076030
 969500.000 1.194330 0.590427 1.098195 1.139391
 970000.000 1.146608 0.529449 1.074089 1.093360
 970500.000 1.156404 0.514026 1.092862 1.102710
 971000.000 1.169137 0.595876 1.068092 1.112599
 971500.000 1.163202 0.538513 1.091326 1.106836
 972000.000 1.132141 0.557346 1.048497 1.074015
 972500.000 1.135538 0.565817 1.049783 1.075499
 973000.000 1.165703 0.577575 1.087085 1.096530
 973500.000 1.148713 0.553915 1.074827 1.084898
 974000.000 1.180410 0.603925 1.071054 1.129094
 974500.000 1.158229 0.578344 1.062012 1.104825
 975000.000 1.164620 0.599477 1.061043 1.107923
 975500.000 1.139323 0.586955 1.044877 1.076954
 976000.000 1.153248 0.609111 1.041654 1.097226
 976500.000 1.136649 0.551777 1.055971 1.079078
 977000.000 1.167165 0.571849 1.083719 1.105933
 977500.000 1.104646 0.553462 1.029271 1.036709
 978000.000 1.143446 0.552204 1.069579 1.079819
 978500.000 1.113342 0.587044 1.023666 1.042376
 979000.000 1.121371 0.566968 1.033628 1.060710
 979500.000 1.093087 0.562174 1.006493 1.029859
 980000.000 1.110415 0.549654 1.030934 1.049333
 980500.000 1.124515 0.563656 1.049742 1.053281
 981000.000 1.126637 0.540694 1.055405 1.064139
 981500.000 1.077858 0.544506 1.002234 1.011235
 982000.000 1.099194 0.546540 1.027025 1.031004
 982500.000 1.127464 0.584786 1.040095 1.057630
 983000.000 1.168657 0.556560 1.096496 1.104289
 983500.000 1.126260 0.557404 1.046677 1.063339
 984000.000 1.114079 0.543820 1.032786 1.058281
 984500.000 1.104407 0.543222 1.027668 1.043185
 985000.000 1.166419 0.588364 1.080091 1.099227
 985500.000 1.120836 0.595171 1.022015 1.055369
 986000.000 1.145878 0.545849 1.069575 1.088177
 986500.000 1.148781 0.539352 1.076450 1.090758
 987000.000 1.150261 0.534079 1.083947 1.089046
 987500.000 1.173222 0.596498 1.073156 1.115985
 988000.000 1.159355 0.573952 1.074274 1.097598
 988500.000 1.171614 0.558105 1.094600 1.111632
 989000.000 1.133952 0.565443 1.044092 1.077886
 989500.000 1.120022 0.591312 1.015104 1.062457
 990000.000 1.142114 0.593664 1.035802 1.087900
 990500.000 1.154035 0.558035 1.072585 1.096245
 991000.000 1.126700 0.562183 1.030835 1.077142
 991500.000 1.153504 0.608614 1.034297 1.104972
 992000.000 1.158324 0.557716 1.074584 1.103473
 992500.000 1.119780 0.552165 1.037622 1.061259
 993000.000 1.111562 0.564429 1.020108 1.054485
 993500.000 1.138062 0.558930 1.050522 1.083685
 994000.000 1.122348 0.562846 1.034629 1.063993
 994500.000 1.160515 0.568765 1.073957 1.103047
 995000.000 1.129486 0.553851 1.042405 1.076159
 995500.000 1.107598 0.525339 1.033706 1.053099
 996000.000 1.137225 0.555080 1.052852 1.081641
 996500.000 1.124361 0.545047 1.047373 1.065039
 997000.000 1.130845 0.552689 1.047806 1.074364
 997500.000 1.147721 0.537588 1.075697 1.090138
 998000.000 1.161174 0.551854 1.079147 1.107949
 998500.000 1.182254 0.574225 1.087316 1.132899
 999000.000 1.162137 0.552698 1.079251 1.109445
 999500.000 1.136948 0.522015 1.069901 1.080794
1000000.000 1.121208 0.539165 1.044487 1.064219
