 750000.000   26.185
 750500.000   27.897
 751000.000   27.086
 751500.000   26.411
 752000.000   26.053
 752500.000   27.731
 753000.000   28.158
 753500.000   28.145
 754000.000   25.830
 754500.000   26.357
 755000.000   26.731
 755500.000   28.140
 756000.000   27.093
 756500.000   25.958
 757000.000   25.231
 757500.000   27.513
 758000.000   26.585
 758500.000   25.468
 759000.000   26.014
 759500.000   25.544
 760000.000   25.480
 760500.000   25.103
 761000.000   25.987
 761500.000   25.554
 762000.000   26.041
 762500.000   26.541
 763000.000   25.595
 763500.000   26.125
 764000.000   25.674
 764500.000   26.221
 765000.000   26.211
 765500.000   26.013
 766000.000   26.066
 766500.000   25.438
 767000.000   26.498
 767500.000   25.374
 768000.000   25.970
 768500.000   26.828
 769000.000   26.651
 769500.000   26.973
 770000.000   25.694
 770500.000   26.478
 771000.000   25.957
 771500.000   25.514
 772000.000   25.631
 772500.000   25.640
 773000.000   27.657
 773500.000   25.878
 774000.000   26.793
 774500.000   26.561
 775000.000   26.226
 775500.000   25.322
 776000.000   27.646
 776500.000   25.829
 777000.000   26.527
 777500.000   27.382
 778000.000   25.962
 778500.000   26.745
 779000.000   26.142
 779500.000   26.523
 780000.000   26.112
 780500.000   25.535
 781000.000   26.322
 781500.000   26.339
 782000.000   27.055
 782500.000   26.402
 783000.000   27.217
 783500.000   25.951
 784000.000   25.123
 784500.000   26.125
 785000.000   26.519
 785500.000   27.282
 786000.000   26.399
 786500.000   27.353
 787000.000   25.645
 787500.000   26.175
 788000.000   25.396
 788500.000   25.761
 789000.000   24.402
 789500.000   25.271
 790000.000   25.406
 790500.000   26.144
 791000.000   25.847
 791500.000   25.810
 792000.000   26.968
 792500.000   26.326
 793000.000   25.678
 793500.000   25.623
 794000.000   26.264
 794500.000   25.245
 795000.000   25.851
 795500.000   24.911
 796000.000   25.404
 796500.000   26.480
 797000.000   26.392
 797500.000   25.775
 798000.000   25.716
 798500.000   25.556
 799000.000   27.525
 799500.000   27.654
 800000.000   27.248
 800500.000   27.775
 801000.000   26.460
 801500.000   26.792
 802000.000   25.899
 802500.000   26.658
 803000.000   26.692
 803500.000   26.733
 804000.000   27.642
 804500.000   27.149
 805000.000   27.633
 805500.000   27.820
 806000.000   27.568
 806500.000   26.644
 807000.000   26.790
 807500.000   27.461
 808000.000   27.972
 808500.000   28.364
 809000.000   26.721
 809500.000   26.792
 810000.000   27.256
 810500.000   26.351
 811000.000   28.508
 811500.000   27.967
 812000.000   27.066
 812500.000   26.278
 813000.000   27.856
 813500.000   26.460
 814000.000   28.021
 814500.000   27.510
 815000.000   26.517
 815500.000   27.496
 816000.000   27.091
 816500.000   27.101
 817000.000   27.056
 817500.000   26.222
 818000.000   27.224
 818500.000   26.937
 819000.000   26.311
 819500.000   27.406
 820000.000   27.758
 820500.000   27.960
 821000.000   27.325
 821500.000   26.640
 822000.000   27.556
 822500.000   26.779
 823000.000   28.517
 823500.000   27.602
 824000.000   26.685
 824500.000   27.370
 825000.000   26.684
 825500.000   27.000
 826000.000   26.722
 826500.000   26.955
 827000.000   27.548
 827500.000   26.582
 828000.000   26.257
 828500.000   27.012
 829000.000   26.656
 829500.000   26.497
 830000.000   27.610
 830500.000   27.066
 831000.000   27.425
 831500.000   26.578
 832000.000   26.301
 832500.000   26.839
 833000.000   27.270
 833500.000   27.462
 834000.000   27.476
 834500.000   28.474
 835000.000   26.948
 835500.000   26.977
 836000.000   27.467
 836500.000   27.067
 837000.000   27.653
 837500.000   27.043
 838000.000   27.297
 838500.000   27.599
 839000.000   27.538
 839500.000   27.366
 840000.000   26.722
 840500.000   25.639
 841000.000   27.784
 841500.000   27.959
 842000.000   25.677
 842500.000   27.181
 843000.000   25.688
 843500.000   26.422
 844000.000   25.588
 844500.000   26.853
 845000.000   26.364
 845500.000   26.198
 846000.000   26.016
 846500.000   26.444
 847000.000   25.755
 847500.000   25.836
 848000.000   27.134
 848500.000   26.173
 849000.000   26.380
 849500.000   26.217
 850000.000   26.691
 850500.000   26.068
 851000.000   25.967
 851500.000   26.614
 852000.000   26.521
 852500.000   26.234
 853000.000   26.293
 853500.000   26.710
 854000.000   26.865
 854500.000   26.909
 855000.000   25.956
 855500.000   25.946
 856000.000   26.731
 856500.000   26.803
 857000.000   27.226
 857500.000   26.206
 858000.000   25.840
 858500.000   27.632
 859000.000   27.428
 859500.000   27.211
 860000.000   26.753
 860500.000   26.540
 861000.000   26.030
 861500.000   26.567
 862000.000   26.589
 862500.000   26.790
 863000.000   26.556
 863500.000   27.523
 864000.000   26.480
 864500.000   26.941
 865000.000   27.040
 865500.000   27.043
 866000.000   26.150
 866500.000   26.970
 867000.000   26.018
 867500.000   27.227
 868000.000   26.219
 868500.000   26.786
 869000.000   27.979
 869500.000   27.103
 870000.000   27.036
 870500.000   26.012
 871000.000   26.223
 871500.000   26.940
 872000.000   27.064
 872500.000   27.201
 873000.000   26.421
 873500.000   26.700
 874000.000   27.058
 874500.000   26.338
 875000.000   27.416
 875500.000   27.921
 876000.000   26.400
 876500.000   27.397
 877000.000   27.197
 877500.000   26.945
 878000.000   27.333
 878500.000   27.243
 879000.000   27.675
 879500.000   26.393
 880000.000   27.375
 880500.000   26.565
 881000.000   26.681
 881500.000   27.944
 882000.000   27.350
 882500.000   26.535
 883000.000   27.717
 883500.000   26.315
 884000.000   27.152
 884500.000   27.583
 885000.000   26.532
 885500.000   26.762
 886000.000   26.914
 886500.000   26.501
 887000.000   27.628
 887500.000   27.419
 888000.000   27.603
 888500.000   27.183
 889000.000   27.081
 889500.000   27.261
 890000.000   26.340
 890500.000   26.468
 891000.000   27.370
 891500.000   27.525
 892000.000   27.139
 892500.000   27.080
 893000.000   27.457
 893500.000   26.888
 894000.000   27.634
 894500.000   27.540
 895000.000   27.228
 895500.000   26.954
 896000.000   27.322
 896500.000   26.469
 897000.000   28.022
 897500.000   27.629
 898000.000   27.057
 898500.000   26.740
 899000.000   27.281
 899500.000   27.462
 900000.000   28.648
 900500.000   29.368
 901000.000   26.044
 901500.000   26.619
 902000.000   27.155
 902500.000   27.368
 903000.000   27.022
 903500.000   27.710
 904000.000   27.729
 904500.000   27.998
 905000.000   26.952
 905500.000   28.352
 906000.000   27.116
 906500.000   27.051
 907000.000   26.355
 907500.000   26.460
 908000.000   25.967
 908500.000   26.063
 909000.000   27.585
 909500.000   26.981
 910000.000   28.093
 910500.000   27.207
 911000.000   27.630
 911500.000   27.732
 912000.000   27.927
 912500.000   26.697
 913000.000   26.987
 913500.000   27.254
 914000.000   27.578
 914500.000   28.046
 915000.000   27.602
 915500.000   27.729
 916000.000   26.905
 916500.000   27.898
 917000.000   28.788
 917500.000   27.120
 918000.000   27.122
 918500.000   26.502
 919000.000   27.730
 919500.000   27.486
 920000.000   27.152
 920500.000   26.848
 921000.000   27.677
 921500.000   26.902
 922000.000   26.783
 922500.000   26.057
 923000.000   26.563
 923500.000   26.506
 924000.000   27.520
 924500.000   28.265
 925000.000   27.393
 925500.000   27.184
 926000.000   27.444
 926500.000   28.108
 927000.000   26.605
 927500.000   27.493
 928000.000   27.113
 928500.000   27.194
 929000.000   27.504
 929500.000   27.311
 930000.000   27.416
 930500.000   26.947
 931000.000   27.632
 931500.000   26.648
 932000.000   30.165
 932500.000   27.518
 933000.000   25.894
 933500.000   27.506
 934000.000   26.729
 934500.000   27.371
 935000.000   27.750
 935500.000   28.411
 936000.000   27.614
 936500.000   27.345
 937000.000   27.390
 937500.000   26.669
 938000.000   25.631
 938500.000   25.571
 939000.000   25.503
 939500.000   27.310
 940000.000   26.863
 940500.000   26.512
 941000.000   26.707
 941500.000   25.658
 942000.000   25.612
 942500.000   24.478
 943000.000   26.047
 943500.000   26.494
 944000.000   24.694
 944500.000   26.500
 945000.000   25.587
 945500.000   24.454
 946000.000   27.049
 946500.000   24.952
 947000.000   24.689
 947500.000   25.038
 948000.000   26.058
 948500.000   26.829
 949000.000   26.168
 949500.000   24.904
 950000.000   25.538
 950500.000   25.529
 951000.000   25.071
 951500.000   25.126
 952000.000   25.360
 952500.000   26.248
 953000.000   25.983
 953500.000   25.556
 954000.000   26.048
 954500.000   25.790
 955000.000   25.169
 955500.000   24.788
 956000.000   25.999
 956500.000   24.957
 957000.000   25.314
 957500.000   25.704
 958000.000   24.798
 958500.000   25.814
 959000.000   25.343
 959500.000   26.692
 960000.000   25.840
 960500.000   25.328
 961000.000   24.780
 961500.000   24.531
 962000.000   26.472
 962500.000   24.889
 963000.000   25.711
 963500.000   24.673
 964000.000   25.992
 964500.000   24.345
 965000.000   24.614
 965500.000   23.841
 966000.000   25.903
 966500.000   25.909
 967000.000   25.889
 967500.000   26.756
 968000.000   26.035
 968500.000   25.224
 969000.000   24.797
 969500.000   25.365
 970000.000   25.311
 970500.000   25.093
 971000.000   25.798
 971500.000   25.685
 972000.000   25.023
 972500.000   24.430
 973000.000   24.644
 973500.000   25.319
 974000.000   24.559
 974500.000   25.742
 975000.000   25.237
 975500.000   25.445
 976000.000   25.932
 976500.000   25.554
 977000.000   26.120
 977500.000   25.641
 978000.000   25.833
 978500.000   24.600
 979000.000   25.338
 979500.000   25.764
 980000.000   24.674
 980500.000   25.023
 981000.000   25.055
 981500.000   25.240
 982000.000   26.514
 982500.000   25.113
 983000.000   25.353
 983500.000   25.108
 984000.000   26.135
 984500.000   25.929
 985000.000   26.246
 985500.000   25.122
 986000.000   24.338
 986500.000   24.792
 987000.000   25.074
 987500.000   24.369
 988000.000   26.148
 988500.000   24.292
 989000.000   26.041
 989500.000   25.562
 990000.000   25.963
 990500.000   25.265
 991000.000   25.905
 991500.000   25.685
 992000.000   25.039
 992500.000   24.992
 993000.000   25.851
 993500.000   26.148
 994000.000   26.028
 994500.000   24.113
 995000.000   25.124
 995500.000   24.868
 996000.000   25.065
 996500.000   24.804
 997000.000   24.775
 997500.000   24.923
 998000.000   25.697
 998500.000   25.431
 999000.000   25.823
 999500.000   26.862
1000000.000   25.753
