      43    2.089    0.134
      44    2.388    0.246
      45    0.972    0.210
      46    0.995    0.197
      47    1.678    0.399
      48    0.911    0.125
      49    0.725    0.087
      50    1.733    0.243
      51    0.601    0.235
      52    1.708    0.180
      53    0.764    0.150
      54    0.832    0.196
      55    0.168    0.103
      56    1.506    0.113
      57    0.783    0.103
      58    1.028    0.207
      59    2.015    0.276
      60    1.527    0.124
      61    1.082    0.116
      62    2.554    0.127
      63    2.258    0.140
