BFII_nolipid
""
WAVELENGTH	FLUORESCENCE
300.0	67.67044067382812
300.5	72.77149963378906
301.0	78.97564697265625
301.5	84.79219818115234
302.0	92.79154205322266
302.5	101.96277618408203
303.0	110.8865966796875
303.5	121.02620697021484
304.0	130.7322235107422
304.5	141.62278747558594
305.0	154.36424255371094
305.5	164.25851440429688
306.0	178.0709686279297
306.5	188.67486572265625
307.0	203.40847778320312
307.5	215.34039306640625
308.0	231.4508056640625
308.5	247.1775360107422
309.0	261.88446044921875
309.5	278.7142333984375
310.0	294.5119934082031
310.5	310.9037780761719
311.0	329.59332275390625
311.5	347.12481689453125
312.0	366.7849426269531
312.5	385.5772399902344
313.0	406.4398498535156
313.5	426.2397766113281
314.0	448.18206787109375
314.5	472.88201904296875
315.0	491.82293701171875
315.5	517.2352294921875
316.0	536.6015014648438
316.5	562.9188232421875
317.0	587.6331787109375
317.5	610.5218505859375
318.0	633.4391479492188
318.5	659.4918823242188
319.0	683.2770385742188
319.5	709.431640625
320.0	733.9853515625
320.5	760.7564086914062
321.0	791.0979614257812
321.5	813.5784301757812
322.0	844.8866577148438
322.5	868.4493408203125
323.0	900.2467041015625
323.5	929.2998657226562
324.0	955.5826416015625
324.5	982.8036499023438
325.0	1012.635009765625
325.5	1039.635498046875
326.0	1070.108154296875
326.5	1097.10693359375
327.0	1127.187255859375
327.5	1159.3916015625
328.0	1183.658203125
328.5	1216.169189453125
329.0	1240.20361328125
329.5	1272.36474609375
330.0	1299.068115234375
330.5	1328.3656005859375
331.0	1354.719970703125
331.5	1383.32470703125
332.0	1409.4132080078125
332.5	1437.2183837890625
333.0	1466.74267578125
333.5	1489.059326171875
334.0	1518.098388671875
334.5	1541.9306640625
335.0	1567.8411865234375
335.5	1590.1964111328125
336.0	1614.5750732421875
336.5	1637.012451171875
337.0	1661.03271484375
337.5	1686.8460693359375
338.0	1705.218994140625
338.5	1729.0284423828125
339.0	1748.5604248046875
339.5	1769.3856201171875
340.0	1787.1595458984375
340.5	1806.336181640625
341.0	1823.200439453125
341.5	1840.9427490234375
342.0	1860.37353515625
342.5	1874.22998046875
343.0	1891.753173828125
343.5	1905.7724609375
344.0	1919.9896240234375
344.5	1933.1900634765625
345.0	1946.4503173828125
345.5	1958.7786865234375
346.0	1971.115966796875
346.5	1983.3780517578125
347.0	1993.1746826171875
347.5	2003.6707763671875
348.0	2012.242431640625
348.5	2021.2435302734375
349.0	2028.4906005859375
349.5	2035.918212890625
350.0	2042.426513671875
350.5	2048.4560546875
351.0	2053.98291015625
351.5	2058.31591796875
352.0	2062.671875
352.5	2065.714111328125
353.0	2068.412109375
353.5	2071.206298828125
354.0	2074.182861328125
354.5	2075.425048828125
355.0	2075.219970703125
355.5	2074.245361328125
356.0	2073.700439453125
356.5	2073.642578125
357.0	2072.004638671875
357.5	2070.52587890625
358.0	2067.888916015625
358.5	2064.603515625
359.0	2061.344970703125
359.5	2058.2060546875
360.0	2054.2802734375
360.5	2048.972900390625
361.0	2044.0682373046875
361.5	2037.6954345703125
362.0	2031.5528564453125
362.5	2025.9248046875
363.0	2018.9710693359375
363.5	2011.937744140625
364.0	2003.5545654296875
364.5	1995.975341796875
365.0	1984.18896484375
365.5	1974.3609619140625
366.0	1964.9482421875
366.5	1953.8197021484375
367.0	1943.6241455078125
367.5	1931.2186279296875
368.0	1919.577880859375
368.5	1907.8233642578125
369.0	1895.321044921875
369.5	1883.506591796875
370.0	1870.4315185546875
370.5	1858.2508544921875
371.0	1842.489990234375
371.5	1827.6309814453125
372.0	1812.9873046875
372.5	1797.8094482421875
373.0	1784.1573486328125
373.5	1767.482666015625
374.0	1750.7545166015625
374.5	1735.214599609375
375.0	1718.076416015625
375.5	1702.094482421875
376.0	1682.5347900390625
376.5	1665.3035888671875
377.0	1649.1951904296875
377.5	1630.4442138671875
378.0	1613.8724365234375
378.5	1593.881103515625
379.0	1575.4298095703125
379.5	1558.9212646484375
380.0	1540.1300048828125
380.5	1522.0465087890625
381.0	1501.091796875
381.5	1482.015869140625
382.0	1464.44189453125
382.5	1445.72900390625
383.0	1429.55126953125
383.5	1408.5269775390625
384.0	1389.2384033203125
384.5	1371.333251953125
385.0	1352.1148681640625
385.5	1334.906494140625
386.0	1313.9405517578125
386.5	1294.9044189453125
387.0	1277.2606201171875
387.5	1258.1451416015625
388.0	1240.6341552734375
388.5	1220.1636962890625
389.0	1201.36328125
389.5	1184.0224609375
390.0	1163.970947265625
390.5	1148.6553955078125
391.0	1128.5740966796875
391.5	1110.4549560546875
392.0	1094.0509033203125
392.5	1074.5267333984375
393.0	1060.2569580078125
393.5	1041.755615234375
394.0	1024.087646484375
394.5	1008.4889526367188
395.0	989.4029541015625
395.5	972.788818359375
396.0	957.3172607421875
396.5	938.9563598632812
397.0	924.9696655273438
397.5	906.7971801757812
398.0	890.4929809570312
398.5	876.2294311523438
399.0	859.0582885742188
399.5	843.675537109375
400.0	829.91357421875
400.5	815.7701416015625
401.0	800.4172973632812
401.5	784.1558837890625
402.0	770.041259765625
402.5	756.4114990234375
403.0	740.4010009765625
403.5	726.15869140625
404.0	713.6980590820312
404.5	700.7875366210938
405.0	687.3505249023438
405.5	672.4863891601562
406.0	660.5145263671875
406.5	647.7310180664062
407.0	634.2310180664062
407.5	621.406005859375
408.0	609.9085083007812
408.5	596.9147338867188
409.0	587.0136108398438
409.5	574.0282592773438
410.0	563.6275024414062
410.5	552.4434814453125
411.0	540.0828857421875
411.5	530.1315307617188
412.0	519.042724609375
412.5	507.48760986328125
413.0	497.3048400878906
413.5	487.9034423828125
414.0	476.58502197265625
414.5	468.80157470703125
415.0	458.233154296875
415.5	449.48724365234375
416.0	439.98724365234375
416.5	429.65478515625
417.0	421.30242919921875
417.5	412.5601501464844
418.0	403.3022766113281
418.5	395.68829345703125
419.0	387.5944519042969
419.5	378.5759582519531
420.0	370.91680908203125
420.5	363.84625244140625
421.0	355.2886047363281
421.5	349.1260681152344
422.0	341.109130859375
422.5	333.14306640625
423.0	327.3173828125
423.5	319.7818298339844
424.0	313.6461486816406
424.5	306.8588562011719
425.0	299.80377197265625
425.5	294.0130310058594
426.0	287.53668212890625
426.5	280.654052734375
427.0	275.2884216308594
427.5	269.11529541015625
428.0	262.77691650390625
428.5	257.55340576171875
429.0	251.89193725585938
429.5	245.85504150390625
430.0	240.8382568359375
430.5	235.53915405273438
431.0	230.03591918945312
431.5	225.5943145751953
432.0	220.70672607421875
432.5	215.44970703125
433.0	211.1814422607422
433.5	206.3382568359375
434.0	201.46884155273438
434.5	197.46627807617188
435.0	192.91506958007812
435.5	188.22515869140625
436.0	184.2484588623047
436.5	179.9359893798828
437.0	175.63580322265625
437.5	171.88282775878906
438.0	168.05419921875
438.5	163.97103881835938
439.0	160.63677978515625
439.5	157.07786560058594
440.0	153.1197967529297
440.5	149.98133850097656
441.0	146.53323364257812
441.5	142.80551147460938
442.0	139.9178466796875
442.5	136.69761657714844
443.0	133.3436279296875
443.5	130.5442352294922
444.0	127.4446029663086
444.5	124.51648712158203
445.0	121.4061279296875
445.5	119.01102447509766
446.0	116.35845947265625
446.5	113.35661315917969
447.0	111.02066802978516
447.5	108.43695831298828
448.0	105.64496612548828
448.5	103.3857192993164
449.0	100.90909576416016
449.5	98.40792846679688
450.0	96.26091003417969
