 750000.000   26.797
 750500.000   24.779
 751000.000   26.304
 751500.000   25.002
 752000.000   25.440
 752500.000   25.726
 753000.000   26.178
 753500.000   25.245
 754000.000   26.483
 754500.000   25.125
 755000.000   25.797
 755500.000   24.311
 756000.000   25.673
 756500.000   25.781
 757000.000   25.366
 757500.000   25.604
 758000.000   24.701
 758500.000   24.050
 759000.000   26.650
 759500.000   26.220
 760000.000   25.989
 760500.000   25.112
 761000.000   26.385
 761500.000   25.234
 762000.000   25.133
 762500.000   24.743
 763000.000   24.862
 763500.000   25.697
 764000.000   26.303
 764500.000   25.778
 765000.000   26.663
 765500.000   25.986
 766000.000   26.634
 766500.000   25.235
 767000.000   25.318
 767500.000   24.658
 768000.000   24.578
 768500.000   24.023
 769000.000   25.006
 769500.000   25.231
 770000.000   24.648
 770500.000   24.825
 771000.000   24.573
 771500.000   24.586
 772000.000   24.494
 772500.000   24.310
 773000.000   25.387
 773500.000   26.376
 774000.000   25.906
 774500.000   25.043
 775000.000   24.922
 775500.000   25.048
 776000.000   26.230
 776500.000   24.976
 777000.000   25.549
 777500.000   25.176
 778000.000   25.315
 778500.000   25.050
 779000.000   26.363
 779500.000   25.209
 780000.000   25.765
 780500.000   25.568
 781000.000   26.204
 781500.000   24.983
 782000.000   25.326
 782500.000   26.153
 783000.000   25.541
 783500.000   26.308
 784000.000   25.128
 784500.000   26.029
 785000.000   25.407
 785500.000   26.586
 786000.000   25.701
 786500.000   26.306
 787000.000   25.839
 787500.000   25.534
 788000.000   25.264
 788500.000   26.056
 789000.000   25.128
 789500.000   25.660
 790000.000   25.114
 790500.000   24.912
 791000.000   25.658
 791500.000   24.763
 792000.000   24.786
 792500.000   25.917
 793000.000   25.924
 793500.000   26.008
 794000.000   26.053
 794500.000   25.827
 795000.000   25.163
 795500.000   25.345
 796000.000   25.693
 796500.000   25.267
 797000.000   26.227
 797500.000   25.435
 798000.000   24.652
 798500.000   25.345
 799000.000   25.058
 799500.000   25.678
 800000.000   25.140
 800500.000   24.661
 801000.000   24.934
 801500.000   25.333
 802000.000   25.233
 802500.000   26.494
 803000.000   24.926
 803500.000   25.719
 804000.000   24.666
 804500.000   26.553
 805000.000   25.754
 805500.000   24.340
 806000.000   25.243
 806500.000   26.102
 807000.000   25.517
 807500.000   26.248
 808000.000   26.049
 808500.000   26.008
 809000.000   25.901
 809500.000   26.733
 810000.000   26.380
 810500.000   25.720
 811000.000   25.659
 811500.000   25.793
 812000.000   26.462
 812500.000   26.136
 813000.000   26.631
 813500.000   25.267
 814000.000   27.012
 814500.000   26.896
 815000.000   26.213
 815500.000   26.084
 816000.000   26.564
 816500.000   25.331
 817000.000   25.346
 817500.000   25.487
 818000.000   27.116
 818500.000   25.005
 819000.000   25.391
 819500.000   25.006
 820000.000   24.250
 820500.000   24.403
 821000.000   26.975
 821500.000   24.980
 822000.000   23.498
 822500.000   24.023
 823000.000   24.579
 823500.000   24.974
 824000.000   26.718
 824500.000   25.892
 825000.000   25.459
 825500.000   25.848
 826000.000   26.936
 826500.000   25.182
 827000.000   26.433
 827500.000   27.156
 828000.000   26.248
 828500.000   26.687
 829000.000   26.833
 829500.000   25.786
 830000.000   27.425
 830500.000   27.061
 831000.000   27.868
 831500.000   27.337
 832000.000   27.535
 832500.000   26.538
 833000.000   26.684
 833500.000   26.073
 834000.000   27.396
 834500.000   27.365
 835000.000   28.972
 835500.000   26.376
 836000.000   28.360
 836500.000   27.508
 837000.000   28.061
 837500.000   26.113
 838000.000   28.515
 838500.000   28.312
 839000.000   27.875
 839500.000   27.230
 840000.000   28.107
 840500.000   26.740
 841000.000   28.108
 841500.000   27.572
 842000.000   27.689
 842500.000   28.253
 843000.000   27.398
 843500.000   27.761
 844000.000   27.613
 844500.000   27.435
 845000.000   27.108
 845500.000   28.392
 846000.000   27.617
 846500.000   28.658
 847000.000   29.233
 847500.000   29.021
 848000.000   28.001
 848500.000   28.193
 849000.000   28.921
 849500.000   29.233
 850000.000   27.684
 850500.000   28.803
 851000.000   27.926
 851500.000   28.809
 852000.000   27.781
 852500.000   28.428
 853000.000   28.381
 853500.000   28.584
 854000.000   29.050
 854500.000   29.029
 855000.000   29.414
 855500.000   28.250
 856000.000   29.035
 856500.000   28.804
 857000.000   28.811
 857500.000   28.331
 858000.000   29.020
 858500.000   27.814
 859000.000   28.373
 859500.000   28.755
 860000.000   28.617
 860500.000   28.390
 861000.000   29.378
 861500.000   28.995
 862000.000   28.455
 862500.000   28.603
 863000.000   28.774
 863500.000   28.459
 864000.000   28.881
 864500.000   28.978
 865000.000   27.027
 865500.000   28.077
 866000.000   27.164
 866500.000   27.004
 867000.000   28.478
 867500.000   27.467
 868000.000   27.723
 868500.000   28.210
 869000.000   27.350
 869500.000   26.789
 870000.000   27.501
 870500.000   27.822
 871000.000   27.903
 871500.000   28.156
 872000.000   26.057
 872500.000   28.028
 873000.000   28.314
 873500.000   27.190
 874000.000   28.043
 874500.000   28.502
 875000.000   27.152
 875500.000   26.368
 876000.000   26.143
 876500.000   25.965
 877000.000   28.068
 877500.000   28.135
 878000.000   27.756
 878500.000   28.562
 879000.000   27.795
 879500.000   28.359
 880000.000   29.522
 880500.000   27.464
 881000.000   28.165
 881500.000   27.478
 882000.000   28.159
 882500.000   27.784
 883000.000   28.761
 883500.000   26.111
 884000.000   27.006
 884500.000   27.141
 885000.000   28.162
 885500.000   27.928
 886000.000   26.147
 886500.000   27.725
 887000.000   26.667
 887500.000   25.978
 888000.000   26.307
 888500.000   28.379
 889000.000   26.569
 889500.000   27.069
 890000.000   28.623
 890500.000   27.660
 891000.000   28.729
 891500.000   28.221
 892000.000   28.368
 892500.000   28.735
 893000.000   28.939
 893500.000   28.046
 894000.000   27.864
 894500.000   27.432
 895000.000   28.044
 895500.000   28.507
 896000.000   27.293
 896500.000   28.361
 897000.000   26.981
 897500.000   28.755
 898000.000   28.309
 898500.000   28.964
 899000.000   27.365
 899500.000   28.987
 900000.000   28.378
 900500.000   27.450
 901000.000   27.231
 901500.000   28.056
 902000.000   28.822
 902500.000   28.830
 903000.000   27.232
 903500.000   27.929
 904000.000   28.472
 904500.000   27.495
 905000.000   28.307
 905500.000   27.953
 906000.000   28.345
 906500.000   28.767
 907000.000   27.601
 907500.000   27.608
 908000.000   29.840
 908500.000   27.537
 909000.000   28.303
 909500.000   28.759
 910000.000   29.375
 910500.000   28.475
 911000.000   28.983
 911500.000   29.085
 912000.000   27.304
 912500.000   28.867
 913000.000   28.474
 913500.000   27.682
 914000.000   28.609
 914500.000   27.818
 915000.000   27.570
 915500.000   28.297
 916000.000   27.544
 916500.000   28.643
 917000.000   28.604
 917500.000   28.374
 918000.000   27.463
 918500.000   28.428
 919000.000   29.102
 919500.000   28.850
 920000.000   28.178
 920500.000   28.448
 921000.000   28.238
 921500.000   27.862
 922000.000   28.192
 922500.000   28.349
 923000.000   28.585
 923500.000   28.980
 924000.000   28.398
 924500.000   28.336
 925000.000   29.053
 925500.000   28.225
 926000.000   27.670
 926500.000   28.667
 927000.000   29.473
 927500.000   28.464
 928000.000   28.570
 928500.000   28.715
 929000.000   27.975
 929500.000   29.887
 930000.000   29.630
 930500.000   29.296
 931000.000   28.330
 931500.000   28.450
 932000.000   28.694
 932500.000   28.110
 933000.000   27.820
 933500.000   28.450
 934000.000   28.248
 934500.000   28.592
 935000.000   28.373
 935500.000   28.537
 936000.000   28.356
 936500.000   28.439
 937000.000   28.984
 937500.000   28.161
 938000.000   28.894
 938500.000   28.174
 939000.000   28.276
 939500.000   28.276
 940000.000   29.066
 940500.000   28.647
 941000.000   28.613
 941500.000   28.966
 942000.000   27.753
 942500.000   28.422
 943000.000   27.175
 943500.000   28.169
 944000.000   28.244
 944500.000   29.511
 945000.000   28.361
 945500.000   28.665
 946000.000   27.726
 946500.000   28.342
 947000.000   28.806
 947500.000   29.365
 948000.000   29.175
 948500.000   28.171
 949000.000   28.329
 949500.000   28.756
 950000.000   28.990
 950500.000   28.586
 951000.000   28.755
 951500.000   28.250
 952000.000   28.735
 952500.000   28.788
 953000.000   29.057
 953500.000   27.843
 954000.000   28.363
 954500.000   29.010
 955000.000   28.155
 955500.000   28.238
 956000.000   27.375
 956500.000   28.559
 957000.000   29.718
 957500.000   27.915
 958000.000   29.273
 958500.000   28.439
 959000.000   28.572
 959500.000   27.911
 960000.000   28.470
 960500.000   28.758
 961000.000   28.555
 961500.000   28.796
 962000.000   30.699
 962500.000   28.755
 963000.000   28.759
 963500.000   27.918
 964000.000   29.762
 964500.000   28.211
 965000.000   28.302
 965500.000   28.070
 966000.000   29.845
 966500.000   28.748
 967000.000   28.989
 967500.000   29.374
 968000.000   29.243
 968500.000   28.271
 969000.000   28.843
 969500.000   29.920
 970000.000   29.347
 970500.000   28.078
 971000.000   29.105
 971500.000   29.022
 972000.000   29.750
 972500.000   29.946
 973000.000   30.002
 973500.000   29.645
 974000.000   28.427
 974500.000   29.537
 975000.000   29.023
 975500.000   28.686
 976000.000   28.948
 976500.000   28.779
 977000.000   29.588
 977500.000   29.081
 978000.000   29.190
 978500.000   29.560
 979000.000   27.864
 979500.000   28.669
 980000.000   30.378
 980500.000   29.913
 981000.000   27.939
 981500.000   29.169
 982000.000   29.354
 982500.000   28.029
 983000.000   29.176
 983500.000   29.500
 984000.000   28.863
 984500.000   29.544
 985000.000   29.254
 985500.000   28.686
 986000.000   29.208
 986500.000   28.367
 987000.000   28.693
 987500.000   27.668
 988000.000   28.046
 988500.000   28.000
 989000.000   27.021
 989500.000   29.302
 990000.000   27.236
 990500.000   28.064
 991000.000   28.029
 991500.000   26.414
 992000.000   27.125
 992500.000   27.835
 993000.000   28.378
 993500.000   28.062
 994000.000   27.400
 994500.000   28.675
 995000.000   27.259
 995500.000   27.938
 996000.000   27.287
 996500.000   27.390
 997000.000   26.708
 997500.000   27.622
 998000.000   27.339
 998500.000   27.127
 999000.000   27.159
 999500.000   26.384
1000000.000   27.119
