 750000.000    1.479
 750500.000    0.780
 751000.000    1.557
 751500.000    1.465
 752000.000   -1.133
 752500.000    3.126
 753000.000    2.256
 753500.000    1.545
 754000.000    0.943
 754500.000    1.909
 755000.000    4.086
 755500.000    3.536
 756000.000    1.834
 756500.000    1.626
 757000.000    3.388
 757500.000    1.568
 758000.000    0.948
 758500.000    3.224
 759000.000    3.213
 759500.000    4.528
 760000.000    3.470
 760500.000    0.775
 761000.000    2.015
 761500.000    2.157
 762000.000    1.903
 762500.000    1.651
 763000.000    1.644
 763500.000    0.682
 764000.000   -0.098
 764500.000    3.129
 765000.000    3.919
 765500.000   -0.352
 766000.000    2.954
 766500.000    0.079
 767000.000    0.698
 767500.000    4.883
 768000.000    4.434
 768500.000    0.171
 769000.000    3.053
 769500.000    0.682
 770000.000    1.825
 770500.000    2.333
 771000.000    1.381
 771500.000    0.782
 772000.000    0.083
 772500.000    2.787
 773000.000    2.957
 773500.000    3.381
 774000.000    1.829
 774500.000    1.381
 775000.000    0.437
 775500.000   -0.876
 776000.000    1.738
 776500.000    0.246
 777000.000    3.474
 777500.000    2.352
 778000.000    1.548
 778500.000    3.037
 779000.000    1.025
 779500.000    3.216
 780000.000    1.032
 780500.000    1.215
 781000.000    2.420
 781500.000    1.043
 782000.000    0.858
 782500.000    2.429
 783000.000    2.687
 783500.000   -0.356
 784000.000    3.481
 784500.000    4.957
 785000.000   -0.719
 785500.000   -0.358
 786000.000    2.776
 786500.000    0.785
 787000.000    3.646
 787500.000    5.039
 788000.000    1.204
 788500.000   -0.965
 789000.000    0.175
 789500.000    0.255
 790000.000    0.784
 790500.000    2.450
 791000.000    1.916
 791500.000    2.792
 792000.000    0.798
 792500.000    3.836
 793000.000    2.347
 793500.000    1.744
 794000.000    3.151
 794500.000    2.807
 795000.000    3.763
 795500.000    3.756
 796000.000    4.018
 796500.000    3.669
 797000.000    1.128
 797500.000    3.312
 798000.000    0.863
 798500.000    5.051
 799000.000    3.571
 799500.000    3.660
 800000.000    3.403
 800500.000    1.761
 801000.000    1.499
 801500.000    4.283
 802000.000    2.269
 802500.000    3.222
 803000.000    2.522
 803500.000    1.307
 804000.000    4.088
 804500.000    2.966
 805000.000    3.223
 805500.000    1.570
 806000.000    4.009
 806500.000    2.176
 807000.000    3.493
 807500.000    4.427
 808000.000    2.343
 808500.000    4.095
 809000.000    5.571
 809500.000    5.316
 810000.000    0.249
 810500.000    0.063
 811000.000    2.083
 811500.000    1.124
 812000.000    4.341
 812500.000    2.622
 813000.000   -0.695
 813500.000    2.171
 814000.000    4.877
 814500.000    2.100
 815000.000    0.347
 815500.000    4.089
 816000.000    2.691
 816500.000    4.001
 817000.000    4.017
 817500.000    2.519
 818000.000    2.446
 818500.000    5.562
 819000.000    1.046
 819500.000    1.209
 820000.000    3.999
 820500.000    4.180
 821000.000    1.137
 821500.000    0.514
 822000.000   -0.956
 822500.000    3.136
 823000.000    2.535
 823500.000    5.214
 824000.000    1.548
 824500.000    2.698
 825000.000    4.065
 825500.000    1.822
 826000.000    2.271
 826500.000    5.129
 827000.000   -0.185
 827500.000    2.955
 828000.000    1.484
 828500.000    3.202
 829000.000    1.818
 829500.000    3.814
 830000.000    0.943
 830500.000   -1.420
 831000.000    2.865
 831500.000    3.736
 832000.000    2.003
 832500.000    3.307
 833000.000    0.698
 833500.000    3.190
 834000.000    4.886
 834500.000    2.963
 835000.000    1.672
 835500.000    1.316
 836000.000    1.037
 836500.000    4.521
 837000.000    3.312
 837500.000    3.410
 838000.000    2.886
 838500.000    2.604
 839000.000    2.006
 839500.000    2.004
 840000.000    1.566
 840500.000    4.702
 841000.000    3.316
 841500.000    2.805
 842000.000    2.617
 842500.000    0.443
 843000.000    2.187
 843500.000   -0.539
 844000.000    0.352
 844500.000    4.269
 845000.000    3.307
 845500.000   -1.121
 846000.000    1.571
 846500.000    3.919
 847000.000    0.867
 847500.000    0.689
 848000.000    1.550
 848500.000    1.479
 849000.000    3.028
 849500.000    0.084
 850000.000    5.042
 850500.000   -0.001
 851000.000    2.778
 851500.000    1.294
 852000.000    3.903
 852500.000    3.302
 853000.000    2.780
 853500.000    1.034
 854000.000    3.376
 854500.000    1.924
 855000.000    0.775
 855500.000    2.766
 856000.000    4.870
 856500.000    1.820
 857000.000    1.467
 857500.000    3.915
 858000.000    2.421
 858500.000    1.749
 859000.000    5.049
 859500.000    4.267
 860000.000    2.343
 860500.000    3.486
 861000.000    3.733
 861500.000    1.825
 862000.000    3.215
 862500.000    2.088
 863000.000    0.785
 863500.000   -0.444
 864000.000    0.436
 864500.000    1.903
 865000.000   -1.388
 865500.000   -2.441
 866000.000    0.682
 866500.000    1.733
 867000.000    1.909
 867500.000    2.608
 868000.000   -0.870
 868500.000   -0.608
 869000.000    3.736
 869500.000    1.660
 870000.000    0.603
 870500.000    1.469
 871000.000    3.385
 871500.000    1.389
 872000.000    2.959
 872500.000   -0.689
 873000.000    3.912
 873500.000    0.954
 874000.000   -0.782
 874500.000    0.780
 875000.000    2.702
 875500.000    0.957
 876000.000   -0.517
 876500.000    3.140
 877000.000    1.580
 877500.000    1.909
 878000.000    1.392
 878500.000    0.099
 879000.000    2.098
 879500.000    0.697
 880000.000    2.704
 880500.000    0.351
 881000.000    0.187
 881500.000    3.399
 882000.000    1.655
 882500.000    2.783
 883000.000    3.307
 883500.000    2.445
 884000.000    0.878
 884500.000   -0.528
 885000.000    4.551
 885500.000    0.516
 886000.000    2.693
 886500.000    0.441
 887000.000    1.852
 887500.000    1.052
 888000.000    3.050
 888500.000    2.773
 889000.000    5.561
 889500.000    3.041
 890000.000    2.274
 890500.000    4.705
 891000.000    3.575
 891500.000   -0.247
 892000.000    2.540
 892500.000    3.504
 893000.000    4.084
 893500.000    0.178
 894000.000    1.838
 894500.000    0.343
 895000.000    3.310
 895500.000    0.595
 896000.000    2.264
 896500.000   -1.044
 897000.000    1.584
 897500.000   -0.279
 898000.000    2.610
 898500.000    0.274
 899000.000    3.227
 899500.000    3.839
 900000.000    0.083
 900500.000    3.743
 901000.000   -0.349
 901500.000    0.704
 902000.000    4.003
 902500.000    6.276
 903000.000    0.865
 903500.000    5.484
 904000.000    2.617
 904500.000    4.604
 905000.000    1.034
 905500.000    0.968
 906000.000    2.696
 906500.000    3.131
 907000.000    3.136
 907500.000   -0.253
 908000.000    1.300
 908500.000   -0.688
 909000.000    4.517
 909500.000    2.359
 910000.000   -0.008
 910500.000    4.865
 911000.000    2.077
 911500.000    4.787
 912000.000    3.914
 912500.000    0.512
 913000.000    3.371
 913500.000    1.916
 914000.000   -0.013
 914500.000    3.390
 915000.000    2.347
 915500.000    1.302
 916000.000    0.427
 916500.000    3.034
 917000.000    0.434
 917500.000    0.610
 918000.000    2.255
 918500.000    1.985
 919000.000    1.286
 919500.000    0.604
 920000.000    1.811
 920500.000    2.531
 921000.000    1.294
 921500.000   -0.617
 922000.000    4.098
 922500.000    2.003
 923000.000    0.352
 923500.000    0.249
 924000.000    0.604
 924500.000    1.832
 925000.000    3.218
 925500.000   -0.524
 926000.000    2.357
 926500.000   -0.957
 927000.000    2.782
 927500.000    0.940
 928000.000    1.133
 928500.000    0.697
 929000.000    0.086
 929500.000    1.206
 930000.000    2.865
 930500.000    2.533
 931000.000    0.159
 931500.000   -0.872
 932000.000    2.961
 932500.000    0.874
 933000.000    3.850
 933500.000    2.519
 934000.000   -0.869
 934500.000    0.870
 935000.000    1.568
 935500.000    0.783
 936000.000    3.481
 936500.000   -0.079
 937000.000    2.090
 937500.000    2.429
 938000.000    0.166
 938500.000    0.517
 939000.000    1.238
 939500.000    4.542
 940000.000    1.660
 940500.000    3.051
 941000.000    4.084
 941500.000    0.965
 942000.000    0.959
 942500.000    2.343
 943000.000    1.199
 943500.000    2.061
 944000.000    1.216
 944500.000    1.296
 945000.000    2.255
 945500.000    0.773
 946000.000   -1.142
 946500.000    1.133
 947000.000    2.260
 947500.000    0.681
 948000.000    2.707
 948500.000   -0.810
 949000.000    1.992
 949500.000    0.691
 950000.000    0.697
 950500.000    1.648
 951000.000    2.867
 951500.000    1.039
 952000.000   -0.017
 952500.000    1.754
 953000.000    3.637
 953500.000    1.738
 954000.000    0.253
 954500.000    1.133
 955000.000    2.359
 955500.000    2.512
 956000.000    2.703
 956500.000    0.952
 957000.000    1.385
 957500.000   -1.830
 958000.000    0.432
 958500.000    0.515
 959000.000    2.074
 959500.000    1.822
 960000.000    0.345
 960500.000   -0.091
 961000.000   -1.225
 961500.000    0.512
 962000.000    3.742
 962500.000   -2.010
 963000.000    2.849
 963500.000   -0.343
 964000.000    1.479
 964500.000    1.043
 965000.000   -0.617
 965500.000    2.171
 966000.000   -0.347
 966500.000    4.964
 967000.000   -0.436
 967500.000    0.414
 968000.000    2.964
 968500.000    0.253
 969000.000   -2.544
 969500.000   -0.251
 970000.000   -2.177
 970500.000   -3.232
 971000.000    0.166
 971500.000   -0.782
 972000.000   -0.354
 972500.000    1.218
 973000.000    1.048
 973500.000    1.122
 974000.000    1.035
 974500.000   -0.523
 975000.000    1.208
 975500.000    2.175
 976000.000    1.476
 976500.000    2.696
 977000.000    0.343
 977500.000   -0.288
 978000.000    3.372
 978500.000   -0.347
 979000.000    1.470
 979500.000    0.429
 980000.000    4.602
 980500.000    4.169
 981000.000    3.026
 981500.000   -0.790
 982000.000    0.686
 982500.000    1.199
 983000.000    2.253
 983500.000    0.594
 984000.000    1.300
 984500.000    1.827
 985000.000   -0.169
 985500.000    3.578
 986000.000    2.686
 986500.000    2.425
 987000.000    2.954
 987500.000    3.037
 988000.000    1.568
 988500.000    1.216
 989000.000    3.399
 989500.000    3.026
 990000.000    4.343
 990500.000    3.555
 991000.000   -0.359
 991500.000    2.593
 992000.000    0.523
 992500.000    1.818
 993000.000    3.915
 993500.000    1.018
 994000.000    1.289
 994500.000    1.043
 995000.000    1.990
 995500.000    2.166
 996000.000    1.129
 996500.000   -0.633
 997000.000    2.256
 997500.000   -0.001
 998000.000    0.940
 998500.000    0.429
 999000.000    4.347
 999500.000    0.956
1000000.000    2.959
