 750000.000    6.389  644.849
 750500.000    6.381  645.610
 751000.000    6.179  666.728
 751500.000    6.359  647.895
 752000.000    6.117  673.536
 752500.000    6.163  668.499
 753000.000    6.320  651.918
 753500.000    6.442  639.503
 754000.000    6.245  659.733
 754500.000    6.336  650.259
 755000.000    6.329  650.946
 755500.000    6.128  672.329
 756000.000    6.346  649.212
 756500.000    6.230  661.247
 757000.000    6.282  655.823
 757500.000    6.502  633.631
 758000.000    6.149  669.964
 758500.000    6.297  654.275
 759000.000    6.284  655.584
 759500.000    6.087  676.863
 760000.000    6.200  664.477
 760500.000    6.408  642.923
 761000.000    6.139  671.122
 761500.000    6.149  670.038
 762000.000    6.338  649.968
 762500.000    6.332  650.619
 763000.000    6.220  662.364
 763500.000    6.107  674.584
 764000.000    6.406  643.162
 764500.000    6.352  648.580
 765000.000    6.222  662.130
 765500.000    6.307  653.251
 766000.000    6.375  646.215
 766500.000    6.061  679.761
 767000.000    6.461  637.662
 767500.000    6.259  658.180
 768000.000    6.404  643.352
 768500.000    6.291  654.840
 769000.000    6.389  644.864
 769500.000    6.183  666.339
 770000.000    6.186  666.021
 770500.000    6.138  671.201
 771000.000    6.394  644.356
 771500.000    6.496  634.202
 772000.000    6.233  660.946
 772500.000    6.163  668.499
 773000.000    6.282  655.791
 773500.000    6.247  659.462
 774000.000    6.350  648.786
 774500.000    6.292  654.739
 775000.000    6.342  649.582
 775500.000    6.280  656.029
 776000.000    6.280  655.995
 776500.000    6.231  661.141
 777000.000    6.345  649.302
 777500.000    6.222  662.185
 778000.000    6.205  663.968
 778500.000    6.181  666.475
 779000.000    6.343  649.530
 779500.000    6.261  657.990
 780000.000    6.470  636.723
 780500.000    6.268  657.296
 781000.000    6.258  658.343
 781500.000    6.404  643.278
 782000.000    6.151  669.760
 782500.000    6.265  657.540
 783000.000    6.595  624.650
 783500.000    6.321  651.791
 784000.000    6.172  667.519
 784500.000    6.426  641.121
 785000.000    6.524  631.530
 785500.000    6.472  636.513
 786000.000    6.085  676.997
 786500.000    6.229  661.363
 787000.000    6.464  637.328
 787500.000    6.231  661.148
 788000.000    6.208  663.671
 788500.000    6.165  668.230
 789000.000    6.372  646.497
 789500.000    6.453  638.388
 790000.000    6.366  647.201
 790500.000    6.422  641.464
 791000.000    6.272  656.874
 791500.000    6.216  662.760
 792000.000    6.253  658.802
 792500.000    6.247  659.488
 793000.000    6.294  654.545
 793500.000    6.357  648.077
 794000.000    6.166  668.117
 794500.000    6.509  632.933
 795000.000    6.210  663.467
 795500.000    6.390  644.690
 796000.000    6.205  663.945
 796500.000    6.452  638.577
 797000.000    6.452  638.502
 797500.000    6.284  655.619
 798000.000    6.355  648.226
 798500.000    6.333  650.534
 799000.000    6.089  676.570
 799500.000    6.142  670.715
 800000.000    6.089  676.591
 800500.000    6.368  646.941
 801000.000    6.360  647.801
 801500.000    6.401  643.569
 802000.000    6.357  648.023
 802500.000    6.151  669.797
 803000.000    6.138  671.217
 803500.000    6.303  653.654
 804000.000    6.413  642.369
 804500.000    6.508  633.081
 805000.000    6.457  638.048
 805500.000    5.984  688.490
 806000.000    6.358  647.961
 806500.000    6.224  661.892
 807000.000    6.290  654.982
 807500.000    6.372  646.503
 808000.000    6.096  675.858
 808500.000    6.204  664.107
 809000.000    6.193  665.278
 809500.000    6.280  655.978
 810000.000    6.419  641.765
 810500.000    6.117  673.551
 811000.000    6.454  638.314
 811500.000    6.295  654.404
 812000.000    6.249  659.310
 812500.000    6.272  656.832
 813000.000    6.115  673.770
 813500.000    6.180  666.646
 814000.000    6.113  673.938
 814500.000    6.164  668.375
 815000.000    6.281  655.938
 815500.000    6.467  637.051
 816000.000    6.450  638.714
 816500.000    6.103  675.072
 817000.000    6.279  656.168
 817500.000    6.171  667.619
 818000.000    6.177  666.955
 818500.000    6.437  639.993
 819000.000    6.345  649.306
 819500.000    6.223  662.004
 820000.000    6.215  662.903
 820500.000    6.296  654.354
 821000.000    6.415  642.230
 821500.000    6.329  650.944
 822000.000    6.178  666.864
 822500.000    6.379  645.857
 823000.000    6.326  651.241
 823500.000    6.181  666.522
 824000.000    6.384  645.314
 824500.000    6.260  658.103
 825000.000    6.391  644.641
 825500.000    6.395  644.188
 826000.000    6.287  655.238
 826500.000    6.291  654.851
 827000.000    6.338  649.979
 827500.000    6.423  641.366
 828000.000    6.112  674.096
 828500.000    6.411  642.642
 829000.000    6.243  659.905
 829500.000    6.250  659.175
 830000.000    6.399  643.802
 830500.000    6.303  653.603
 831000.000    6.418  641.877
 831500.000    5.964  690.787
 832000.000    6.283  655.737
 832500.000    6.092  676.216
 833000.000    6.388  644.943
 833500.000    6.081  677.469
 834000.000    6.287  655.299
 834500.000    6.315  652.377
 835000.000    6.259  658.190
 835500.000    6.203  664.112
 836000.000    6.479  635.859
 836500.000    6.250  659.124
 837000.000    6.066  679.191
 837500.000    6.076  678.026
 838000.000    6.127  672.452
 838500.000    6.291  654.917
 839000.000    6.222  662.133
 839500.000    6.337  650.112
 840000.000    6.115  673.711
 840500.000    6.374  646.367
 841000.000    6.464  637.316
 841500.000    6.206  663.868
 842000.000    6.328  651.002
 842500.000    6.041  681.976
 843000.000    6.229  661.354
 843500.000    6.164  668.373
 844000.000    6.202  664.246
 844500.000    6.431  640.650
 845000.000    6.276  656.455
 845500.000    6.415  642.212
 846000.000    6.140  671.026
 846500.000    6.345  649.313
 847000.000    6.219  662.405
 847500.000    6.472  636.549
 848000.000    6.165  668.250
 848500.000    6.149  669.956
 849000.000    6.082  677.340
 849500.000    6.299  654.022
 850000.000    6.281  655.889
 850500.000    6.203  664.115
 851000.000    6.279  656.133
 851500.000    6.151  669.747
 852000.000    6.325  651.381
 852500.000    6.185  666.075
 853000.000    6.319  651.919
 853500.000    6.504  633.451
 854000.000    6.116  673.577
 854500.000    6.321  651.805
 855000.000    6.347  649.093
 855500.000    6.249  659.255
 856000.000    6.388  644.934
 856500.000    6.342  649.602
 857000.000    6.260  658.147
 857500.000    6.227  661.616
 858000.000    6.316  652.288
 858500.000    6.228  661.454
 859000.000    6.114  673.879
 859500.000    6.297  654.288
 860000.000    6.207  663.724
 860500.000    6.234  660.857
 861000.000    6.458  637.961
 861500.000    6.540  629.975
 862000.000    6.332  650.640
 862500.000    6.187  665.892
 863000.000    6.338  650.021
 863500.000    6.355  648.305
 864000.000    6.354  648.363
 864500.000    6.135  671.548
 865000.000    6.162  668.588
 865500.000    6.428  640.939
 866000.000    6.250  659.162
 866500.000    6.479  635.899
 867000.000    6.474  636.369
 867500.000    6.289  655.100
 868000.000    6.446  639.172
 868500.000    6.205  663.971
 869000.000    6.184  666.199
 869500.000    6.386  645.159
 870000.000    6.344  649.408
 870500.000    6.236  660.659
 871000.000    6.264  657.678
 871500.000    6.244  659.845
 872000.000    6.318  652.075
 872500.000    6.304  653.494
 873000.000    6.330  650.830
 873500.000    6.330  650.806
 874000.000    6.287  655.331
 874500.000    6.260  658.122
 875000.000    6.308  653.064
 875500.000    6.204  664.002
 876000.000    6.376  646.112
 876500.000    6.271  656.949
 877000.000    6.322  651.612
 877500.000    6.060  679.812
 878000.000    6.271  656.978
 878500.000    6.232  661.062
 879000.000    6.145  670.403
 879500.000    6.157  669.172
 880000.000    6.132  671.804
 880500.000    6.352  648.615
 881000.000    6.429  640.773
 881500.000    6.294  654.589
 882000.000    6.169  667.782
 882500.000    6.059  679.928
 883000.000    6.408  642.931
 883500.000    6.020  684.389
 884000.000    6.117  673.459
 884500.000    6.351  648.662
 885000.000    6.268  657.278
 885500.000    6.367  647.041
 886000.000    6.326  651.234
 886500.000    6.205  663.996
 887000.000    6.256  658.553
 887500.000    6.283  655.691
 888000.000    6.176  667.116
 888500.000    6.192  665.303
 889000.000    6.121  673.063
 889500.000    6.288  655.190
 890000.000    6.322  651.709
 890500.000    6.202  664.263
 891000.000    6.230  661.333
 891500.000    6.151  669.734
 892000.000    6.291  654.820
 892500.000    6.400  643.737
 893000.000    6.123  672.814
 893500.000    6.183  666.328
 894000.000    6.595  624.708
 894500.000    6.368  647.003
 895000.000    6.175  667.174
 895500.000    6.176  667.107
 896000.000    6.220  662.331
 896500.000    6.135  671.572
 897000.000    6.449  638.840
 897500.000    6.238  660.447
 898000.000    6.471  636.696
 898500.000    6.239  660.364
 899000.000    6.007  685.819
 899500.000    6.350  648.824
 900000.000    5.990  687.815
 900500.000    6.154  669.440
 901000.000    6.213  663.146
 901500.000    6.259  658.215
 902000.000    6.186  665.936
 902500.000    6.416  642.102
 903000.000    6.221  662.213
 903500.000    6.043  681.765
 904000.000    6.396  644.152
 904500.000    6.194  665.178
 905000.000    6.324  651.484
 905500.000    6.407  643.012
 906000.000    6.170  667.663
 906500.000    6.338  649.989
 907000.000    6.303  653.676
 907500.000    6.342  649.641
 908000.000    6.327  651.102
 908500.000    6.214  662.995
 909000.000    6.310  652.895
 909500.000    6.190  665.550
 910000.000    6.459  637.852
 910500.000    6.329  650.941
 911000.000    6.375  646.205
 911500.000    6.201  664.407
 912000.000    6.090  676.482
 912500.000    6.126  672.491
 913000.000    6.378  645.990
 913500.000    6.427  640.988
 914000.000    5.941  693.497
 914500.000    6.365  647.222
 915000.000    6.363  647.496
 915500.000    6.477  636.019
 916000.000    6.327  651.096
 916500.000    6.412  642.528
 917000.000    6.267  657.425
 917500.000    6.344  649.429
 918000.000    6.319  651.944
 918500.000    6.249  659.294
 919000.000    6.513  632.544
 919500.000    6.130  672.120
 920000.000    6.347  649.099
 920500.000    6.214  662.956
 921000.000    6.258  658.293
 921500.000    6.342  649.570
 922000.000    6.238  660.386
 922500.000    6.181  666.487
 923000.000    6.100  675.344
 923500.000    6.051  680.887
 924000.000    6.236  660.596
 924500.000    6.350  648.781
 925000.000    6.209  663.500
 925500.000    6.170  667.728
 926000.000    6.130  672.108
 926500.000    6.238  660.484
 927000.000    6.232  661.019
 927500.000    6.212  663.206
 928000.000    6.184  666.235
 928500.000    6.181  666.517
 929000.000    6.242  660.044
 929500.000    6.116  673.611
 930000.000    6.298  654.129
 930500.000    6.349  648.922
 931000.000    6.152  669.701
 931500.000    6.366  647.130
 932000.000    6.397  644.021
 932500.000    6.205  663.996
 933000.000    6.196  664.903
 933500.000    6.307  653.232
 934000.000    6.200  664.492
 934500.000    6.207  663.701
 935000.000    6.188  665.746
 935500.000    6.050  681.008
 936000.000    6.139  671.120
 936500.000    6.430  640.729
 937000.000    5.985  688.334
 937500.000    6.171  667.628
 938000.000    6.264  657.646
 938500.000    6.147  670.183
 939000.000    6.167  667.998
 939500.000    6.239  660.322
 940000.000    6.220  662.367
 940500.000    6.065  679.229
 941000.000    5.997  687.021
 941500.000    6.107  674.600
 942000.000    6.207  663.740
 942500.000    6.355  648.270
 943000.000    6.326  651.268
 943500.000    6.227  661.578
 944000.000    5.985  688.319
 944500.000    6.009  685.619
 945000.000    6.098  675.570
 945500.000    6.318  652.091
 946000.000    6.407  643.040
 946500.000    6.368  646.986
 947000.000    6.183  666.345
 947500.000    5.919  696.005
 948000.000    6.328  651.047
 948500.000    6.204  664.044
 949000.000    5.940  693.580
 949500.000    6.183  666.352
 950000.000    6.184  666.160
 950500.000    6.077  677.952
 951000.000    6.351  648.730
 951500.000    6.184  666.230
 952000.000    6.074  678.283
 952500.000    6.001  686.464
 953000.000    6.254  658.747
 953500.000    6.126  672.532
 954000.000    6.112  674.044
 954500.000    6.208  663.666
 955000.000    6.371  646.694
 955500.000    6.414  642.351
 956000.000    6.197  664.792
 956500.000    6.321  651.771
 957000.000    6.117  673.448
 957500.000    6.420  641.705
 958000.000    6.329  650.922
 958500.000    6.201  664.342
 959000.000    6.299  654.048
 959500.000    6.156  669.194
 960000.000    6.418  641.932
 960500.000    6.143  670.671
 961000.000    6.135  671.557
 961500.000    6.187  665.874
 962000.000    6.262  657.864
 962500.000    6.323  651.608
 963000.000    6.207  663.786
 963500.000    6.311  652.782
 964000.000    6.245  659.682
 964500.000    6.128  672.303
 965000.000    6.174  667.239
 965500.000    6.237  660.508
 966000.000    6.373  646.415
 966500.000    6.180  666.687
 967000.000    6.462  637.507
 967500.000    6.588  625.337
 968000.000    6.452  638.507
 968500.000    6.436  640.114
 969000.000    6.571  626.921
 969500.000    6.332  650.666
 970000.000    6.219  662.458
 970500.000    6.469  636.851
 971000.000    6.209  663.536
 971500.000    6.310  652.948
 972000.000    6.355  648.286
 972500.000    6.361  647.714
 973000.000    6.211  663.304
 973500.000    6.216  662.780
 974000.000    6.146  670.345
 974500.000    6.090  676.505
 975000.000    6.243  659.898
 975500.000    6.421  641.582
 976000.000    5.948  692.586
 976500.000    6.104  674.943
 977000.000    6.051  680.900
 977500.000    6.044  681.682
 978000.000    6.058  680.067
 978500.000    6.103  675.070
 979000.000    6.129  672.175
 979500.000    6.151  669.828
 980000.000    6.176  667.099
 980500.000    6.112  674.059
 981000.000    6.064  679.438
 981500.000    6.034  682.724
 982000.000    6.206  663.843
 982500.000    6.025  683.789
 983000.000    6.135  671.549
 983500.000    6.042  681.872
 984000.000    6.101  675.216
 984500.000    6.084  677.107
 985000.000    6.021  684.224
 985500.000    6.038  682.284
 986000.000    6.275  656.593
 986500.000    5.778  712.962
 987000.000    6.113  673.905
 987500.000    5.882  700.428
 988000.000    6.048  681.207
 988500.000    6.124  672.751
 989000.000    6.147  670.188
 989500.000    6.201  664.429
 990000.000    6.090  676.492
 990500.000    6.262  657.923
 991000.000    6.338  650.034
 991500.000    6.268  657.287
 992000.000    6.228  661.528
 992500.000    6.276  656.467
 993000.000    6.065  679.259
 993500.000    6.252  658.987
 994000.000    6.194  665.167
 994500.000    6.220  662.300
 995000.000    6.234  660.877
 995500.000    6.266  657.493
 996000.000    6.142  670.722
 996500.000    6.546  629.375
 997000.000    6.105  674.855
 997500.000    6.348  648.958
 998000.000    6.147  670.260
 998500.000    6.286  655.421
 999000.000    6.128  672.324
 999500.000    6.223  662.044
1000000.000    6.031  683.133
