      43    1.888    0.332
      44    2.208    0.307
      45    0.968    0.159
      46    1.135    0.162
      47    2.195    0.196
      48    1.146    0.103
      49    0.706    0.095
      50    1.366    0.228
      51    1.261    0.223
      52    1.948    0.128
      53    0.862    0.142
      54    0.462    0.185
      55    0.283    0.099
      56    1.809    0.131
      57    0.933    0.142
      58    1.540    0.230
      59    1.606    0.231
      60    2.045    0.294
      61    1.219    0.286
      62    2.127    0.292
      63    2.569    0.379
