 750000.000    6.079  677.459
 750500.000    6.340  649.575
 751000.000    6.305  653.199
 751500.000    6.248  659.128
 752000.000    6.380  645.450
 752500.000    6.484  635.130
 753000.000    6.366  646.864
 753500.000    6.381  645.371
 754000.000    6.144  670.225
 754500.000    6.659  618.430
 755000.000    6.345  649.056
 755500.000    6.195  664.799
 756000.000    6.247  659.242
 756500.000    6.290  654.730
 757000.000    6.290  654.722
 757500.000    6.235  660.518
 758000.000    6.229  661.108
 758500.000    6.296  654.063
 759000.000    6.048  680.891
 759500.000    6.048  680.868
 760000.000    6.358  647.670
 760500.000    6.180  666.407
 761000.000    6.280  655.721
 761500.000    6.193  664.968
 762000.000    6.124  672.413
 762500.000    5.976  689.164
 763000.000    6.463  637.203
 763500.000    6.535  630.188
 764000.000    6.472  636.262
 764500.000    6.140  670.740
 765000.000    6.120  672.948
 765500.000    6.145  670.156
 766000.000    6.341  649.475
 766500.000    6.420  641.489
 767000.000    6.404  643.026
 767500.000    6.202  664.049
 768000.000    6.232  660.799
 768500.000    6.420  641.455
 769000.000    6.411  642.304
 769500.000    6.395  643.976
 770000.000    6.624  621.652
 770500.000    6.250  658.905
 771000.000    6.300  653.635
 771500.000    6.126  672.203
 772000.000    6.308  652.885
 772500.000    6.333  650.243
 773000.000    6.193  664.943
 773500.000    6.337  649.864
 774000.000    6.454  638.095
 774500.000    6.310  652.642
 775000.000    6.433  640.206
 775500.000    6.123  672.534
 776000.000    6.063  679.231
 776500.000    6.233  660.712
 777000.000    6.085  676.771
 777500.000    6.255  658.324
 778000.000    6.343  649.208
 778500.000    6.222  661.906
 779000.000    6.231  660.896
 779500.000    6.356  647.918
 780000.000    6.291  654.565
 780500.000    6.402  643.221
 781000.000    6.292  654.531
 781500.000    6.272  656.555
 782000.000    6.206  663.548
 782500.000    6.346  648.941
 783000.000    6.509  632.717
 783500.000    6.339  649.609
 784000.000    6.384  645.035
 784500.000    6.151  669.482
 785000.000    6.191  665.148
 785500.000    6.421  641.348
 786000.000    6.568  627.038
 786500.000    6.513  632.331
 787000.000    6.318  651.854
 787500.000    6.471  636.387
 788000.000    6.125  672.308
 788500.000    6.017  684.467
 789000.000    6.306  653.042
 789500.000    6.414  642.100
 790000.000    6.182  666.108
 790500.000    6.200  664.206
 791000.000    6.515  632.083
 791500.000    6.195  664.786
 792000.000    6.211  663.082
 792500.000    6.229  661.091
 793000.000    6.179  666.509
 793500.000    6.204  663.770
 794000.000    6.164  668.131
 794500.000    6.575  626.306
 795000.000    6.248  659.159
 795500.000    6.501  633.459
 796000.000    6.330  650.583
 796500.000    6.245  659.426
 797000.000    6.207  663.494
 797500.000    6.196  664.694
 798000.000    6.183  666.023
 798500.000    6.391  644.410
 799000.000    6.160  668.570
 799500.000    6.517  631.952
 800000.000    6.397  643.714
 800500.000    6.195  664.708
 801000.000    6.395  643.955
 801500.000    6.379  645.610
 802000.000    6.253  658.574
 802500.000    6.667  617.709
 803000.000    6.216  662.509
 803500.000    6.316  652.053
 804000.000    6.032  682.741
 804500.000    6.284  655.302
 805000.000    6.228  661.219
 805500.000    6.161  668.390
 806000.000    6.233  660.741
 806500.000    6.361  647.373
 807000.000    6.564  627.415
 807500.000    6.404  643.092
 808000.000    6.115  673.448
 808500.000    6.416  641.851
 809000.000    6.351  648.370
 809500.000    6.261  657.697
 810000.000    6.043  681.515
 810500.000    6.318  651.792
 811000.000    6.398  643.708
 811500.000    6.005  685.789
 812000.000    6.411  642.351
 812500.000    6.358  647.670
 813000.000    6.337  649.899
 813500.000    6.136  671.100
 814000.000    6.036  682.308
 814500.000    6.101  675.015
 815000.000    6.307  652.942
 815500.000    6.334  650.180
 816000.000    6.111  673.875
 816500.000    6.343  649.255
 817000.000    6.208  663.400
 817500.000    6.198  664.417
 818000.000    6.181  666.292
 818500.000    6.406  642.806
 819000.000    6.469  636.602
 819500.000    6.144  670.218
 820000.000    6.497  633.802
 820500.000    6.291  654.599
 821000.000    6.342  649.317
 821500.000    6.077  677.696
 822000.000    6.361  647.451
 822500.000    6.250  658.901
 823000.000    6.484  635.110
 823500.000    6.120  672.904
 824000.000    5.916  696.063
 824500.000    6.267  657.096
 825000.000    6.282  655.534
 825500.000    6.155  669.093
 826000.000    6.297  654.021
 826500.000    6.357  647.773
 827000.000    6.373  646.203
 827500.000    6.212  662.965
 828000.000    6.272  656.605
 828500.000    6.219  662.140
 829000.000    6.373  646.195
 829500.000    6.410  642.450
 830000.000    6.452  638.237
 830500.000    6.442  639.305
 831000.000    6.359  647.609
 831500.000    6.145  670.119
 832000.000    6.251  658.789
 832500.000    6.403  643.133
 833000.000    6.481  635.432
 833500.000    6.311  652.494
 834000.000    6.355  648.043
 834500.000    6.375  645.953
 835000.000    6.352  648.360
 835500.000    6.317  651.875
 836000.000    6.378  645.693
 836500.000    6.358  647.670
 837000.000    6.494  634.179
 837500.000    6.288  654.870
 838000.000    6.279  655.908
 838500.000    6.345  649.034
 839000.000    6.344  649.122
 839500.000    6.486  634.938
 840000.000    6.405  642.961
 840500.000    6.241  659.823
 841000.000    6.299  653.801
 841500.000    6.379  645.624
 842000.000    6.397  643.793
 842500.000    6.433  640.121
 843000.000    6.144  670.300
 843500.000    6.270  656.798
 844000.000    6.247  659.239
 844500.000    6.352  648.363
 845000.000    6.217  662.423
 845500.000    6.180  666.383
 846000.000    6.480  635.474
 846500.000    6.347  648.803
 847000.000    6.294  654.243
 847500.000    6.551  628.586
 848000.000    6.424  641.060
 848500.000    6.159  668.617
 849000.000    6.402  643.270
 849500.000    6.130  671.754
 850000.000    6.545  629.161
 850500.000    6.296  654.047
 851000.000    6.393  644.173
 851500.000    6.244  659.484
 852000.000    6.265  657.314
 852500.000    6.487  634.846
 853000.000    6.286  655.101
 853500.000    6.346  648.903
 854000.000    6.291  654.583
 854500.000    6.377  645.757
 855000.000    6.230  661.067
 855500.000    6.406  642.823
 856000.000    6.205  663.663
 856500.000    6.322  651.414
 857000.000    6.394  644.059
 857500.000    6.384  645.037
 858000.000    6.217  662.433
 858500.000    6.232  660.758
 859000.000    6.369  646.591
 859500.000    5.950  692.070
 860000.000    6.111  673.918
 860500.000    6.260  657.844
 861000.000    6.537  629.929
 861500.000    6.343  649.203
 862000.000    6.238  660.192
 862500.000    6.491  634.473
 863000.000    6.382  645.222
 863500.000    6.057  679.877
 864000.000    6.319  651.720
 864500.000    6.011  685.079
 865000.000    6.082  677.047
 865500.000    6.087  676.566
 866000.000    6.244  659.583
 866500.000    6.074  678.035
 867000.000    6.383  645.196
 867500.000    6.275  656.271
 868000.000    6.264  657.423
 868500.000    6.399  643.560
 869000.000    6.348  648.736
 869500.000    6.126  672.210
 870000.000    6.101  674.960
 870500.000    6.219  662.176
 871000.000    6.409  642.571
 871500.000    6.489  634.609
 872000.000    6.281  655.620
 872500.000    6.269  656.856
 873000.000    6.214  662.732
 873500.000    6.109  674.100
 874000.000    6.207  663.483
 874500.000    6.461  637.429
 875000.000    6.352  648.319
 875500.000    6.264  657.430
 876000.000    6.100  675.148
 876500.000    6.631  621.058
 877000.000    6.378  645.684
 877500.000    6.177  666.678
 878000.000    6.488  634.771
 878500.000    6.337  649.808
 879000.000    6.341  649.409
 879500.000    6.388  644.677
 880000.000    6.317  651.864
 880500.000    6.312  652.468
 881000.000    6.295  654.167
 881500.000    6.344  649.157
 882000.000    6.449  638.552
 882500.000    6.386  644.888
 883000.000    6.341  649.449
 883500.000    6.238  660.181
 884000.000    6.331  650.457
 884500.000    6.424  641.007
 885000.000    6.205  663.730
 885500.000    6.462  637.277
 886000.000    6.169  667.509
 886500.000    6.066  678.932
 887000.000    6.312  652.388
 887500.000    6.343  649.270
 888000.000    6.301  653.586
 888500.000    6.236  660.380
 889000.000    6.313  652.274
 889500.000    6.230  661.065
 890000.000    6.478  635.710
 890500.000    6.185  665.786
 891000.000    6.246  659.320
 891500.000    6.281  655.624
 892000.000    6.263  657.558
 892500.000    6.309  652.744
 893000.000    6.181  666.265
 893500.000    6.247  659.208
 894000.000    6.235  660.512
 894500.000    6.164  668.064
 895000.000    6.268  656.977
 895500.000    6.594  624.512
 896000.000    6.075  677.872
 896500.000    6.294  654.273
 897000.000    6.321  651.502
 897500.000    6.134  671.312
 898000.000    6.291  654.609
 898500.000    6.224  661.702
 899000.000    6.213  662.858
 899500.000    6.314  652.236
 900000.000    5.996  686.798
 900500.000    6.370  646.457
 901000.000    5.898  698.180
 901500.000    6.271  656.661
 902000.000    6.300  653.669
 902500.000    6.360  647.493
 903000.000    6.296  654.112
 903500.000    5.998  686.557
 904000.000    6.304  653.219
 904500.000    6.144  670.239
 905000.000    6.104  674.607
 905500.000    6.336  649.970
 906000.000    6.022  683.890
 906500.000    5.994  687.091
 907000.000    6.235  660.517
 907500.000    5.995  686.949
 908000.000    6.394  644.055
 908500.000    6.083  677.024
 909000.000    6.331  650.516
 909500.000    6.063  679.252
 910000.000    6.135  671.229
 910500.000    6.259  657.999
 911000.000    6.183  666.089
 911500.000    6.208  663.331
 912000.000    6.054  680.211
 912500.000    6.185  665.793
 913000.000    6.060  679.604
 913500.000    6.215  662.596
 914000.000    6.068  678.716
 914500.000    6.050  680.734
 915000.000    6.142  670.532
 915500.000    6.538  629.889
 916000.000    6.246  659.344
 916500.000    6.117  673.178
 917000.000    6.014  684.800
 917500.000    6.142  670.452
 918000.000    6.333  650.232
 918500.000    6.213  662.845
 919000.000    6.145  670.187
 919500.000    6.427  640.747
 920000.000    6.159  668.595
 920500.000    6.230  661.016
 921000.000    6.127  672.172
 921500.000    6.196  664.599
 922000.000    6.244  659.562
 922500.000    6.259  658.000
 923000.000    6.352  648.326
 923500.000    6.257  658.153
 924000.000    6.277  656.053
 924500.000    6.042  681.627
 925000.000    6.329  650.703
 925500.000    6.028  683.130
 926000.000    6.129  671.878
 926500.000    6.188  665.465
 927000.000    6.046  681.081
 927500.000    6.199  664.319
 928000.000    6.009  685.310
 928500.000    6.245  659.435
 929000.000    6.366  646.921
 929500.000    6.083  676.951
 930000.000    6.170  667.456
 930500.000    6.014  684.749
 931000.000    6.338  649.781
 931500.000    6.308  652.833
 932000.000    6.196  664.659
 932500.000    6.184  665.949
 933000.000    6.469  636.613
 933500.000    6.654  618.851
 934000.000    6.284  655.289
 934500.000    6.165  668.020
 935000.000    6.268  656.986
 935500.000    6.342  649.316
 936000.000    6.106  674.434
 936500.000    6.438  639.639
 937000.000    6.285  655.232
 937500.000    6.262  657.651
 938000.000    6.271  656.744
 938500.000    6.181  666.293
 939000.000    6.104  674.689
 939500.000    6.339  649.605
 940000.000    6.124  672.438
 940500.000    5.840  705.110
 941000.000    6.428  640.643
 941500.000    6.340  649.497
 942000.000    6.434  640.101
 942500.000    6.135  671.250
 943000.000    6.211  663.088
 943500.000    6.145  670.207
 944000.000    6.369  646.612
 944500.000    6.157  668.830
 945000.000    6.299  653.774
 945500.000    6.119  672.971
 946000.000    6.197  664.505
 946500.000    6.087  676.588
 947000.000    6.252  658.661
 947500.000    6.038  682.050
 948000.000    6.221  661.937
 948500.000    6.186  665.767
 949000.000    6.457  637.745
 949500.000    6.475  635.994
 950000.000    6.215  662.612
 950500.000    6.267  657.114
 951000.000    6.244  659.491
 951500.000    6.101  674.937
 952000.000    6.270  656.796
 952500.000    6.114  673.555
 953000.000    6.176  666.813
 953500.000    6.390  644.481
 954000.000    6.391  644.405
 954500.000    6.119  672.954
 955000.000    6.117  673.227
 955500.000    6.022  683.851
 956000.000    5.725  719.270
 956500.000    5.949  692.187
 957000.000    6.132  671.577
 957500.000    6.302  653.447
 958000.000    6.354  648.137
 958500.000    6.181  666.263
 959000.000    6.061  679.435
 959500.000    6.133  671.418
 960000.000    6.176  666.795
 960500.000    6.182  666.163
 961000.000    5.947  692.476
 961500.000    5.955  691.564
 962000.000    6.065  679.011
 962500.000    5.932  694.196
 963000.000    6.154  669.150
 963500.000    6.104  674.684
 964000.000    5.876  700.780
 964500.000    6.132  671.594
 965000.000    6.154  669.158
 965500.000    6.262  657.655
 966000.000    6.142  670.436
 966500.000    6.121  672.783
 967000.000    6.047  681.018
 967500.000    6.402  643.223
 968000.000    6.138  670.875
 968500.000    6.268  656.971
 969000.000    6.001  686.268
 969500.000    6.150  669.661
 970000.000    6.219  662.223
 970500.000    6.321  651.463
 971000.000    6.119  673.021
 971500.000    6.219  662.137
 972000.000    6.382  645.269
 972500.000    6.224  661.633
 973000.000    6.130  671.819
 973500.000    6.220  662.060
 974000.000    6.168  667.643
 974500.000    6.153  669.340
 975000.000    6.179  666.448
 975500.000    6.349  648.663
 976000.000    6.211  663.069
 976500.000    6.285  655.243
 977000.000    5.977  689.006
 977500.000    6.217  662.402
 978000.000    6.186  665.664
 978500.000    6.166  667.856
 979000.000    6.195  664.757
 979500.000    6.104  674.666
 980000.000    6.169  667.593
 980500.000    6.001  686.295
 981000.000    6.201  664.138
 981500.000    6.198  664.396
 982000.000    5.936  693.719
 982500.000    6.241  659.854
 983000.000    6.236  660.331
 983500.000    6.099  675.204
 984000.000    6.159  668.663
 984500.000    6.119  673.048
 985000.000    6.192  665.112
 985500.000    6.133  671.416
 986000.000    6.222  661.821
 986500.000    6.064  679.094
 987000.000    6.355  648.043
 987500.000    6.173  667.166
 988000.000    6.333  650.277
 988500.000    6.169  667.509
 989000.000    6.174  666.979
 989500.000    6.227  661.288
 990000.000    6.435  639.939
 990500.000    6.286  655.113
 991000.000    6.208  663.368
 991500.000    6.187  665.583
 992000.000    6.242  659.717
 992500.000    6.299  653.727
 993000.000    6.008  685.412
 993500.000    6.075  677.834
 994000.000    6.226  661.429
 994500.000    6.198  664.410
 995000.000    6.144  670.273
 995500.000    6.202  663.979
 996000.000    6.183  666.089
 996500.000    6.204  663.834
 997000.000    5.857  703.092
 997500.000    6.261  657.716
 998000.000    6.111  673.914
 998500.000    6.027  683.329
 999000.000    6.118  673.119
 999500.000    6.375  645.960
1000000.000    6.379  645.622
