TRP_lipid
""
WAVELENGTH	FLUORESCENCE
300.0	94.9681167602539
300.5	102.05459594726562
301.0	109.9067611694336
301.5	117.27938079833984
302.0	128.0489501953125
302.5	140.29136657714844
303.0	151.98831176757812
303.5	165.05990600585938
304.0	178.03631591796875
304.5	192.8107147216797
305.0	209.50392150878906
305.5	222.96932983398438
306.0	241.22628784179688
306.5	255.8177490234375
307.0	275.7652893066406
307.5	291.729248046875
308.0	314.2336730957031
308.5	335.14068603515625
309.0	354.7735290527344
309.5	377.1409912109375
310.0	398.42474365234375
310.5	420.4016418457031
311.0	445.36767578125
311.5	468.77581787109375
312.0	494.2372741699219
312.5	518.9879760742188
313.0	546.93115234375
313.5	573.2444458007812
314.0	602.2442626953125
314.5	634.8644409179688
315.0	659.7830810546875
315.5	693.1900634765625
316.0	719.246826171875
316.5	754.38623046875
317.0	787.3759765625
317.5	817.707275390625
318.0	848.5996704101562
318.5	882.7041015625
319.0	914.126953125
319.5	949.2451171875
320.0	981.7677001953125
320.5	1017.857666015625
321.0	1058.01220703125
321.5	1088.2103271484375
322.0	1128.9307861328125
322.5	1159.3426513671875
323.0	1201.178466796875
323.5	1239.610595703125
324.0	1274.529296875
324.5	1310.0157470703125
325.0	1349.196044921875
325.5	1384.552734375
326.0	1423.5653076171875
326.5	1459.504638671875
327.0	1499.08837890625
327.5	1542.6895751953125
328.0	1574.8338623046875
328.5	1617.3505859375
329.0	1649.1400146484375
329.5	1691.137451171875
330.0	1726.69775390625
330.5	1764.7528076171875
331.0	1799.303466796875
331.5	1837.0166015625
332.0	1870.9920654296875
332.5	1908.0450439453125
333.0	1947.8929443359375
333.5	1977.8487548828125
334.0	2016.3487548828125
334.5	2048.702880859375
335.0	2082.6689453125
335.5	2113.223388671875
336.0	2145.9033203125
336.5	2175.400146484375
337.0	2207.085693359375
337.5	2240.4443359375
338.0	2264.24072265625
338.5	2296.35302734375
339.0	2322.471923828125
339.5	2351.207763671875
340.0	2375.594482421875
340.5	2402.232177734375
341.0	2425.266845703125
341.5	2450.20751953125
342.0	2476.1376953125
342.5	2494.57763671875
343.0	2519.73291015625
343.5	2538.938232421875
344.0	2558.787841796875
344.5	2576.46240234375
345.0	2595.38525390625
345.5	2611.911376953125
346.0	2628.501708984375
346.5	2646.156494140625
347.0	2660.1982421875
347.5	2675.72314453125
348.0	2688.79443359375
348.5	2702.15087890625
349.0	2712.189453125
349.5	2723.482666015625
350.0	2735.63671875
350.5	2744.1083984375
351.0	2752.555419921875
351.5	2759.53271484375
352.0	2766.1845703125
352.5	2770.521484375
353.0	2776.55810546875
353.5	2780.654296875
354.0	2785.318359375
354.5	2788.89404296875
355.0	2790.7939453125
355.5	2792.623291015625
356.0	2794.302001953125
356.5	2795.505615234375
357.0	2795.33984375
357.5	2794.651611328125
358.0	2793.5537109375
358.5	2791.565185546875
359.0	2789.446044921875
359.5	2785.68505859375
360.0	2782.419189453125
360.5	2777.695068359375
361.0	2772.391845703125
361.5	2766.2802734375
362.0	2760.0419921875
362.5	2753.6142578125
363.0	2745.412109375
363.5	2737.50537109375
364.0	2728.79248046875
364.5	2720.3759765625
365.0	2708.615478515625
365.5	2696.794677734375
366.0	2685.48486328125
366.5	2673.2080078125
367.0	2661.98681640625
367.5	2647.007568359375
368.0	2631.55419921875
368.5	2618.0
369.0	2602.60498046875
369.5	2588.70166015625
370.0	2573.38525390625
370.5	2559.093017578125
371.0	2539.66455078125
371.5	2521.689453125
372.0	2504.031982421875
372.5	2485.209716796875
373.0	2468.151611328125
373.5	2446.346923828125
374.0	2425.42626953125
374.5	2405.914794921875
375.0	2384.096923828125
375.5	2364.421875
376.0	2339.87255859375
376.5	2317.17333984375
377.0	2296.80908203125
377.5	2273.97998046875
378.0	2253.050048828125
378.5	2227.60791015625
379.0	2202.96630859375
379.5	2181.165283203125
380.0	2157.037353515625
380.5	2134.151611328125
381.0	2106.974365234375
381.5	2082.499755859375
382.0	2059.810546875
382.5	2033.9432373046875
383.0	2011.069580078125
383.5	1983.3984375
384.0	1958.2354736328125
384.5	1935.15869140625
385.0	1909.9940185546875
385.5	1886.4920654296875
386.0	1859.2874755859375
386.5	1833.9736328125
387.0	1810.82373046875
387.5	1784.909912109375
388.0	1761.5115966796875
388.5	1733.6453857421875
389.0	1709.0057373046875
389.5	1686.0045166015625
390.0	1659.1141357421875
390.5	1638.870361328125
391.0	1612.07421875
391.5	1587.734130859375
392.0	1565.5850830078125
392.5	1538.9178466796875
393.0	1518.5108642578125
393.5	1492.3753662109375
394.0	1468.237548828125
394.5	1446.6915283203125
395.0	1420.81640625
395.5	1397.5509033203125
396.0	1376.3795166015625
396.5	1352.0865478515625
397.0	1333.7069091796875
397.5	1308.6563720703125
398.0	1287.1531982421875
398.5	1267.27490234375
399.0	1243.3756103515625
399.5	1222.1494140625
400.0	1202.57470703125
400.5	1183.6793212890625
401.0	1163.288330078125
401.5	1140.94287109375
402.0	1120.34326171875
402.5	1102.161376953125
403.0	1080.47998046875
403.5	1060.658935546875
404.0	1043.795654296875
404.5	1026.007568359375
405.0	1007.0111083984375
405.5	986.903564453125
406.0	970.0704345703125
406.5	951.8821411132812
407.0	932.3614501953125
407.5	914.666748046875
408.0	899.20849609375
408.5	880.6398315429688
409.0	866.5191650390625
409.5	848.2149658203125
410.0	833.6218872070312
410.5	817.8421630859375
411.0	801.093994140625
411.5	787.1173095703125
412.0	771.7593383789062
412.5	755.361572265625
413.0	740.5043334960938
413.5	727.1604614257812
414.0	711.2301635742188
414.5	699.6924438476562
415.0	684.6257934570312
415.5	671.90576171875
416.0	658.34765625
416.5	643.604248046875
417.0	631.2556762695312
417.5	618.560302734375
418.0	605.1648559570312
418.5	593.5817260742188
419.0	581.3817138671875
419.5	568.7152099609375
420.0	557.1473388671875
420.5	546.6919555664062
421.0	534.49462890625
421.5	525.06787109375
422.0	513.1636352539062
422.5	501.5801086425781
423.0	493.08416748046875
423.5	481.8817138671875
424.0	472.6830749511719
424.5	462.8380126953125
425.0	452.0994873046875
425.5	443.15911865234375
426.0	433.6737365722656
426.5	423.87896728515625
427.0	416.00262451171875
427.5	407.44366455078125
428.0	398.0230407714844
428.5	390.3631286621094
429.0	382.009521484375
429.5	372.9309997558594
430.0	365.8564758300781
430.5	358.0355224609375
431.0	349.6899719238281
431.5	342.6949157714844
432.0	335.07049560546875
432.5	326.94940185546875
433.0	320.8656311035156
433.5	313.88543701171875
434.0	306.8381042480469
434.5	300.9541320800781
435.0	294.2255554199219
435.5	287.21246337890625
436.0	281.6743469238281
436.5	275.4376525878906
437.0	268.6797790527344
437.5	263.2601318359375
438.0	257.321044921875
438.5	251.21311950683594
439.0	246.3770294189453
439.5	241.08126831054688
440.0	235.37600708007812
440.5	230.76673889160156
441.0	225.75173950195312
441.5	220.35157775878906
442.0	215.9462432861328
442.5	211.2948760986328
443.0	206.10069274902344
443.5	202.0363006591797
444.0	197.38160705566406
444.5	192.69798278808594
445.0	188.0762481689453
445.5	184.4010772705078
446.0	180.20050048828125
446.5	175.7964630126953
447.0	172.04307556152344
447.5	168.0017547607422
448.0	163.8543243408203
448.5	160.45053100585938
449.0	156.81829833984375
449.5	153.09669494628906
450.0	149.91184997558594
