 750000.000    5.729  727.486
 750500.000    5.965  698.701
 751000.000    5.930  702.842
 751500.000    5.914  704.723
 752000.000    5.908  705.550
 752500.000    5.993  695.505
 753000.000    5.879  708.946
 753500.000    6.002  694.457
 754000.000    6.025  691.813
 754500.000    5.884  708.372
 755000.000    6.078  685.791
 755500.000    5.809  717.571
 756000.000    6.022  692.194
 756500.000    6.204  671.879
 757000.000    5.914  704.801
 757500.000    6.151  677.621
 758000.000    5.932  702.616
 758500.000    5.771  722.275
 759000.000    5.986  696.301
 759500.000    5.969  698.295
 760000.000    5.823  715.838
 760500.000    5.978  697.202
 761000.000    6.022  692.151
 761500.000    5.935  702.237
 762000.000    5.840  713.740
 762500.000    5.932  702.680
 763000.000    6.035  690.654
 763500.000    5.908  705.518
 764000.000    5.942  701.494
 764500.000    6.017  692.769
 765000.000    6.031  691.056
 765500.000    5.993  695.478
 766000.000    5.996  695.148
 766500.000    5.811  717.216
 767000.000    5.861  711.129
 767500.000    5.867  710.402
 768000.000    5.911  705.186
 768500.000    5.941  701.583
 769000.000    5.890  707.707
 769500.000    5.990  695.866
 770000.000    5.600  744.233
 770500.000    5.993  695.462
 771000.000    5.864  710.770
 771500.000    6.035  690.624
 772000.000    5.923  703.684
 772500.000    5.909  705.426
 773000.000    5.991  695.736
 773500.000    5.869  710.176
 774000.000    5.947  700.919
 774500.000    5.937  702.029
 775000.000    5.882  708.579
 775500.000    5.805  718.052
 776000.000    5.985  696.421
 776500.000    6.060  687.835
 777000.000    5.829  715.101
 777500.000    5.746  725.443
 778000.000    5.718  728.887
 778500.000    5.848  712.757
 779000.000    5.818  716.403
 779500.000    5.663  736.058
 780000.000    5.807  717.792
 780500.000    5.976  697.440
 781000.000    5.788  720.139
 781500.000    5.998  694.935
 782000.000    5.765  722.983
 782500.000    5.825  715.512
 783000.000    5.967  698.518
 783500.000    5.962  699.160
 784000.000    5.893  707.271
 784500.000    6.000  694.672
 785000.000    5.962  699.056
 785500.000    5.920  704.038
 786000.000    6.080  685.571
 786500.000    5.866  710.575
 787000.000    5.996  695.085
 787500.000    5.933  702.560
 788000.000    5.901  706.381
 788500.000    5.931  702.785
 789000.000    5.924  703.610
 789500.000    5.824  715.699
 790000.000    5.859  711.342
 790500.000    5.960  699.313
 791000.000    5.875  709.459
 791500.000    5.784  720.572
 792000.000    5.771  722.287
 792500.000    5.787  720.281
 793000.000    5.825  715.520
 793500.000    5.848  712.678
 794000.000    6.008  693.713
 794500.000    5.978  697.286
 795000.000    5.815  716.778
 795500.000    5.963  698.957
 796000.000    5.963  698.994
 796500.000    5.821  716.059
 797000.000    6.026  691.665
 797500.000    5.806  717.890
 798000.000    6.050  688.985
 798500.000    5.911  705.115
 799000.000    6.012  693.254
 799500.000    5.943  701.306
 800000.000    6.105  682.697
 800500.000    5.940  701.707
 801000.000    5.919  704.213
 801500.000    5.883  708.531
 802000.000    5.969  698.302
 802500.000    5.846  712.983
 803000.000    5.893  707.315
 803500.000    5.719  728.827
 804000.000    6.070  686.610
 804500.000    6.137  679.116
 805000.000    5.947  700.848
 805500.000    6.032  690.970
 806000.000    5.937  701.993
 806500.000    6.089  684.506
 807000.000    5.954  700.092
 807500.000    5.826  715.436
 808000.000    5.962  699.140
 808500.000    5.835  714.285
 809000.000    5.760  723.660
 809500.000    6.045  689.482
 810000.000    6.133  679.654
 810500.000    5.800  718.571
 811000.000    5.711  729.829
 811500.000    5.962  699.047
 812000.000    5.827  715.272
 812500.000    5.822  715.880
 813000.000    6.034  690.763
 813500.000    5.839  713.861
 814000.000    5.795  719.224
 814500.000    5.797  718.953
 815000.000    6.076  685.956
 815500.000    5.825  715.604
 816000.000    5.685  733.113
 816500.000    5.837  714.083
 817000.000    5.790  719.898
 817500.000    5.951  700.376
 818000.000    5.915  704.707
 818500.000    5.831  714.870
 819000.000    5.883  708.475
 819500.000    5.771  722.190
 820000.000    5.876  709.333
 820500.000    5.791  719.718
 821000.000    5.901  706.315
 821500.000    5.796  719.153
 822000.000    6.013  693.214
 822500.000    5.847  712.796
 823000.000    5.803  718.202
 823500.000    6.043  689.727
 824000.000    5.992  695.631
 824500.000    5.877  709.215
 825000.000    5.984  696.582
 825500.000    5.792  719.582
 826000.000    5.734  726.905
 826500.000    5.964  698.885
 827000.000    5.832  714.649
 827500.000    6.009  693.639
 828000.000    5.702  730.981
 828500.000    6.079  685.645
 829000.000    5.847  712.873
 829500.000    6.024  691.944
 830000.000    6.012  693.246
 830500.000    5.639  739.192
 831000.000    5.945  701.138
 831500.000    6.034  690.810
 832000.000    5.909  705.350
 832500.000    5.944  701.257
 833000.000    5.901  706.309
 833500.000    6.070  686.638
 834000.000    5.888  707.859
 834500.000    5.908  705.485
 835000.000    5.947  700.902
 835500.000    5.967  698.523
 836000.000    5.908  705.452
 836500.000    6.070  686.668
 837000.000    5.894  707.208
 837500.000    5.727  727.821
 838000.000    6.028  691.431
 838500.000    5.988  696.098
 839000.000    5.875  709.399
 839500.000    5.829  715.086
 840000.000    5.984  696.551
 840500.000    5.981  696.848
 841000.000    5.823  715.783
 841500.000    5.976  697.495
 842000.000    5.980  696.959
 842500.000    6.021  692.261
 843000.000    5.821  716.029
 843500.000    5.936  702.141
 844000.000    5.936  702.213
 844500.000    5.963  699.033
 845000.000    5.907  705.598
 845500.000    6.056  688.221
 846000.000    5.971  698.014
 846500.000    5.803  718.206
 847000.000    5.995  695.314
 847500.000    5.949  700.659
 848000.000    5.911  705.081
 848500.000    5.956  699.792
 849000.000    5.853  712.108
 849500.000    6.035  690.635
 850000.000    6.107  682.463
 850500.000    5.864  710.765
 851000.000    5.603  743.898
 851500.000    6.157  676.928
 852000.000    5.716  729.144
 852500.000    5.858  711.474
 853000.000    5.968  698.388
 853500.000    5.872  709.836
 854000.000    6.112  681.924
 854500.000    5.890  707.620
 855000.000    5.807  717.704
 855500.000    6.010  693.546
 856000.000    5.889  707.733
 856500.000    5.922  703.782
 857000.000    5.991  695.705
 857500.000    6.070  686.674
 858000.000    5.902  706.212
 858500.000    6.324  659.079
 859000.000    5.933  702.486
 859500.000    5.898  706.662
 860000.000    5.875  709.466
 860500.000    5.881  708.730
 861000.000    6.069  686.739
 861500.000    5.933  702.543
 862000.000    6.028  691.415
 862500.000    5.913  704.843
 863000.000    5.955  699.971
 863500.000    5.944  701.181
 864000.000    5.705  730.556
 864500.000    5.792  719.669
 865000.000    6.189  673.441
 865500.000    5.948  700.784
 866000.000    5.963  698.938
 866500.000    6.024  691.876
 867000.000    5.755  724.267
 867500.000    6.116  681.539
 868000.000    6.180  674.444
 868500.000    5.859  711.411
 869000.000    5.849  712.581
 869500.000    5.994  695.373
 870000.000    5.900  706.421
 870500.000    5.848  712.719
 871000.000    6.150  677.726
 871500.000    6.179  674.507
 872000.000    5.887  708.019
 872500.000    6.064  687.395
 873000.000    5.820  716.220
 873500.000    5.900  706.456
 874000.000    5.860  711.229
 874500.000    5.920  704.043
 875000.000    6.039  690.144
 875500.000    5.957  699.679
 876000.000    6.073  686.306
 876500.000    5.862  711.063
 877000.000    6.062  687.618
 877500.000    6.045  689.458
 878000.000    5.937  701.996
 878500.000    5.869  710.191
 879000.000    5.995  695.199
 879500.000    6.121  680.991
 880000.000    5.777  721.440
 880500.000    5.768  722.625
 881000.000    5.991  695.763
 881500.000    5.827  715.317
 882000.000    6.022  692.141
 882500.000    6.035  690.666
 883000.000    5.854  711.959
 883500.000    5.910  705.231
 884000.000    5.751  724.774
 884500.000    6.214  670.723
 885000.000    6.015  692.988
 885500.000    5.789  719.940
 886000.000    5.777  721.503
 886500.000    6.034  690.712
 887000.000    6.040  690.099
 887500.000    6.137  679.195
 888000.000    6.070  686.643
 888500.000    5.945  701.071
 889000.000    6.153  677.372
 889500.000    5.789  719.990
 890000.000    5.822  715.912
 890500.000    5.981  696.856
 891000.000    5.891  707.566
 891500.000    5.968  698.445
 892000.000    5.858  711.492
 892500.000    5.917  704.382
 893000.000    5.987  696.230
 893500.000    5.981  696.929
 894000.000    6.012  693.275
 894500.000    5.915  704.712
 895000.000    5.850  712.432
 895500.000    5.883  708.456
 896000.000    5.934  702.422
 896500.000    6.031  691.122
 897000.000    6.001  694.562
 897500.000    5.970  698.209
 898000.000    6.123  680.694
 898500.000    5.883  708.486
 899000.000    6.068  686.842
 899500.000    6.117  681.335
 900000.000    5.866  710.514
 900500.000    6.113  681.828
 901000.000    6.024  691.862
 901500.000    6.081  685.403
 902000.000    5.775  721.759
 902500.000    5.945  701.150
 903000.000    5.912  704.976
 903500.000    5.899  706.616
 904000.000    6.086  684.881
 904500.000    5.986  696.292
 905000.000    6.107  682.480
 905500.000    5.964  698.923
 906000.000    5.917  704.382
 906500.000    6.186  673.739
 907000.000    6.113  681.842
 907500.000    6.038  690.301
 908000.000    5.916  704.495
 908500.000    5.838  713.992
 909000.000    6.043  689.765
 909500.000    5.785  720.548
 910000.000    6.200  672.306
 910500.000    5.964  698.876
 911000.000    6.100  683.249
 911500.000    5.819  716.306
 912000.000    6.185  673.948
 912500.000    6.153  677.356
 913000.000    6.146  678.126
 913500.000    5.888  707.847
 914000.000    6.071  686.599
 914500.000    6.015  692.961
 915000.000    5.979  697.114
 915500.000    6.158  676.902
 916000.000    5.901  706.283
 916500.000    5.960  699.303
 917000.000    6.075  686.086
 917500.000    6.100  683.234
 918000.000    5.995  695.295
 918500.000    6.029  691.367
 919000.000    5.969  698.333
 919500.000    6.053  688.602
 920000.000    6.121  680.898
 920500.000    5.973  697.789
 921000.000    5.965  698.807
 921500.000    5.956  699.823
 922000.000    5.983  696.641
 922500.000    5.904  705.975
 923000.000    5.906  705.758
 923500.000    5.950  700.505
 924000.000    6.196  672.750
 924500.000    5.935  702.321
 925000.000    6.136  679.266
 925500.000    5.957  699.717
 926000.000    6.057  688.176
 926500.000    5.990  695.863
 927000.000    6.010  693.485
 927500.000    6.051  688.866
 928000.000    6.122  680.814
 928500.000    6.077  685.926
 929000.000    5.996  695.177
 929500.000    6.069  686.782
 930000.000    6.237  668.294
 930500.000    6.138  679.063
 931000.000    6.087  684.761
 931500.000    5.734  726.962
 932000.000    5.904  705.979
 932500.000    5.835  714.367
 933000.000    5.998  694.876
 933500.000    5.901  706.282
 934000.000    6.020  692.335
 934500.000    5.997  695.024
 935000.000    6.227  669.325
 935500.000    6.145  678.243
 936000.000    6.128  680.139
 936500.000    5.913  704.942
 937000.000    6.041  689.971
 937500.000    6.091  684.270
 938000.000    6.129  680.088
 938500.000    6.116  681.545
 939000.000    5.882  708.596
 939500.000    5.928  703.108
 940000.000    6.047  689.307
 940500.000    5.917  704.383
 941000.000    5.887  708.047
 941500.000    5.984  696.507
 942000.000    5.793  719.549
 942500.000    6.107  682.516
 943000.000    5.909  705.390
 943500.000    5.861  711.200
 944000.000    5.974  697.653
 944500.000    6.071  686.531
 945000.000    5.898  706.662
 945500.000    5.828  715.229
 946000.000    5.815  716.789
 946500.000    5.854  712.013
 947000.000    5.865  710.727
 947500.000    6.196  672.719
 948000.000    5.945  701.072
 948500.000    6.181  674.329
 949000.000    6.006  694.016
 949500.000    6.005  694.046
 950000.000    5.999  694.789
 950500.000    5.983  696.601
 951000.000    5.957  699.748
 951500.000    5.927  703.213
 952000.000    6.164  676.203
 952500.000    6.037  690.366
 953000.000    5.946  701.004
 953500.000    6.118  681.292
 954000.000    5.928  703.081
 954500.000    5.896  706.900
 955000.000    5.789  720.013
 955500.000    5.974  697.688
 956000.000    5.987  696.202
 956500.000    6.018  692.633
 957000.000    5.678  734.038
 957500.000    5.793  719.501
 958000.000    5.890  707.680
 958500.000    5.916  704.537
 959000.000    6.155  677.178
 959500.000    6.098  683.473
 960000.000    5.814  716.846
 960500.000    6.155  677.172
 961000.000    5.912  704.970
 961500.000    5.951  700.361
 962000.000    5.871  709.947
 962500.000    5.837  714.118
 963000.000    5.848  712.718
 963500.000    5.870  710.118
 964000.000    5.767  722.699
 964500.000    6.043  689.692
 965000.000    6.008  693.695
 965500.000    5.797  718.942
 966000.000    5.837  714.071
 966500.000    5.811  717.289
 967000.000    6.002  694.441
 967500.000    5.895  707.092
 968000.000    6.090  684.369
 968500.000    5.994  695.377
 969000.000    5.839  713.801
 969500.000    5.876  709.279
 970000.000    6.009  693.684
 970500.000    5.839  713.834
 971000.000    6.042  689.904
 971500.000    6.167  675.873
 972000.000    5.848  712.730
 972500.000    5.915  704.618
 973000.000    5.789  720.017
 973500.000    6.078  685.763
 974000.000    6.170  675.541
 974500.000    5.882  708.559
 975000.000    6.016  692.843
 975500.000    6.172  675.352
 976000.000    5.946  700.993
 976500.000    6.109  682.275
 977000.000    6.114  681.765
 977500.000    5.832  714.643
 978000.000    5.869  710.160
 978500.000    6.120  681.067
 979000.000    5.649  737.820
 979500.000    6.072  686.394
 980000.000    6.109  682.327
 980500.000    5.892  707.408
 981000.000    6.016  692.852
 981500.000    6.002  694.412
 982000.000    5.769  722.450
 982500.000    6.318  659.717
 983000.000    5.931  702.720
 983500.000    5.910  705.298
 984000.000    5.957  699.744
 984500.000    5.909  705.392
 985000.000    5.771  722.189
 985500.000    6.031  691.115
 986000.000    6.077  685.824
 986500.000    6.060  687.847
 987000.000    5.963  698.933
 987500.000    5.916  704.533
 988000.000    5.958  699.571
 988500.000    5.896  706.977
 989000.000    5.861  711.137
 989500.000    5.940  701.699
 990000.000    6.048  689.194
 990500.000    5.868  710.321
 991000.000    5.803  718.286
 991500.000    6.060  687.839
 992000.000    5.837  714.110
 992500.000    6.010  693.555
 993000.000    5.882  708.583
 993500.000    6.160  676.615
 994000.000    5.834  714.479
 994500.000    6.188  673.539
 995000.000    5.968  698.356
 995500.000    5.690  732.493
 996000.000    5.877  709.275
 996500.000    5.982  696.796
 997000.000    5.983  696.606
 997500.000    6.210  671.163
 998000.000    5.563  749.198
 998500.000    5.786  720.417
 999000.000    5.905  705.829
 999500.000    5.971  698.024
1000000.000    6.127  680.313
