 750000.000 0.981282 0.846997 0.587700 0.928996
 750500.000 0.995497 0.849734 0.601053 0.948005
 751000.000 0.975960 0.833307 0.596782 0.924362
 751500.000 0.978332 0.836086 0.587071 0.933047
 752000.000 0.992833 0.828578 0.623818 0.946439
 752500.000 0.954386 0.748430 0.658109 0.910192
 753000.000 0.969927 0.761838 0.669870 0.923251
 753500.000 0.966223 0.770809 0.658792 0.915982
 754000.000 0.965580 0.767110 0.665520 0.912861
 754500.000 0.976494 0.762480 0.681772 0.927844
 755000.000 0.988096 0.740441 0.711197 0.947954
 755500.000 0.981047 0.731699 0.714200 0.937786
 756000.000 0.996753 0.740386 0.736570 0.946744
 756500.000 0.998230 0.748296 0.727600 0.950566
 757000.000 0.981696 0.783945 0.662237 0.935053
 757500.000 0.978369 0.786793 0.652601 0.932458
 758000.000 0.989892 0.798885 0.640061 0.954922
 758500.000 1.010743 0.807197 0.668702 0.971841
 759000.000 0.989989 0.838884 0.595781 0.949460
 759500.000 0.995150 0.801251 0.662292 0.948691
 760000.000 0.962670 0.780906 0.637027 0.915341
 760500.000 0.975304 0.827747 0.600191 0.925766
 761000.000 0.977834 0.846343 0.584636 0.924242
 761500.000 0.974332 0.746524 0.701403 0.921618
 762000.000 0.972819 0.814860 0.620062 0.918847
 762500.000 0.982837 0.826303 0.618236 0.931099
 763000.000 0.978291 0.853579 0.579465 0.921808
 763500.000 0.977341 0.838207 0.588815 0.927954
 764000.000 0.983861 0.811753 0.646960 0.926535
 764500.000 0.997982 0.825677 0.639598 0.949267
 765000.000 0.996124 0.827892 0.628964 0.950539
 765500.000 0.984353 0.810414 0.638637 0.934492
 766000.000 0.983189 0.827947 0.610550 0.935442
 766500.000 0.979214 0.788802 0.646980 0.936444
 767000.000 0.981103 0.839306 0.589866 0.934211
 767500.000 0.975562 0.833614 0.591258 0.926793
 768000.000 0.969137 0.820808 0.596287 0.921504
 768500.000 0.967497 0.818084 0.598365 0.919130
 769000.000 0.965588 0.856507 0.537908 0.917480
 769500.000 0.962926 0.859203 0.549421 0.902418
 770000.000 0.964960 0.865213 0.528375 0.913522
 770500.000 0.962375 0.863076 0.526744 0.911028
 771000.000 0.973254 0.893263 0.494227 0.923183
 771500.000 0.966070 0.879140 0.505904 0.915291
 772000.000 0.968578 0.870120 0.522181 0.920058
 772500.000 0.970579 0.873051 0.520729 0.922316
 773000.000 0.986598 0.896519 0.500817 0.944557
 773500.000 0.984299 0.865724 0.554055 0.938740
 774000.000 0.998459 0.866023 0.580688 0.952178
 774500.000 0.982480 0.872928 0.537831 0.937693
 775000.000 0.982867 0.835956 0.599204 0.934981
 775500.000 0.971309 0.819979 0.604607 0.921393
 776000.000 0.969171 0.828056 0.583679 0.923161
 776500.000 0.940104 0.803560 0.567054 0.894612
 777000.000 0.975350 0.832371 0.591638 0.927221
 777500.000 0.965970 0.815129 0.604598 0.914452
 778000.000 0.978512 0.839317 0.599536 0.922538
 778500.000 0.955611 0.805591 0.611040 0.896681
 779000.000 0.965702 0.805816 0.624756 0.908572
 779500.000 0.980467 0.800977 0.654393 0.923491
 780000.000 0.982829 0.811721 0.649102 0.922865
 780500.000 0.977363 0.831673 0.598880 0.927436
 781000.000 0.973297 0.805113 0.625977 0.924426
 781500.000 0.956635 0.799057 0.606399 0.907793
 782000.000 0.977322 0.829326 0.601545 0.927728
 782500.000 0.955315 0.802040 0.598960 0.907321
 783000.000 0.964865 0.826380 0.587985 0.912853
 783500.000 0.969076 0.835670 0.576702 0.920482
 784000.000 0.967810 0.835510 0.570509 0.921821
 784500.000 0.967143 0.845542 0.569337 0.911947
 785000.000 0.976911 0.854000 0.572507 0.922838
 785500.000 0.976257 0.837341 0.594914 0.922547
 786000.000 0.997412 0.876750 0.573035 0.944776
 786500.000 0.986049 0.866734 0.565857 0.934432
 787000.000 0.992628 0.868381 0.585407 0.934791
 787500.000 0.974659 0.856881 0.553514 0.926982
 788000.000 0.969128 0.860092 0.539238 0.920805
 788500.000 0.975529 0.886853 0.529979 0.914290
 789000.000 0.961859 0.871583 0.508786 0.912044
 789500.000 0.972293 0.892116 0.496696 0.920940
 790000.000 0.954813 0.888277 0.460106 0.906976
 790500.000 0.962689 0.901898 0.459956 0.910253
 791000.000 0.954498 0.884759 0.479636 0.899601
 791500.000 0.953098 0.873266 0.511141 0.890467
 792000.000 0.946944 0.872186 0.496272 0.886797
 792500.000 0.959170 0.884037 0.482986 0.908414
 793000.000 0.956775 0.886782 0.476524 0.904090
 793500.000 0.946861 0.874591 0.469312 0.898848
 794000.000 0.949922 0.884919 0.472857 0.893324
 794500.000 0.996392 0.934752 0.461956 0.947856
 795000.000 0.974869 0.890991 0.496648 0.927479
 795500.000 0.970634 0.857133 0.562911 0.912532
 796000.000 0.962550 0.890725 0.501234 0.899099
 796500.000 0.954554 0.888342 0.481232 0.895326
 797000.000 0.953726 0.884610 0.481600 0.897058
 797500.000 0.942118 0.843942 0.527079 0.886072
 798000.000 0.957590 0.887454 0.490560 0.897627
 798500.000 0.963332 0.892262 0.488169 0.906408
 799000.000 0.944381 0.857096 0.520493 0.882147
 799500.000 0.957545 0.889679 0.492875 0.894052
 800000.000 0.950056 0.880428 0.513442 0.875464
 800500.000 0.965389 0.896856 0.526218 0.884702
 801000.000 0.947918 0.861071 0.567356 0.856600
 801500.000 0.963761 0.842753 0.590452 0.893759
 802000.000 0.948719 0.802770 0.636301 0.866496
 802500.000 0.968491 0.848101 0.594884 0.895983
 803000.000 0.967215 0.845625 0.580671 0.904848
 803500.000 0.970071 0.845232 0.578469 0.912705
 804000.000 0.940089 0.829931 0.600168 0.847671
 804500.000 0.971902 0.852742 0.627891 0.876225
 805000.000 0.969103 0.873840 0.571092 0.888020
 805500.000 0.967927 0.848205 0.604772 0.888012
 806000.000 0.968322 0.870656 0.577649 0.885198
 806500.000 0.975446 0.869043 0.561970 0.912110
 807000.000 0.970917 0.850416 0.594037 0.899595
 807500.000 0.976520 0.893756 0.527562 0.911079
 808000.000 1.003354 0.896830 0.575086 0.937235
 808500.000 0.959358 0.862167 0.529422 0.903946
 809000.000 0.982056 0.873443 0.539285 0.935487
 809500.000 0.998616 0.904956 0.516352 0.953364
 810000.000 0.970411 0.875664 0.516448 0.921894
 810500.000 0.964603 0.868531 0.539537 0.903033
 811000.000 0.977385 0.870288 0.543468 0.926178
 811500.000 0.970252 0.872439 0.540733 0.910623
 812000.000 0.952727 0.855334 0.535141 0.892976
 812500.000 0.957945 0.847838 0.586224 0.879107
 813000.000 0.970212 0.854689 0.560556 0.915372
 813500.000 0.972001 0.850639 0.559108 0.923788
 814000.000 0.972582 0.868870 0.536664 0.921352
 814500.000 0.989503 0.852781 0.590265 0.939460
 815000.000 0.987518 0.879128 0.541915 0.940131
 815500.000 0.960055 0.820630 0.586308 0.908966
 816000.000 0.986381 0.844046 0.588722 0.941748
 816500.000 0.971997 0.895613 0.481377 0.925045
 817000.000 0.959023 0.879512 0.489017 0.909269
 817500.000 0.968449 0.857261 0.541032 0.920964
 818000.000 0.986694 0.888726 0.516966 0.943420
 818500.000 0.948092 0.878933 0.478940 0.892104
 819000.000 0.963235 0.856928 0.543838 0.908603
 819500.000 0.989688 0.892354 0.551028 0.926843
 820000.000 0.979726 0.889657 0.536379 0.916806
 820500.000 0.988652 0.908243 0.522428 0.925758
 821000.000 1.021643 0.927216 0.580049 0.944099
 821500.000 0.985090 0.867865 0.585065 0.919409
 822000.000 1.022271 0.901653 0.606185 0.953751
 822500.000 0.990276 0.877503 0.576414 0.926837
 823000.000 0.985476 0.879383 0.547491 0.932345
 823500.000 1.002186 0.901523 0.524728 0.959515
 824000.000 1.012342 0.921919 0.501970 0.973532
 824500.000 1.006142 0.893850 0.538137 0.967513
 825000.000 1.011795 0.922271 0.517424 0.963922
 825500.000 0.987833 0.868054 0.548885 0.947014
 826000.000 0.980164 0.829532 0.598595 0.935416
 826500.000 1.026193 0.851203 0.640225 0.985753
 827000.000 0.990675 0.868214 0.562567 0.944773
 827500.000 1.009930 0.869007 0.578616 0.974652
 828000.000 1.006023 0.847633 0.601945 0.971260
 828500.000 1.004839 0.823967 0.643729 0.962337
 829000.000 1.031155 0.893972 0.579977 0.995490
 829500.000 0.982818 0.828462 0.592847 0.945541
 830000.000 1.028039 0.895920 0.588025 0.982488
 830500.000 1.022475 0.868722 0.608167 0.983038
 831000.000 1.012117 0.839448 0.637024 0.968653
 831500.000 0.987156 0.814658 0.625251 0.945698
 832000.000 1.002947 0.858967 0.594547 0.959423
 832500.000 1.007266 0.856036 0.613689 0.959041
 833000.000 1.030811 0.920514 0.545920 0.989833
 833500.000 1.010031 0.890122 0.563334 0.964710
 834000.000 1.017372 0.878338 0.588330 0.975953
 834500.000 1.010191 0.873094 0.588217 0.965753
 835000.000 1.015221 0.893009 0.561332 0.974057
 835500.000 1.004451 0.862490 0.579452 0.968603
 836000.000 1.002237 0.881077 0.556467 0.960730
 836500.000 0.983413 0.867938 0.543463 0.941028
 837000.000 1.012121 0.899157 0.544167 0.971687
 837500.000 1.008780 0.899588 0.551934 0.959886
 838000.000 0.999820 0.876660 0.572629 0.950181
 838500.000 1.014215 0.893328 0.561007 0.971853
 839000.000 1.032371 0.873925 0.625194 0.988417
 839500.000 1.000614 0.879688 0.559864 0.956639
 840000.000 1.004310 0.866000 0.596054 0.955007
 840500.000 0.994669 0.846503 0.604021 0.947271
 841000.000 0.990913 0.861391 0.584959 0.937894
 841500.000 0.970815 0.847417 0.569573 0.917842
 842000.000 1.026907 0.848834 0.657512 0.977872
 842500.000 1.022703 0.833573 0.662294 0.978961
 843000.000 1.009263 0.852426 0.622822 0.960565
 843500.000 0.977827 0.796026 0.641527 0.931169
 844000.000 0.998965 0.862934 0.577323 0.958075
 844500.000 1.007037 0.878708 0.570339 0.964797
 845000.000 1.020565 0.881445 0.594102 0.976322
 845500.000 1.005562 0.851794 0.638251 0.943076
 846000.000 0.991338 0.870903 0.571599 0.938245
 846500.000 0.989298 0.841617 0.600199 0.942797
 847000.000 0.981634 0.849469 0.587355 0.927700
 847500.000 0.960934 0.846282 0.552813 0.908292
 848000.000 0.975571 0.827907 0.604111 0.923632
 848500.000 0.984117 0.841341 0.602751 0.930489
 849000.000 0.984037 0.839468 0.604557 0.930839
 849500.000 0.973769 0.825576 0.608355 0.919119
 850000.000 0.991177 0.840079 0.611072 0.941129
 850500.000 0.993654 0.848391 0.612243 0.938130
 851000.000 0.969092 0.822261 0.606459 0.913439
 851500.000 0.976528 0.817167 0.638515 0.912004
 852000.000 0.982768 0.828722 0.630034 0.920837
 852500.000 0.951473 0.821482 0.594528 0.884479
 853000.000 0.957933 0.832407 0.584464 0.894859
 853500.000 0.941215 0.792136 0.611148 0.877946
 854000.000 0.973158 0.847256 0.584961 0.913263
 854500.000 0.968678 0.849438 0.583597 0.902522
 855000.000 0.955601 0.844683 0.566095 0.890165
 855500.000 0.966107 0.826901 0.599044 0.907802
 856000.000 0.960631 0.833225 0.585779 0.899012
 856500.000 0.961937 0.853360 0.557636 0.900813
 857000.000 0.976377 0.854758 0.576493 0.918516
 857500.000 0.997443 0.878436 0.564774 0.948243
 858000.000 0.974508 0.871965 0.546872 0.916482
 858500.000 0.966685 0.876741 0.526370 0.907316
 859000.000 0.972563 0.891921 0.506911 0.916119
 859500.000 0.984313 0.896026 0.529721 0.924272
 860000.000 0.997306 0.895891 0.555365 0.937116
 860500.000 1.000589 0.908774 0.561672 0.927908
 861000.000 1.026073 0.926309 0.581305 0.953775
 861500.000 1.019649 0.928372 0.554475 0.953967
 862000.000 0.994906 0.888538 0.564037 0.933830
 862500.000 1.009817 0.901459 0.597376 0.932725
 863000.000 1.008967 0.889762 0.599998 0.940400
 863500.000 1.006349 0.904812 0.554056 0.948585
 864000.000 1.048745 0.931750 0.569576 1.003573
 864500.000 1.033573 0.926305 0.557014 0.983993
 865000.000 1.012807 0.919647 0.523377 0.965340
 865500.000 1.026827 0.957405 0.477830 0.981734
 866000.000 1.027480 0.957925 0.462125 0.990077
 866500.000 1.016194 0.956636 0.441913 0.977171
 867000.000 1.063967 1.010414 0.427797 1.029613
 867500.000 1.039939 0.980785 0.455186 0.996902
 868000.000 1.019391 0.962585 0.445881 0.976183
 868500.000 1.040070 0.986284 0.425812 1.004698
 869000.000 1.016084 0.956057 0.439026 0.978808
 869500.000 1.017168 0.940404 0.470586 0.981553
 870000.000 0.989246 0.924697 0.455928 0.945664
 870500.000 1.014873 0.948426 0.448312 0.979510
 871000.000 1.001737 0.944077 0.451753 0.954772
 871500.000 1.005777 0.947448 0.461766 0.955138
 872000.000 1.001518 0.937810 0.477996 0.947685
 872500.000 0.990618 0.927079 0.493909 0.926944
 873000.000 1.004524 0.943669 0.504131 0.934600
 873500.000 1.014756 0.933673 0.543370 0.944702
 874000.000 1.027349 0.961170 0.506312 0.964723
 874500.000 1.025180 0.951398 0.501124 0.972472
 875000.000 1.011177 0.932746 0.517827 0.952261
 875500.000 1.024604 0.958943 0.521287 0.953056
 876000.000 1.021261 0.935266 0.556314 0.949601
 876500.000 1.032749 0.953305 0.586475 0.938295
 877000.000 1.046581 0.967790 0.543236 0.979255
 877500.000 1.021607 0.947432 0.591383 0.916516
 878000.000 1.048802 0.934701 0.625272 0.967131
 878500.000 1.028714 0.949732 0.558921 0.949801
 879000.000 1.022891 0.941399 0.526579 0.963896
 879500.000 1.023369 0.936282 0.547856 0.958018
 880000.000 1.008402 0.931182 0.506903 0.953781
 880500.000 1.030301 0.950519 0.502484 0.983394
 881000.000 1.051457 0.967997 0.510124 1.006915
 881500.000 1.035702 0.956941 0.487824 0.995816
 882000.000 1.022422 0.944027 0.499760 0.974548
 882500.000 1.049885 0.967270 0.512539 1.003099
 883000.000 1.026475 0.947938 0.542917 0.956011
 883500.000 0.994328 0.919997 0.504952 0.935950
 884000.000 1.018347 0.948034 0.524327 0.948881
 884500.000 1.052294 0.989628 0.474834 1.004895
 885000.000 1.040586 0.967319 0.499924 0.989953
 885500.000 1.052349 0.946304 0.547649 1.009686
 886000.000 1.058252 0.969470 0.536030 1.006278
 886500.000 1.052817 0.975263 0.506667 1.004489
 887000.000 1.043847 0.972766 0.520262 0.980963
 887500.000 1.053874 0.977115 0.501376 1.007556
 888000.000 1.059815 0.981042 0.500588 1.016555
 888500.000 1.034997 0.948638 0.502304 0.995097
 889000.000 1.044186 0.965401 0.473846 1.011987
 889500.000 1.054281 0.969800 0.513443 1.009398
 890000.000 1.060813 0.980812 0.495536 1.021324
 890500.000 1.056794 0.979782 0.524240 0.999413
 891000.000 1.041621 0.973716 0.487797 0.991908
 891500.000 1.005191 0.933989 0.530258 0.931293
 892000.000 0.963834 0.901235 0.517436 0.882035
 892500.000 0.967745 0.910075 0.512444 0.884435
 893000.000 0.982643 0.926275 0.515049 0.898840
 893500.000 0.981050 0.918370 0.524743 0.897863
 894000.000 0.992543 0.937189 0.489287 0.923342
 894500.000 0.995214 0.937601 0.523768 0.909656
 895000.000 0.997987 0.940685 0.534470 0.906317
 895500.000 0.994556 0.939031 0.524689 0.906205
 896000.000 0.990673 0.938599 0.551335 0.882002
 896500.000 0.976064 0.915923 0.502045 0.902462
 897000.000 0.959927 0.899957 0.513366 0.877186
 897500.000 1.002912 0.939282 0.502691 0.936331
 898000.000 0.984079 0.924042 0.527480 0.897069
 898500.000 0.971331 0.906470 0.522352 0.890183
 899000.000 0.984363 0.913606 0.558325 0.889683
 899500.000 0.984597 0.923421 0.550476 0.884949
 900000.000 0.981767 0.921019 0.577828 0.863465
 900500.000 0.991762 0.913781 0.581121 0.891341
 901000.000 0.986213 0.923130 0.551539 0.888183
 901500.000 1.003618 0.948831 0.571099 0.887729
 902000.000 0.999358 0.941632 0.548535 0.899929
 902500.000 1.002560 0.941131 0.551262 0.905891
 903000.000 0.991009 0.930525 0.541751 0.897122
 903500.000 0.979856 0.921911 0.542772 0.880745
 904000.000 0.990541 0.932201 0.533504 0.899288
 904500.000 0.999989 0.937210 0.578441 0.887129
 905000.000 0.981411 0.914222 0.556874 0.883417
 905500.000 0.993280 0.936535 0.497405 0.921249
 906000.000 0.995207 0.934171 0.496840 0.928090
 906500.000 0.996775 0.928799 0.505574 0.932120
 907000.000 0.968451 0.898121 0.519189 0.894214
 907500.000 0.966994 0.911608 0.478088 0.900308
 908000.000 0.985809 0.928625 0.524393 0.897946
 908500.000 0.978563 0.927802 0.505472 0.893786
 909000.000 0.977344 0.908366 0.507287 0.909908
 909500.000 0.984264 0.922142 0.485822 0.922595
 910000.000 1.012637 0.941879 0.494506 0.958746
 910500.000 1.000863 0.927415 0.515769 0.936664
 911000.000 1.016464 0.965235 0.472820 0.954546
 911500.000 1.008624 0.953202 0.513600 0.928583
 912000.000 1.012649 0.956515 0.490629 0.946192
 912500.000 0.999926 0.933061 0.503421 0.935771
 913000.000 0.986303 0.913567 0.513811 0.920316
 913500.000 0.982679 0.917470 0.500978 0.915743
 914000.000 0.971688 0.898518 0.498332 0.912515
 914500.000 0.979662 0.910835 0.496391 0.918396
 915000.000 0.989675 0.918855 0.493334 0.933403
 915500.000 0.999403 0.925225 0.517987 0.934485
 916000.000 1.000336 0.923462 0.520140 0.937026
 916500.000 0.996338 0.935184 0.488115 0.934106
 917000.000 0.990097 0.922872 0.522452 0.914295
 917500.000 0.991426 0.920557 0.515581 0.923365
 918000.000 0.988583 0.907218 0.509821 0.933612
 918500.000 0.987664 0.923663 0.471566 0.935646
 919000.000 1.001036 0.928876 0.508207 0.939713
 919500.000 0.990116 0.922522 0.506470 0.923634
 920000.000 0.988300 0.919998 0.508091 0.921370
 920500.000 1.018513 0.958249 0.476384 0.964133
 921000.000 0.994610 0.915176 0.509005 0.939075
 921500.000 1.007150 0.925506 0.495371 0.962679
 922000.000 0.999466 0.917547 0.496988 0.953402
 922500.000 1.024927 0.919520 0.546563 0.978111
 923000.000 1.012432 0.921204 0.512857 0.968711
 923500.000 1.006151 0.921525 0.520274 0.951202
 924000.000 1.012660 0.934786 0.520051 0.952198
 924500.000 1.028367 0.955311 0.487429 0.982278
 925000.000 1.014216 0.922258 0.526829 0.963929
 925500.000 0.983887 0.902600 0.498295 0.934388
 926000.000 0.993613 0.918444 0.497589 0.939893
 926500.000 0.986239 0.909197 0.496008 0.934169
 927000.000 0.989502 0.905611 0.512793 0.935490
 927500.000 1.009670 0.922859 0.522467 0.956152
 928000.000 1.028512 0.941170 0.530405 0.973932
 928500.000 1.027248 0.934561 0.537827 0.973558
 929000.000 0.995037 0.918271 0.492586 0.945692
 929500.000 0.982940 0.899397 0.502398 0.933288
 930000.000 0.987382 0.892614 0.524595 0.936956
 930500.000 1.004058 0.888036 0.562076 0.954846
 931000.000 0.999181 0.886038 0.561491 0.946778
 931500.000 1.017481 0.889723 0.575440 0.973548
 932000.000 1.001391 0.860620 0.589259 0.957954
 932500.000 0.988183 0.884166 0.537053 0.939592
 933000.000 0.987936 0.891389 0.519501 0.942114
 933500.000 0.989164 0.897189 0.512059 0.943261
 934000.000 1.003831 0.907043 0.533194 0.953063
 934500.000 0.984153 0.899036 0.517789 0.927762
 935000.000 0.968403 0.879001 0.509161 0.918544
 935500.000 0.989034 0.899486 0.506757 0.943663
 936000.000 0.992816 0.908374 0.508342 0.942238
 936500.000 0.980812 0.878276 0.532484 0.932242
 937000.000 0.984928 0.903632 0.497569 0.935971
 937500.000 1.000726 0.911535 0.509400 0.955261
 938000.000 0.990983 0.904903 0.491887 0.950418
 938500.000 0.981896 0.911800 0.460257 0.940756
 939000.000 1.033072 0.947843 0.502819 0.991585
 939500.000 1.024998 0.942321 0.497462 0.982754
 940000.000 1.003256 0.905933 0.521689 0.959255
 940500.000 1.007058 0.906794 0.520091 0.967246
 941000.000 1.016736 0.933515 0.497888 0.973735
 941500.000 1.026441 0.947820 0.488404 0.985018
 942000.000 1.029862 0.971039 0.450569 0.987573
 942500.000 1.020811 0.956451 0.465494 0.976027
 943000.000 1.019504 0.964124 0.450354 0.972843
 943500.000 1.026729 0.943330 0.512390 0.977718
 944000.000 1.022923 0.924906 0.540487 0.972195
 944500.000 1.025657 0.933463 0.524469 0.978532
 945000.000 1.002157 0.933734 0.477355 0.953367
 945500.000 1.020208 0.943480 0.480292 0.980211
 946000.000 1.011265 0.927257 0.504387 0.964936
 946500.000 1.009838 0.939333 0.474597 0.965379
 947000.000 1.018048 0.962138 0.458487 0.967948
 947500.000 1.021890 0.938933 0.510086 0.973004
 948000.000 1.007974 0.945556 0.453682 0.965463
 948500.000 1.002288 0.940184 0.465131 0.953347
 949000.000 1.004866 0.950946 0.445681 0.957383
 949500.000 1.004895 0.937402 0.476665 0.955875
 950000.000 1.012809 0.956486 0.451085 0.966034
 950500.000 1.004851 0.946680 0.452173 0.958534
 951000.000 0.998861 0.945235 0.438409 0.953822
 951500.000 1.002494 0.945117 0.458097 0.952307
 952000.000 1.002488 0.945320 0.472153 0.945202
 952500.000 0.986814 0.913309 0.504003 0.927066
 953000.000 0.996207 0.906157 0.520423 0.944932
 953500.000 1.009461 0.927776 0.508845 0.958296
 954000.000 1.023904 0.937521 0.509057 0.979119
 954500.000 1.037568 0.958682 0.505402 0.989239
 955000.000 1.026268 0.935186 0.520121 0.980487
 955500.000 1.016516 0.954132 0.462067 0.970947
 956000.000 1.018137 0.950995 0.475481 0.970943
 956500.000 1.007447 0.938382 0.506995 0.944613
 957000.000 0.993870 0.927830 0.480367 0.940177
 957500.000 0.981810 0.919577 0.489282 0.918087
 958000.000 0.986733 0.916908 0.486171 0.932847
 958500.000 1.008521 0.927484 0.498149 0.962212
 959000.000 1.001673 0.918036 0.509174 0.951130
 959500.000 0.996704 0.922611 0.487241 0.947746
 960000.000 1.007567 0.941124 0.462586 0.964718
 960500.000 1.000580 0.930937 0.479723 0.951599
 961000.000 1.017899 0.959671 0.459435 0.969633
 961500.000 1.010218 0.951289 0.473907 0.954748
 962000.000 1.003445 0.936334 0.462335 0.960901
 962500.000 1.006449 0.946148 0.462840 0.957321
 963000.000 0.999842 0.937369 0.452648 0.956983
 963500.000 0.998706 0.943190 0.441672 0.954017
 964000.000 0.998535 0.942702 0.428836 0.959977
 964500.000 1.004168 0.942764 0.454926 0.959659
 965000.000 0.996287 0.944018 0.432858 0.952177
 965500.000 0.982369 0.932598 0.432469 0.934520
 966000.000 0.992024 0.931978 0.450597 0.946891
 966500.000 0.991264 0.938980 0.446197 0.940442
 967000.000 0.986685 0.934880 0.432386 0.941348
 967500.000 1.003623 0.946679 0.450223 0.956878
 968000.000 1.006653 0.939181 0.470819 0.960713
 968500.000 0.998280 0.935906 0.450352 0.956236
 969000.000 1.014938 0.952463 0.453226 0.973447
 969500.000 0.992280 0.930218 0.463417 0.942963
 970000.000 0.994061 0.934109 0.449825 0.949429
 970500.000 0.999623 0.933463 0.466835 0.953521
 971000.000 1.017994 0.950051 0.473210 0.972677
 971500.000 1.004283 0.950259 0.444759 0.957269
 972000.000 0.995499 0.941674 0.452952 0.943463
 972500.000 0.988043 0.930513 0.453522 0.938575
 973000.000 1.001866 0.930789 0.464557 0.961920
 973500.000 1.019474 0.950700 0.469104 0.977121
 974000.000 0.994044 0.937554 0.449782 0.946011
 974500.000 1.021353 0.957068 0.461003 0.978683
 975000.000 0.998643 0.944310 0.428872 0.958605
 975500.000 1.029643 0.971019 0.438877 0.992391
 976000.000 1.032460 0.978928 0.430373 0.994196
 976500.000 1.021535 0.956325 0.466287 0.977285
 977000.000 1.014400 0.959766 0.433648 0.974071
 977500.000 1.030664 0.981515 0.427435 0.989174
 978000.000 1.028583 0.979892 0.430361 0.985173
 978500.000 1.027846 0.983877 0.464640 0.963863
 979000.000 1.020565 0.973018 0.437920 0.971888
 979500.000 1.022940 0.974764 0.423470 0.981490
 980000.000 1.008479 0.956496 0.431825 0.965766
 980500.000 1.022886 0.972965 0.448682 0.971912
 981000.000 0.997070 0.947479 0.438887 0.947607
 981500.000 1.018299 0.975111 0.444877 0.961827
 982000.000 1.020498 0.973182 0.472801 0.955098
 982500.000 1.009180 0.959955 0.460655 0.950353
 983000.000 1.009349 0.960991 0.459746 0.950105
 983500.000 1.015511 0.968940 0.449064 0.960220
 984000.000 1.012568 0.964742 0.463842 0.951165
 984500.000 1.018682 0.978420 0.475829 0.944303
 985000.000 0.999844 0.953318 0.487477 0.923539
 985500.000 1.009916 0.963450 0.489425 0.933856
 986000.000 1.029912 0.982475 0.549431 0.924285
 986500.000 1.002941 0.955874 0.524511 0.907180
 987000.000 1.001473 0.948713 0.464392 0.943493
 987500.000 1.010069 0.963596 0.425211 0.964964
 988000.000 1.001086 0.953270 0.430189 0.954232
 988500.000 1.015172 0.966870 0.418581 0.975246
 989000.000 1.018784 0.973089 0.416861 0.977326
 989500.000 0.999778 0.950646 0.422735 0.957433
 990000.000 1.004231 0.951106 0.444583 0.956402
 990500.000 1.007963 0.953718 0.441513 0.963051
 991000.000 1.008074 0.946970 0.456344 0.963029
 991500.000 1.013230 0.957678 0.438904 0.971333
 992000.000 1.007514 0.954024 0.433224 0.965570
 992500.000 1.022686 0.975385 0.431130 0.976999
 993000.000 1.022394 0.969627 0.450817 0.973225
 993500.000 1.023918 0.960361 0.456417 0.982959
 994000.000 1.003122 0.941255 0.451134 0.960742
 994500.000 1.028974 0.970040 0.452298 0.985912
 995000.000 1.025650 0.973354 0.437797 0.982258
 995500.000 1.029659 0.966336 0.474425 0.980568
 996000.000 1.022630 0.964582 0.468819 0.970224
 996500.000 1.006158 0.955283 0.449684 0.953901
 997000.000 1.020435 0.972259 0.455071 0.964467
 997500.000 1.003306 0.949206 0.441888 0.957594
 998000.000 1.007301 0.943626 0.467229 0.959467
 998500.000 1.010699 0.950337 0.464130 0.961493
 999000.000 1.008506 0.947711 0.474011 0.954634
 999500.000 1.003129 0.941600 0.480147 0.946247
1000000.000 1.005468 0.950864 0.464794 0.949608
