      43    1.535    0.173
      44    2.092    0.201
      45    0.840    0.206
      46    0.655    0.331
      47    1.495    0.262
      48    0.624    0.284
      49    0.647    0.206
      50    1.104    0.327
      51    1.298    0.196
      52    1.554    0.426
      53    1.120    0.198
      54    0.862    0.207
      55    0.560    0.198
      56    2.059    0.476
      57    1.165    0.304
      58    0.991    0.587
      59    1.958    0.340
      60    1.240    0.808
      61    1.339    0.341
      62    2.045    0.404
      63    2.604    0.290
