      22    2.063    0.105
      23    1.697    0.122
      24    1.132    0.088
      25    0.987    0.095
      26    1.306    0.117
      27    0.590    0.083
      28    0.441    0.065
      29    1.210    0.141
      30    0.935    0.148
      31    1.596    0.200
      32    0.661    0.120
      33    0.849    0.129
      34    0.202    0.085
      35    1.020    0.198
      36    0.736    0.122
      37    1.224    0.117
      38    1.422    0.233
      39    1.795    0.200
      40    1.428    0.172
      41    1.876    0.164
      42    2.814    0.150
