       1    1.581    0.134
       2    1.850    0.164
       3    0.923    0.149
       4    0.786    0.157
       5    1.352    0.146
       6    1.654    0.189
       7    0.438    0.076
       8    1.320    0.125
       9    0.796    0.147
      10    1.593    0.254
      11    0.761    0.116
      12    1.188    0.131
      13    0.224    0.067
      14    2.045    0.175
      15    1.144    0.195
      16    0.999    0.191
      17    1.146    0.235
      18    1.716    0.152
      19    1.356    0.210
      20    2.260    0.225
      21    2.140    0.318
