      22    1.564    0.133
      23    1.982    0.158
      24    1.010    0.088
      25    0.757    0.115
      26    1.246    0.197
      27    0.580    0.108
      28    0.457    0.079
      29    1.136    0.162
      30    0.576    0.220
      31    2.311    0.158
      32    0.620    0.125
      33    1.637    0.130
      34    0.698    0.124
      35    1.262    0.266
      36    1.097    0.263
      37    1.427    0.258
      38    1.728    0.243
      39    1.811    0.191
      40    1.439    0.266
      41    2.101    0.380
      42    2.613    0.339
