 750000.000 1.024931 0.937972 0.625262 0.911166
 750500.000 1.041640 0.941434 0.642222 0.933425
 751000.000 1.084003 0.997662 0.637675 0.973738
 751500.000 1.046374 0.980895 0.591806 0.936700
 752000.000 1.043686 0.967536 0.614029 0.930270
 752500.000 1.047049 0.955876 0.633866 0.936558
 753000.000 1.064695 0.989699 0.631194 0.942995
 753500.000 1.052030 0.950929 0.646509 0.944084
 754000.000 1.065524 0.942560 0.702012 0.943103
 754500.000 1.087095 0.994794 0.642334 0.980481
 755000.000 1.077350 1.005464 0.596217 0.977207
 755500.000 1.091307 1.014972 0.596510 0.997952
 756000.000 1.078824 1.012384 0.583358 0.981068
 756500.000 1.085905 0.997071 0.618713 0.990670
 757000.000 1.107971 1.026812 0.625149 1.005010
 757500.000 1.070703 0.995308 0.659452 0.931286
 758000.000 1.046690 0.983251 0.660012 0.888100
 758500.000 1.019921 0.943614 0.666551 0.863584
 759000.000 1.055142 0.972747 0.634560 0.936882
 759500.000 1.079025 0.971006 0.639761 0.988151
 760000.000 1.040123 0.968591 0.621281 0.916272
 760500.000 1.021383 0.937932 0.625188 0.903255
 761000.000 1.023067 0.939650 0.580121 0.934801
 761500.000 1.043761 0.971605 0.590352 0.941459
 762000.000 1.082287 1.014456 0.636983 0.952796
 762500.000 1.046482 0.982256 0.658358 0.889937
 763000.000 1.072346 1.011486 0.623091 0.942606
 763500.000 1.060136 0.997198 0.619291 0.932658
 764000.000 1.111465 1.044871 0.578290 1.022025
 764500.000 1.108122 1.036497 0.584591 1.019703
 765000.000 1.119368 1.052906 0.575743 1.032415
 765500.000 1.020904 0.954310 0.593480 0.906403
 766000.000 1.070183 1.008051 0.567714 0.975765
 766500.000 1.107874 1.041258 0.555894 1.030307
 767000.000 1.120723 1.052683 0.606233 1.018028
 767500.000 1.092487 1.013951 0.636066 0.976923
 768000.000 1.160136 1.074789 0.655400 1.052193
 768500.000 1.141034 1.097719 0.591903 1.024003
 769000.000 1.120098 1.070927 0.601211 1.000450
 769500.000 1.117823 1.068919 0.571374 1.014891
 770000.000 1.101585 1.042944 0.577676 1.002764
 770500.000 1.074189 1.029951 0.535387 0.979963
 771000.000 1.086738 1.024151 0.605977 0.972576
 771500.000 1.096525 1.021866 0.581597 1.011074
 772000.000 1.090717 1.018172 0.639974 0.965964
 772500.000 1.078560 1.016925 0.617193 0.954735
 773000.000 1.054209 0.999834 0.580699 0.941189
 773500.000 1.065097 1.003699 0.601079 0.948765
 774000.000 1.049569 0.992270 0.591983 0.931744
 774500.000 1.070624 1.006764 0.566495 0.978765
 775000.000 1.091493 1.033430 0.558184 1.001583
 775500.000 1.069364 1.011752 0.546371 0.982302
 776000.000 1.053068 0.975136 0.585450 0.961386
 776500.000 1.038226 0.965164 0.592137 0.934697
 777000.000 1.064539 0.990566 0.590607 0.967703
 777500.000 1.073749 0.992896 0.631125 0.960059
 778000.000 1.079794 1.002870 0.587114 0.990687
 778500.000 1.073021 0.997737 0.588293 0.980397
 779000.000 1.065989 0.995800 0.585931 0.968366
 779500.000 1.082098 1.003739 0.640164 0.961546
 780000.000 1.072996 1.003577 0.611226 0.960144
 780500.000 1.053648 0.969241 0.623020 0.944863
 781000.000 1.089227 1.012725 0.564017 1.014449
 781500.000 1.041984 0.953474 0.580988 0.961666
 782000.000 1.102248 1.026066 0.601589 1.007562
 782500.000 1.093401 1.038546 0.627245 0.958665
 783000.000 1.113579 1.048589 0.591213 1.015405
 783500.000 1.092220 1.014665 0.615075 0.988953
 784000.000 1.076995 1.006575 0.582651 0.983443
 784500.000 1.077101 1.002064 0.585573 0.986542
 785000.000 1.042196 0.977423 0.575507 0.941160
 785500.000 1.091589 1.027271 0.553171 1.010865
 786000.000 1.083852 1.013618 0.574961 0.995725
 786500.000 1.049447 0.983410 0.581233 0.947497
 787000.000 1.098479 1.036867 0.609747 0.983069
 787500.000 1.064746 1.009009 0.595133 0.946089
 788000.000 1.077958 1.009259 0.562657 0.994384
 788500.000 1.038193 0.971816 0.592757 0.927309
 789000.000 1.069563 1.007573 0.606871 0.951018
 789500.000 1.069049 1.016718 0.561993 0.967564
 790000.000 1.031821 0.982553 0.597644 0.898176
 790500.000 1.081170 1.017860 0.614922 0.961089
 791000.000 1.058419 0.992639 0.608104 0.940946
 791500.000 1.078742 1.015156 0.598085 0.969082
 792000.000 1.081505 1.026733 0.548916 0.991877
 792500.000 1.086006 1.018009 0.610816 0.974361
 793000.000 1.067433 0.993311 0.642622 0.937655
 793500.000 1.058776 1.000953 0.657533 0.898755
 794000.000 1.084341 1.014440 0.628184 0.963268
 794500.000 1.045198 0.960304 0.598645 0.950956
 795000.000 1.065372 0.971523 0.621149 0.969718
 795500.000 1.074267 0.991320 0.577150 0.996133
 796000.000 1.086604 1.004350 0.578453 1.009005
 796500.000 1.069419 0.988568 0.585780 0.983315
 797000.000 1.033454 0.953741 0.604273 0.928055
 797500.000 1.049726 0.971925 0.577083 0.962386
 798000.000 1.038005 0.942604 0.573444 0.968282
 798500.000 1.026613 0.926042 0.588159 0.950991
 799000.000 1.037501 0.946751 0.580382 0.958977
 799500.000 1.053536 0.973039 0.580376 0.967592
 800000.000 1.016823 0.924023 0.569418 0.943294
 800500.000 1.029238 0.942452 0.546729 0.965158
 801000.000 1.020717 0.914016 0.573302 0.958971
 801500.000 1.037648 0.947547 0.542918 0.980215
 802000.000 1.029576 0.930396 0.557481 0.971406
 802500.000 1.036158 0.948251 0.568734 0.961565
 803000.000 1.034933 0.968109 0.563052 0.942289
 803500.000 1.024624 0.943199 0.576943 0.936600
 804000.000 1.025280 0.973100 0.542041 0.928261
 804500.000 1.043405 0.969316 0.577591 0.950896
 805000.000 1.030157 0.964644 0.543337 0.946940
 805500.000 1.048443 0.985119 0.542686 0.966177
 806000.000 1.036538 0.969146 0.566034 0.942965
 806500.000 1.021894 0.949052 0.547105 0.942609
 807000.000 1.033843 0.975819 0.567153 0.929396
 807500.000 1.050304 0.992923 0.554187 0.955645
 808000.000 1.057100 0.990631 0.569659 0.963877
 808500.000 1.047768 0.965928 0.560816 0.973707
 809000.000 1.026271 0.955982 0.598527 0.913415
 809500.000 0.991863 0.923026 0.613148 0.860034
 810000.000 1.009121 0.941877 0.605154 0.885046
 810500.000 0.986263 0.909434 0.611238 0.862987
 811000.000 0.990698 0.935606 0.585381 0.863097
 811500.000 1.019866 0.968351 0.579844 0.897958
 812000.000 0.991188 0.933231 0.566571 0.879195
 812500.000 0.995775 0.936199 0.583037 0.875635
 813000.000 1.021259 0.959451 0.594828 0.900874
 813500.000 1.006602 0.946876 0.555481 0.906291
 814000.000 1.013907 0.937576 0.566524 0.925213
 814500.000 1.030184 0.967120 0.539808 0.946490
 815000.000 1.017768 0.949241 0.555405 0.928532
 815500.000 1.026520 0.955602 0.543816 0.947932
 816000.000 1.021574 0.940634 0.533587 0.957976
 816500.000 1.033844 0.967447 0.536313 0.956076
 817000.000 1.028914 0.965967 0.550615 0.938646
 817500.000 1.039226 0.981136 0.549169 0.946449
 818000.000 1.059994 0.995638 0.550240 0.976276
 818500.000 1.069101 0.991410 0.572685 0.987469
 819000.000 1.050332 0.960311 0.568834 0.980115
 819500.000 1.029165 0.953004 0.559206 0.947329
 820000.000 1.035036 0.953195 0.560885 0.958867
 820500.000 1.039059 0.947379 0.559270 0.974155
 821000.000 1.031909 0.952941 0.542888 0.962730
 821500.000 1.031078 0.954481 0.549325 0.955747
 822000.000 1.034981 0.961449 0.535058 0.965246
 822500.000 1.033832 0.948525 0.549433 0.967491
 823000.000 1.031175 0.927944 0.576137 0.966244
 823500.000 1.053377 0.969513 0.560145 0.982593
 824000.000 1.033808 0.951315 0.571701 0.951670
 824500.000 1.038648 0.940951 0.568969 0.973893
 825000.000 1.027637 0.942868 0.546363 0.961541
 825500.000 1.029571 0.944618 0.569835 0.950273
 826000.000 1.060286 0.967430 0.558128 1.000492
 826500.000 1.043770 0.946943 0.567194 0.980051
 827000.000 1.071270 0.975740 0.580315 1.003197
 827500.000 1.055959 0.972478 0.558779 0.985977
 828000.000 1.064050 0.976954 0.584258 0.984180
 828500.000 1.012791 0.918565 0.573656 0.937362
 829000.000 1.064981 0.977284 0.553585 1.003410
 829500.000 1.068173 0.970752 0.546567 1.020242
 830000.000 1.079433 0.977685 0.583434 1.016902
 830500.000 1.042663 0.946774 0.581252 0.969567
 831000.000 1.085787 1.001928 0.551543 1.024600
 831500.000 1.049166 0.956798 0.566695 0.982289
 832000.000 1.108331 1.014427 0.580913 1.044160
 832500.000 1.095654 0.993733 0.574318 1.040945
 833000.000 1.071109 0.983023 0.550010 1.012771
 833500.000 1.075637 1.004651 0.530535 1.011532
 834000.000 1.051002 0.979371 0.554752 0.970718
 834500.000 1.054143 0.963095 0.530146 1.006890
 835000.000 1.027354 0.933011 0.536906 0.975775
 835500.000 1.034865 0.930877 0.554395 0.983873
 836000.000 1.059450 0.970335 0.543243 1.004095
 836500.000 1.071643 0.985547 0.546433 1.013383
 837000.000 1.096206 1.013482 0.547742 1.037385
 837500.000 1.090240 1.009890 0.555958 1.023854
 838000.000 1.067129 0.966488 0.559869 1.014877
 838500.000 1.035813 0.943423 0.527289 0.988805
 839000.000 1.082069 1.005340 0.554337 1.011806
 839500.000 1.049615 0.963786 0.527427 0.998159
 840000.000 1.052017 0.976960 0.548226 0.979018
 840500.000 1.067685 0.988602 0.552327 0.998751
 841000.000 1.089582 0.998375 0.558125 1.032533
 841500.000 1.078246 0.991608 0.575131 1.005568
 842000.000 1.045679 0.955897 0.593249 0.959794
 842500.000 1.074710 0.986532 0.556593 1.013393
 843000.000 1.057463 0.975472 0.557148 0.987165
 843500.000 1.091651 1.010302 0.550779 1.029240
 844000.000 1.125969 1.057857 0.604540 1.025222
 844500.000 1.096133 1.018795 0.600934 1.001971
 845000.000 1.074359 1.012835 0.570807 0.978182
 845500.000 1.048830 0.988024 0.569516 0.948446
 846000.000 1.083835 1.036909 0.596749 0.958177
 846500.000 1.044570 0.985682 0.588789 0.929522
 847000.000 1.084507 1.023465 0.583876 0.981794
 847500.000 1.010285 0.965862 0.537446 0.905325
 848000.000 1.089028 1.033949 0.561753 0.993654
 848500.000 1.045646 0.966939 0.505588 0.998078
 849000.000 1.029693 0.952052 0.557914 0.950191
 849500.000 1.024722 0.959343 0.534672 0.945462
 850000.000 1.053033 0.969150 0.542181 0.992243
 850500.000 0.987654 0.901192 0.574673 0.899182
 851000.000 0.995852 0.904437 0.596952 0.899493
 851500.000 0.998510 0.906662 0.599282 0.901594
 852000.000 0.960947 0.884283 0.565234 0.863361
 852500.000 1.033541 0.950549 0.563571 0.956691
 853000.000 1.026120 0.954130 0.541596 0.949817
 853500.000 1.006740 0.927104 0.600504 0.898290
 854000.000 1.047284 0.960064 0.553820 0.982428
 854500.000 1.047818 0.961295 0.586964 0.962929
 855000.000 1.055418 0.967742 0.559586 0.989015
 855500.000 1.056920 0.957774 0.577894 0.991396
 856000.000 1.054913 0.951534 0.574506 0.995092
 856500.000 1.067729 0.965994 0.601501 0.992544
 857000.000 1.051720 0.964174 0.558784 0.985067
 857500.000 1.088522 1.021696 0.592962 0.987064
 858000.000 1.083356 0.991284 0.586767 1.010139
 858500.000 1.098931 1.030959 0.547497 1.025997
 859000.000 1.145077 1.072524 0.595247 1.057249
 859500.000 1.091628 1.030649 0.589506 0.986688
 860000.000 1.083276 0.999298 0.591281 0.999381
 860500.000 1.097804 0.999128 0.581894 1.036094
 861000.000 1.093125 0.992115 0.539742 1.055572
 861500.000 1.082156 0.956158 0.589893 1.039186
 862000.000 1.108181 1.008013 0.581960 1.049458
 862500.000 1.093268 0.974594 0.611799 1.032636
 863000.000 1.102271 1.021283 0.571406 1.029795
 863500.000 1.074574 0.978026 0.553042 1.023244
 864000.000 1.093378 1.012193 0.550017 1.031453
 864500.000 1.116496 1.018056 0.532730 1.083000
 865000.000 1.092389 0.994767 0.520436 1.061231
 865500.000 1.144443 1.057556 0.513744 1.112269
 866000.000 1.090825 0.994781 0.529082 1.053699
 866500.000 1.093380 0.975823 0.564885 1.058128
 867000.000 1.085444 0.961943 0.596176 1.037120
 867500.000 1.149136 1.022141 0.624293 1.098413
 868000.000 1.183619 1.074377 0.581324 1.144414
 868500.000 1.116266 1.002903 0.577749 1.073541
 869000.000 1.162462 1.049463 0.590360 1.119259
 869500.000 1.107252 1.020969 0.584535 1.033419
 870000.000 1.115538 1.030383 0.601067 1.032413
 870500.000 1.128955 1.021536 0.592244 1.074611
 871000.000 1.104150 0.973513 0.623791 1.049500
 871500.000 1.139910 1.025952 0.574366 1.102868
 872000.000 1.144569 1.055790 0.589732 1.075918
 872500.000 1.175606 1.083932 0.560435 1.129205
 873000.000 1.173122 1.106655 0.519135 1.121715
 873500.000 1.132229 1.042105 0.550225 1.084045
 874000.000 1.106934 1.012521 0.545059 1.062224
 874500.000 1.124629 1.016670 0.566243 1.084127
 875000.000 1.089129 0.971385 0.572795 1.049152
 875500.000 1.088302 0.986355 0.556261 1.042342
 876000.000 1.059799 0.953085 0.562400 1.010784
 876500.000 1.073038 0.965588 0.569389 1.022866
 877000.000 1.054020 0.960714 0.553113 0.996498
 877500.000 1.057372 0.958184 0.556358 1.004200
 878000.000 1.014608 0.917820 0.554900 0.953180
 878500.000 1.041496 0.929357 0.568506 0.991223
 879000.000 0.998910 0.871947 0.588888 0.942636
 879500.000 0.887074 0.720709 0.630396 0.810543
 880000.000 0.911171 0.758802 0.621791 0.835501
 880500.000 0.902626 0.741231 0.646087 0.814013
 881000.000 0.897176 0.742830 0.621360 0.819735
 881500.000 0.929589 0.765336 0.635361 0.859564
 882000.000 0.934642 0.786265 0.617963 0.864303
 882500.000 0.916016 0.756464 0.618250 0.850705
 883000.000 0.911350 0.756589 0.636502 0.826774
 883500.000 0.941412 0.795115 0.617991 0.870858
 884000.000 0.946754 0.807939 0.592230 0.888360
 884500.000 0.946606 0.798103 0.595571 0.894681
 885000.000 0.937837 0.793890 0.590654 0.883144
 885500.000 0.961385 0.820008 0.593428 0.907719
 886000.000 0.963771 0.821496 0.586191 0.916096
 886500.000 0.961438 0.809820 0.611688 0.904851
 887000.000 0.943234 0.799303 0.593577 0.887786
 887500.000 0.954040 0.821705 0.582974 0.897400
 888000.000 0.973774 0.852711 0.572938 0.917113
 888500.000 0.980775 0.851336 0.584740 0.925821
 889000.000 0.964814 0.832727 0.598657 0.899947
 889500.000 0.953777 0.822110 0.598010 0.886510
 890000.000 0.960398 0.828516 0.594455 0.897170
 890500.000 0.944002 0.813875 0.577094 0.887044
 891000.000 0.967957 0.839499 0.588349 0.907177
 891500.000 0.961438 0.827962 0.586963 0.904810
 892000.000 0.939356 0.793425 0.585881 0.889944
 892500.000 0.934872 0.790966 0.624225 0.855971
 893000.000 0.903883 0.765760 0.587259 0.838300
 893500.000 0.948778 0.797950 0.609293 0.890167
 894000.000 0.915946 0.768927 0.629369 0.831000
 894500.000 0.933494 0.793345 0.622448 0.852047
 895000.000 0.929579 0.796034 0.600519 0.856705
 895500.000 0.913652 0.789014 0.613324 0.819030
 896000.000 0.926483 0.812913 0.632152 0.810123
 896500.000 0.951723 0.825188 0.603459 0.875473
 897000.000 0.973333 0.843761 0.681075 0.847915
 897500.000 0.981284 0.865496 0.623917 0.887401
 898000.000 0.977288 0.852004 0.635490 0.883417
 898500.000 0.949218 0.811635 0.640916 0.855865
 899000.000 1.007552 0.875278 0.640959 0.923786
 899500.000 1.006503 0.876576 0.689833 0.884220
 900000.000 1.021932 0.909571 0.613638 0.940647
 900500.000 1.017464 0.884964 0.658450 0.923985
 901000.000 0.989038 0.847574 0.623216 0.921745
 901500.000 0.990341 0.867132 0.657521 0.881646
 902000.000 0.937820 0.802638 0.639381 0.840224
 902500.000 0.998589 0.885396 0.592340 0.927127
 903000.000 0.992357 0.881400 0.566035 0.933961
 903500.000 0.975572 0.883996 0.567616 0.894340
 904000.000 1.003001 0.894952 0.587575 0.930505
 904500.000 0.959737 0.843741 0.614098 0.867857
 905000.000 0.990867 0.874688 0.603863 0.913184
 905500.000 0.948922 0.828561 0.647504 0.833746
 906000.000 0.913793 0.776335 0.660886 0.794083
 906500.000 0.926615 0.787026 0.656184 0.816850
 907000.000 0.931886 0.796121 0.641350 0.831675
 907500.000 0.937460 0.796171 0.686975 0.807365
 908000.000 0.916675 0.783465 0.677531 0.779564
 908500.000 0.949840 0.817826 0.665681 0.832119
 909000.000 0.943891 0.819675 0.609861 0.859104
 909500.000 0.978287 0.867128 0.620581 0.881509
 910000.000 1.004396 0.887742 0.617762 0.920818
 910500.000 1.022306 0.920448 0.647354 0.907704
 911000.000 0.992919 0.829010 0.686597 0.901722
 911500.000 0.976026 0.821452 0.671596 0.882854
 912000.000 0.988257 0.822033 0.666075 0.913186
 912500.000 0.982410 0.850253 0.621936 0.905828
 913000.000 0.995982 0.840581 0.659434 0.917895
 913500.000 0.996241 0.831508 0.631244 0.946105
 914000.000 0.999458 0.823856 0.642176 0.952209
 914500.000 0.997309 0.836706 0.650306 0.930739
 915000.000 1.042544 0.866976 0.675595 0.982710
 915500.000 1.021328 0.833557 0.672815 0.968878
 916000.000 1.019462 0.875049 0.607679 0.971400
 916500.000 1.007944 0.852320 0.619588 0.959982
 917000.000 1.010278 0.878084 0.603023 0.952184
 917500.000 1.008252 0.858638 0.624226 0.951959
 918000.000 1.063901 0.940168 0.617025 0.999568
 918500.000 1.049048 0.899205 0.701079 0.949170
 919000.000 1.063465 0.924445 0.674671 0.975773
 919500.000 1.012617 0.867461 0.635522 0.945730
 920000.000 1.022887 0.879919 0.627953 0.961256
 920500.000 1.041569 0.897274 0.629651 0.983956
 921000.000 1.032665 0.897586 0.589344 0.989852
 921500.000 1.032818 0.895238 0.598117 0.987033
 922000.000 1.021438 0.870809 0.628671 0.965989
 922500.000 1.018388 0.878790 0.620465 0.957592
 923000.000 1.029386 0.892803 0.628552 0.962857
 923500.000 1.042190 0.899213 0.643461 0.974522
 924000.000 1.073911 0.934320 0.603884 1.033896
 924500.000 1.051688 0.938419 0.592320 0.990263
 925000.000 1.029122 0.907072 0.584592 0.976554
 925500.000 1.061129 0.937101 0.604579 1.004149
 926000.000 1.038841 0.915289 0.588811 0.986879
 926500.000 1.058373 0.935636 0.577662 1.015480
 927000.000 1.064180 0.943518 0.579254 1.019411
 927500.000 1.048743 0.927580 0.588268 0.996625
 928000.000 1.044702 0.908222 0.605482 0.995655
 928500.000 1.075061 0.960220 0.592940 1.018780
 929000.000 1.051401 0.931646 0.583485 1.001233
 929500.000 1.069705 0.948594 0.584424 1.023305
 930000.000 1.041165 0.916063 0.598140 0.985447
 930500.000 1.047559 0.922211 0.596950 0.993951
 931000.000 1.059395 0.954418 0.562640 1.008543
 931500.000 1.071628 0.933646 0.603304 1.030098
 932000.000 1.105413 0.971489 0.590118 1.073241
 932500.000 1.098533 0.979495 0.574943 1.059989
 933000.000 1.101777 0.981135 0.576391 1.064413
 933500.000 1.094806 0.973424 0.573683 1.058553
 934000.000 1.091669 0.970034 0.566629 1.058985
 934500.000 1.075783 0.966206 0.570724 1.027295
 935000.000 1.063420 0.959200 0.579846 1.002715
 935500.000 1.076389 0.970930 0.580515 1.018589
 936000.000 1.069149 0.963424 0.596113 1.001310
 936500.000 1.115538 1.008031 0.556751 1.078310
 937000.000 1.107501 0.991533 0.574477 1.067685
 937500.000 1.078098 0.966762 0.581725 1.025455
 938000.000 1.063133 0.955570 0.577455 1.006943
 938500.000 1.081427 0.956599 0.608448 1.026489
 939000.000 1.079889 0.965507 0.574585 1.034391
 939500.000 1.096062 0.973672 0.577195 1.059015
 940000.000 1.122946 1.017248 0.552002 1.087435
 940500.000 1.109534 1.008422 0.535822 1.076157
 941000.000 1.140996 1.026769 0.572788 1.105172
 941500.000 1.106154 1.000758 0.540593 1.073963
 942000.000 1.098840 0.986714 0.578129 1.052170
 942500.000 1.104859 1.013968 0.524290 1.066966
 943000.000 1.107203 0.988286 0.567499 1.073794
 943500.000 1.132886 1.028161 0.559543 1.093918
 944000.000 1.090357 0.947784 0.603829 1.055866
 944500.000 1.095148 0.948635 0.606130 1.063671
 945000.000 1.122056 0.980534 0.615943 1.084982
 945500.000 1.090390 0.978882 0.569667 1.046504
 946000.000 1.118375 1.004722 0.563991 1.083500
 946500.000 1.130273 1.025459 0.567500 1.086927
 947000.000 1.134538 1.039492 0.536469 1.098184
 947500.000 1.121736 1.028268 0.539716 1.080720
 948000.000 1.133882 1.036836 0.548689 1.093291
 948500.000 1.144806 1.054005 0.531676 1.107951
 949000.000 1.089636 0.980266 0.553735 1.052173
 949500.000 1.093532 0.979875 0.560876 1.056828
 950000.000 1.134154 1.022899 0.573341 1.094333
 950500.000 1.100022 0.977896 0.575817 1.064074
 951000.000 1.090114 0.967702 0.563351 1.059663
 951500.000 1.111968 0.977065 0.601239 1.075547
 952000.000 1.133964 1.009150 0.587602 1.099131
 952500.000 1.139979 1.010150 0.586522 1.111167
 953000.000 1.120508 0.974270 0.611219 1.090086
 953500.000 1.153091 1.005414 0.621319 1.123541
 954000.000 1.154679 0.999637 0.632157 1.125908
 954500.000 1.120391 0.946994 0.658552 1.086308
 955000.000 1.100496 0.944270 0.653040 1.050751
 955500.000 1.071675 0.909428 0.628631 1.036697
 956000.000 1.142630 1.001914 0.604261 1.114559
 956500.000 1.095864 0.983220 0.614126 1.028575
 957000.000 1.109201 1.010172 0.553463 1.064841
 957500.000 1.138580 1.045815 0.571909 1.082552
 958000.000 1.168910 1.085239 0.541304 1.123364
 958500.000 1.139729 1.049823 0.525389 1.104447
 959000.000 1.173595 1.062478 0.572372 1.139378
 959500.000 1.183361 1.092457 0.557803 1.138455
 960000.000 1.186748 1.085863 0.583592 1.138887
 960500.000 1.134570 1.040951 0.540380 1.094947
 961000.000 1.172362 1.052924 0.581719 1.140972
 961500.000 1.210324 1.078154 0.604699 1.183931
 962000.000 1.181098 1.060392 0.581283 1.152242
 962500.000 1.245574 1.133578 0.578597 1.217840
 963000.000 1.256712 1.140713 0.605648 1.220908
 963500.000 1.201573 1.077492 0.594650 1.171733
 964000.000 1.242052 1.140088 0.567808 1.209619
 964500.000 1.288160 1.166865 0.635069 1.246525
 965000.000 1.253497 1.117050 0.657032 1.209553
 965500.000 1.257923 1.133660 0.631195 1.217024
 966000.000 1.242352 1.116286 0.618400 1.207627
 966500.000 1.271720 1.150406 0.603776 1.243609
 967000.000 1.281837 1.126192 0.683221 1.245437
 967500.000 1.292318 1.175661 0.673226 1.226688
 968000.000 1.323338 1.211594 0.655801 1.266654
 968500.000 1.327467 1.196842 0.691953 1.270082
 969000.000 1.335527 1.217369 0.629063 1.299830
 969500.000 1.303634 1.177841 0.637552 1.266942
 970000.000 1.288676 1.172317 0.600308 1.259632
 970500.000 1.319207 1.213843 0.642948 1.262465
 971000.000 1.281833 1.162200 0.641083 1.234705
 971500.000 1.236139 1.108421 0.652606 1.183886
 972000.000 1.244744 1.134048 0.657073 1.175146
 972500.000 1.221700 1.089038 0.650015 1.173275
 973000.000 1.232829 1.121916 0.623705 1.179844
 973500.000 1.288948 1.166875 0.650374 1.240239
 974000.000 1.282061 1.160106 0.656833 1.228855
 974500.000 1.302229 1.156900 0.662568 1.270508
 975000.000 1.252606 1.087376 0.683778 1.219878
 975500.000 1.270902 1.124139 0.662344 1.236122
 976000.000 1.271553 1.128783 0.641463 1.244213
 976500.000 1.275514 1.150365 0.612579 1.247109
 977000.000 1.231536 1.099496 0.631720 1.193902
 977500.000 1.239085 1.112773 0.620610 1.203013
 978000.000 1.252915 1.139234 0.604440 1.215069
 978500.000 1.251481 1.164646 0.550239 1.213773
 979000.000 1.216779 1.119232 0.580336 1.171167
 979500.000 1.204194 1.085843 0.603627 1.164794
 980000.000 1.215021 1.084285 0.628420 1.175570
 980500.000 1.198263 1.067972 0.606610 1.167531
 981000.000 1.252189 1.148776 0.566183 1.222991
 981500.000 1.230638 1.131468 0.562031 1.197013
 982000.000 1.239297 1.124179 0.594344 1.206106
 982500.000 1.229429 1.096690 0.620533 1.197999
 983000.000 1.287350 1.189350 0.566973 1.256395
 983500.000 1.265244 1.160742 0.582106 1.231064
 984000.000 1.292171 1.216810 0.528039 1.256964
 984500.000 1.238759 1.142570 0.557710 1.205215
 985000.000 1.241049 1.105771 0.645560 1.200386
 985500.000 1.206600 1.087013 0.597764 1.171686
 986000.000 1.193570 1.055066 0.617138 1.164128
 986500.000 1.175931 1.032981 0.622095 1.145241
 987000.000 1.166080 1.036251 0.595994 1.135985
 987500.000 1.189224 1.057656 0.607038 1.158178
 988000.000 1.104914 0.978460 0.603297 1.058451
 988500.000 1.180401 1.052213 0.613617 1.141497
 989000.000 1.159288 1.018463 0.646919 1.110012
 989500.000 1.157666 1.016318 0.640850 1.112110
 990000.000 1.171843 1.056236 0.577934 1.138766
 990500.000 1.163527 1.030416 0.612435 1.127279
 991000.000 1.173604 1.045875 0.600841 1.140098
 991500.000 1.121169 1.005197 0.576765 1.082109
 992000.000 1.189095 1.047277 0.627039 1.156688
 992500.000 1.120827 0.985599 0.615240 1.078231
 993000.000 1.199203 1.090147 0.623740 1.139608
 993500.000 1.184347 1.042057 0.634123 1.147763
 994000.000 1.225832 1.093237 0.637707 1.184691
 994500.000 1.208354 1.066565 0.643603 1.169809
 995000.000 1.192478 1.043865 0.664273 1.145902
 995500.000 1.183902 1.050366 0.630209 1.141409
 996000.000 1.180076 1.029444 0.654297 1.138992
 996500.000 1.255901 1.109607 0.645017 1.227720
 997000.000 1.173440 1.055011 0.581898 1.141170
 997500.000 1.247089 1.125066 0.603088 1.216952
 998000.000 1.196550 1.044309 0.653427 1.160136
 998500.000 1.187911 1.049627 0.626774 1.152259
 999000.000 1.181600 1.055999 0.603643 1.145793
 999500.000 1.147761 1.038966 0.591457 1.097924
1000000.000 1.142211 1.007579 0.614287 1.103055
