 750000.000    6.198  664.381
 750500.000    6.042  681.557
 751000.000    6.117  673.262
 751500.000    6.032  682.751
 752000.000    6.133  671.514
 752500.000    6.207  663.478
 753000.000    6.154  669.143
 753500.000    6.321  651.512
 754000.000    6.135  671.251
 754500.000    6.217  662.397
 755000.000    6.138  670.935
 755500.000    6.052  680.496
 756000.000    6.181  666.232
 756500.000    6.057  679.863
 757000.000    6.056  679.982
 757500.000    6.348  648.718
 758000.000    6.178  666.573
 758500.000    6.074  678.012
 759000.000    6.158  668.765
 759500.000    6.398  643.676
 760000.000    6.020  684.099
 760500.000    6.059  679.682
 761000.000    6.214  662.769
 761500.000    6.021  684.011
 762000.000    6.251  658.820
 762500.000    6.277  656.079
 763000.000    6.160  668.545
 763500.000    6.285  655.275
 764000.000    6.144  670.289
 764500.000    6.300  653.634
 765000.000    6.186  665.763
 765500.000    6.386  644.831
 766000.000    6.137  670.986
 766500.000    6.295  654.170
 767000.000    6.155  669.112
 767500.000    6.120  672.870
 768000.000    6.126  672.236
 768500.000    6.517  631.866
 769000.000    6.150  669.623
 769500.000    6.350  648.519
 770000.000    6.098  675.324
 770500.000    6.245  659.467
 771000.000    6.378  645.723
 771500.000    6.265  657.365
 772000.000    6.010  685.265
 772500.000    6.119  673.028
 773000.000    6.317  651.887
 773500.000    6.250  658.868
 774000.000    6.035  682.390
 774500.000    6.420  641.404
 775000.000    6.172  667.244
 775500.000    5.972  689.521
 776000.000    6.112  673.739
 776500.000    6.048  680.860
 777000.000    6.101  674.992
 777500.000    6.350  648.525
 778000.000    6.103  674.759
 778500.000    6.325  651.115
 779000.000    6.283  655.426
 779500.000    6.358  647.665
 780000.000    6.382  645.275
 780500.000    6.129  671.912
 781000.000    6.219  662.152
 781500.000    6.193  664.921
 782000.000    6.245  659.393
 782500.000    6.273  656.513
 783000.000    6.330  650.584
 783500.000    6.290  654.742
 784000.000    6.268  656.984
 784500.000    6.279  655.822
 785000.000    6.215  662.661
 785500.000    5.978  688.923
 786000.000    6.219  662.157
 786500.000    6.235  660.507
 787000.000    6.241  659.890
 787500.000    6.045  681.293
 788000.000    6.267  657.070
 788500.000    6.220  662.059
 789000.000    6.301  653.590
 789500.000    6.131  671.692
 790000.000    6.144  670.226
 790500.000    6.248  659.081
 791000.000    6.189  665.417
 791500.000    6.146  670.057
 792000.000    6.246  659.275
 792500.000    6.205  663.715
 793000.000    6.235  660.433
 793500.000    6.248  659.112
 794000.000    6.124  672.411
 794500.000    5.938  693.518
 795000.000    6.327  650.931
 795500.000    6.289  654.857
 796000.000    6.138  670.929
 796500.000    6.221  661.989
 797000.000    6.140  670.667
 797500.000    6.160  668.557
 798000.000    6.194  664.824
 798500.000    6.063  679.266
 799000.000    6.253  658.629
 799500.000    6.270  656.752
 800000.000    6.273  656.439
 800500.000    6.266  657.211
 801000.000    6.161  668.440
 801500.000    6.343  649.233
 802000.000    6.207  663.508
 802500.000    6.071  678.342
 803000.000    6.203  663.843
 803500.000    6.266  657.187
 804000.000    6.230  661.037
 804500.000    6.177  666.691
 805000.000    6.158  668.739
 805500.000    6.138  670.954
 806000.000    6.357  647.823
 806500.000    6.261  657.781
 807000.000    6.198  664.419
 807500.000    6.254  658.478
 808000.000    6.288  654.908
 808500.000    6.064  679.137
 809000.000    6.188  665.515
 809500.000    6.220  662.110
 810000.000    6.033  682.647
 810500.000    6.053  680.400
 811000.000    6.038  682.050
 811500.000    6.413  642.138
 812000.000    6.051  680.581
 812500.000    6.279  655.897
 813000.000    6.235  660.515
 813500.000    6.245  659.480
 814000.000    6.192  665.093
 814500.000    6.323  651.249
 815000.000    5.999  686.484
 815500.000    6.260  657.872
 816000.000    6.106  674.449
 816500.000    6.208  663.363
 817000.000    6.064  679.086
 817500.000    6.427  640.778
 818000.000    6.096  675.580
 818500.000    6.383  645.212
 819000.000    6.189  665.417
 819500.000    6.127  672.139
 820000.000    5.972  689.553
 820500.000    6.194  664.868
 821000.000    6.253  658.617
 821500.000    6.015  684.645
 822000.000    6.189  665.347
 822500.000    5.969  689.863
 823000.000    6.394  644.101
 823500.000    6.276  656.143
 824000.000    5.972  689.555
 824500.000    6.304  653.240
 825000.000    6.212  662.880
 825500.000    6.085  676.732
 826000.000    6.359  647.607
 826500.000    6.177  666.691
 827000.000    6.420  641.473
 827500.000    6.135  671.203
 828000.000    6.282  655.516
 828500.000    6.040  681.819
 829000.000    5.901  697.893
 829500.000    6.268  656.969
 830000.000    6.250  658.893
 830500.000    6.645  619.766
 831000.000    6.332  650.323
 831500.000    6.363  647.239
 832000.000    6.300  653.682
 832500.000    6.143  670.341
 833000.000    6.124  672.479
 833500.000    5.999  686.446
 834000.000    6.176  666.843
 834500.000    6.341  649.419
 835000.000    6.185  665.856
 835500.000    6.282  655.540
 836000.000    5.993  687.158
 836500.000    6.238  660.187
 837000.000    6.110  674.049
 837500.000    5.961  690.878
 838000.000    6.310  652.617
 838500.000    6.315  652.143
 839000.000    6.215  662.644
 839500.000    6.162  668.308
 840000.000    6.123  672.527
 840500.000    6.114  673.564
 841000.000    6.257  658.145
 841500.000    6.326  650.981
 842000.000    6.061  679.412
 842500.000    6.229  661.085
 843000.000    6.239  660.032
 843500.000    5.944  692.820
 844000.000    6.066  678.903
 844500.000    6.351  648.390
 845000.000    6.159  668.582
 845500.000    6.242  659.796
 846000.000    6.242  659.704
 846500.000    5.990  687.453
 847000.000    6.171  667.303
 847500.000    5.914  696.383
 848000.000    6.484  635.095
 848500.000    5.963  690.668
 849000.000    6.162  668.288
 849500.000    6.093  675.844
 850000.000    6.109  674.160
 850500.000    6.049  680.765
 851000.000    6.129  671.863
 851500.000    6.173  667.155
 852000.000    6.088  676.386
 852500.000    6.050  680.707
 853000.000    6.085  676.740
 853500.000    6.196  664.669
 854000.000    6.271  656.682
 854500.000    6.543  629.437
 855000.000    6.162  668.361
 855500.000    6.211  662.999
 856000.000    6.483  635.212
 856500.000    6.191  665.196
 857000.000    6.102  674.935
 857500.000    6.112  673.774
 858000.000    6.292  654.532
 858500.000    6.014  684.757
 859000.000    6.319  651.703
 859500.000    6.104  674.657
 860000.000    6.038  682.075
 860500.000    6.277  656.051
 861000.000    6.161  668.429
 861500.000    6.283  655.435
 862000.000    6.236  660.339
 862500.000    6.304  653.272
 863000.000    6.246  659.280
 863500.000    6.118  673.100
 864000.000    6.036  682.278
 864500.000    6.311  652.555
 865000.000    6.184  665.899
 865500.000    6.155  669.097
 866000.000    5.996  686.765
 866500.000    6.375  645.947
 867000.000    6.197  664.587
 867500.000    6.289  654.809
 868000.000    6.418  641.621
 868500.000    6.546  629.095
 869000.000    6.373  646.206
 869500.000    6.352  648.356
 870000.000    6.400  643.428
 870500.000    6.632  620.957
 871000.000    6.579  625.990
 871500.000    6.328  650.734
 872000.000    6.560  627.772
 872500.000    6.670  617.367
 873000.000    6.582  625.704
 873500.000    6.261  657.703
 874000.000    6.242  659.749
 874500.000    6.442  639.213
 875000.000    6.329  650.637
 875500.000    6.179  666.456
 876000.000    6.263  657.529
 876500.000    6.349  648.611
 877000.000    6.227  661.295
 877500.000    6.224  661.649
 878000.000    6.085  676.811
 878500.000    6.329  650.692
 879000.000    6.214  662.677
 879500.000    6.016  684.564
 880000.000    6.123  672.597
 880500.000    6.050  680.680
 881000.000    5.980  688.660
 881500.000    6.125  672.399
 882000.000    6.211  663.051
 882500.000    6.298  653.852
 883000.000    6.020  684.106
 883500.000    6.238  660.123
 884000.000    5.956  691.393
 884500.000    6.073  678.054
 885000.000    6.247  659.177
 885500.000    6.064  679.138
 886000.000    6.149  669.713
 886500.000    6.433  640.179
 887000.000    6.183  666.007
 887500.000    6.173  667.091
 888000.000    5.891  699.074
 888500.000    6.052  680.503
 889000.000    6.237  660.283
 889500.000    6.153  669.260
 890000.000    5.981  688.577
 890500.000    6.059  679.657
 891000.000    6.104  674.673
 891500.000    6.350  648.497
 892000.000    6.103  674.763
 892500.000    6.139  670.773
 893000.000    5.894  698.721
 893500.000    6.119  673.021
 894000.000    6.188  665.537
 894500.000    6.219  662.204
 895000.000    6.203  663.842
 895500.000    5.917  695.990
 896000.000    6.167  667.819
 896500.000    6.150  669.627
 897000.000    6.068  678.667
 897500.000    6.188  665.485
 898000.000    6.399  643.544
 898500.000    6.190  665.340
 899000.000    6.271  656.724
 899500.000    6.582  625.648
 900000.000    6.347  648.876
 900500.000    6.228  661.209
 901000.000    6.055  680.078
 901500.000    6.288  654.958
 902000.000    6.131  671.642
 902500.000    6.082  677.143
 903000.000    5.997  686.644
 903500.000    6.203  663.941
 904000.000    6.068  678.678
 904500.000    6.153  669.283
 905000.000    6.210  663.136
 905500.000    6.157  668.822
 906000.000    6.184  665.920
 906500.000    5.973  689.499
 907000.000    6.283  655.471
 907500.000    6.302  653.506
 908000.000    6.142  670.492
 908500.000    6.379  645.535
 909000.000    6.115  673.458
 909500.000    6.318  651.759
 910000.000    6.115  673.472
 910500.000    6.097  675.471
 911000.000    6.269  656.883
 911500.000    6.320  651.630
 912000.000    6.336  649.921
 912500.000    6.233  660.731
 913000.000    6.049  680.776
 913500.000    6.147  669.918
 914000.000    6.273  656.440
 914500.000    6.176  666.836
 915000.000    6.293  654.354
 915500.000    6.125  672.326
 916000.000    6.320  651.633
 916500.000    6.239  660.109
 917000.000    6.064  679.110
 917500.000    6.254  658.455
 918000.000    5.998  686.555
 918500.000    6.025  683.480
 919000.000    6.137  671.066
 919500.000    6.124  672.490
 920000.000    6.219  662.191
 920500.000    6.488  634.723
 921000.000    6.270  656.787
 921500.000    6.088  676.389
 922000.000    6.169  667.505
 922500.000    6.234  660.611
 923000.000    6.285  655.252
 923500.000    6.138  670.931
 924000.000    6.120  672.875
 924500.000    6.053  680.353
 925000.000    6.084  676.917
 925500.000    6.208  663.392
 926000.000    6.033  682.591
 926500.000    6.131  671.742
 927000.000    5.946  692.617
 927500.000    6.106  674.488
 928000.000    6.096  675.571
 928500.000    6.235  660.438
 929000.000    6.148  669.869
 929500.000    6.173  667.070
 930000.000    6.222  661.911
 930500.000    6.236  660.343
 931000.000    6.254  658.442
 931500.000    6.180  666.375
 932000.000    6.314  652.218
 932500.000    6.083  676.942
 933000.000    6.167  667.719
 933500.000    6.085  676.814
 934000.000    6.136  671.102
 934500.000    6.168  667.611
 935000.000    6.114  673.552
 935500.000    6.266  657.267
 936000.000    6.413  642.148
 936500.000    6.240  659.916
 937000.000    6.334  650.212
 937500.000    6.089  676.326
 938000.000    6.201  664.060
 938500.000    6.114  673.600
 939000.000    6.051  680.549
 939500.000    6.210  663.116
 940000.000    6.119  672.999
 940500.000    6.219  662.141
 941000.000    6.015  684.650
 941500.000    6.233  660.705
 942000.000    6.361  647.366
 942500.000    6.155  669.084
 943000.000    6.288  654.879
 943500.000    6.067  678.796
 944000.000    6.159  668.602
 944500.000    6.343  649.280
 945000.000    6.299  653.824
 945500.000    6.276  656.210
 946000.000    6.418  641.650
 946500.000    6.241  659.902
 947000.000    6.251  658.826
 947500.000    6.111  673.882
 948000.000    6.305  653.122
 948500.000    6.168  667.691
 949000.000    6.105  674.559
 949500.000    6.067  678.741
 950000.000    6.287  655.028
 950500.000    6.127  672.140
 951000.000    6.124  672.435
 951500.000    6.204  663.780
 952000.000    6.550  628.708
 952500.000    6.260  657.851
 953000.000    6.269  656.927
 953500.000    6.180  666.413
 954000.000    6.290  654.673
 954500.000    6.443  639.208
 955000.000    6.227  661.335
 955500.000    6.361  647.366
 956000.000    6.197  664.514
 956500.000    6.112  673.812
 957000.000    6.051  680.584
 957500.000    6.280  655.751
 958000.000    6.151  669.536
 958500.000    6.169  667.500
 959000.000    6.435  639.948
 959500.000    6.469  636.601
 960000.000    6.306  653.053
 960500.000    6.323  651.271
 961000.000    6.201  664.158
 961500.000    6.441  639.388
 962000.000    6.438  639.676
 962500.000    6.583  625.582
 963000.000    6.493  634.202
 963500.000    6.161  668.439
 964000.000    6.321  651.519
 964500.000    6.246  659.343
 965000.000    6.096  675.556
 965500.000    6.100  675.132
 966000.000    6.195  664.768
 966500.000    6.233  660.655
 967000.000    6.133  671.440
 967500.000    6.220  662.048
 968000.000    6.126  672.195
 968500.000    6.375  646.000
 969000.000    6.027  683.335
 969500.000    6.288  654.885
 970000.000    5.999  686.412
 970500.000    6.215  662.632
 971000.000    6.046  681.127
 971500.000    6.188  665.483
 972000.000    6.129  671.905
 972500.000    6.166  667.879
 973000.000    5.940  693.251
 973500.000    6.431  640.372
 974000.000    6.245  659.423
 974500.000    6.338  649.786
 975000.000    6.260  657.850
 975500.000    6.052  680.456
 976000.000    6.085  676.789
 976500.000    6.338  649.729
 977000.000    6.271  656.693
 977500.000    6.435  639.913
 978000.000    6.261  657.787
 978500.000    6.168  667.622
 979000.000    6.286  655.163
 979500.000    6.322  651.396
 980000.000    6.300  653.706
 980500.000    6.126  672.231
 981000.000    6.294  654.262
 981500.000    6.005  685.825
 982000.000    6.542  629.505
 982500.000    6.553  628.409
 983000.000    6.293  654.443
 983500.000    6.393  644.112
 984000.000    6.507  632.894
 984500.000    6.386  644.819
 985000.000    6.343  649.202
 985500.000    6.407  642.790
 986000.000    6.217  662.397
 986500.000    6.383  645.145
 987000.000    6.135  671.294
 987500.000    6.079  677.475
 988000.000    6.158  668.726
 988500.000    6.127  672.076
 989000.000    6.011  685.104
 989500.000    6.371  646.380
 990000.000    6.295  654.185
 990500.000    6.325  651.094
 991000.000    6.235  660.511
 991500.000    6.294  654.341
 992000.000    6.161  668.422
 992500.000    6.246  659.330
 993000.000    6.084  676.878
 993500.000    6.194  664.829
 994000.000    6.418  641.678
 994500.000    6.668  617.626
 995000.000    6.427  640.781
 995500.000    6.207  663.509
 996000.000    6.134  671.348
 996500.000    6.454  638.105
 997000.000    6.010  685.166
 997500.000    6.432  640.280
 998000.000    6.274  656.392
 998500.000    6.213  662.844
 999000.000    6.303  653.315
 999500.000    6.236  660.387
1000000.000    6.392  644.218
