BFII_lipid
""
WAVELENGTH	FLUORESCENCE
300.0	103.79959869384766
300.5	110.74417114257812
301.0	118.54326629638672
301.5	125.93695068359375
302.0	136.8811492919922
302.5	149.31678771972656
303.0	161.3309326171875
303.5	174.92063903808594
304.0	187.7543487548828
304.5	202.4249725341797
305.0	219.61431884765625
305.5	232.97181701660156
306.0	251.57186889648438
306.5	265.9389953613281
307.0	285.8215026855469
307.5	301.45098876953125
308.0	323.3409423828125
308.5	344.2644348144531
309.0	363.592041015625
309.5	385.85833740234375
310.0	406.3685302734375
310.5	427.72900390625
311.0	451.8432312011719
311.5	474.6131896972656
312.0	500.3782653808594
312.5	524.1095581054688
313.0	550.1444091796875
313.5	575.6116333007812
314.0	604.2846069335938
314.5	635.9234619140625
315.0	660.1805419921875
315.5	693.03173828125
316.0	718.26904296875
316.5	751.9072875976562
317.0	783.9567260742188
317.5	813.6130981445312
318.0	842.974365234375
318.5	875.6453247070312
319.0	906.0123291015625
319.5	939.8557739257812
320.0	970.9671630859375
320.5	1004.9530029296875
321.0	1043.3583984375
321.5	1072.1339111328125
322.0	1111.0726318359375
322.5	1140.9766845703125
323.0	1179.882080078125
323.5	1216.2894287109375
324.0	1249.6995849609375
324.5	1283.471435546875
325.0	1320.630859375
325.5	1354.614990234375
326.0	1391.9227294921875
326.5	1425.70361328125
327.0	1462.7296142578125
327.5	1503.208740234375
328.0	1533.4178466796875
328.5	1573.941650390625
329.0	1603.8770751953125
329.5	1643.1632080078125
330.0	1676.236572265625
330.5	1712.66455078125
331.0	1745.7861328125
331.5	1781.09326171875
332.0	1812.38671875
332.5	1846.385498046875
333.0	1882.551513671875
333.5	1909.8846435546875
334.0	1946.6632080078125
334.5	1975.994140625
335.0	2007.662109375
335.5	2035.1815185546875
336.0	2065.369873046875
336.5	2091.733642578125
337.0	2120.431884765625
337.5	2150.887451171875
338.0	2173.02001953125
338.5	2201.670166015625
339.0	2224.46533203125
339.5	2249.16064453125
340.0	2270.792236328125
340.5	2293.91748046875
341.0	2314.852294921875
341.5	2337.09765625
342.0	2359.571044921875
342.5	2376.423828125
343.0	2397.41064453125
343.5	2413.43896484375
344.0	2430.400146484375
344.5	2444.67236328125
345.0	2459.636474609375
345.5	2473.16796875
346.0	2487.091064453125
346.5	2500.739990234375
347.0	2512.4912109375
347.5	2524.41162109375
348.0	2533.271728515625
348.5	2542.8427734375
349.0	2550.27099609375
349.5	2557.8486328125
350.0	2565.7939453125
350.5	2572.169189453125
351.0	2578.265625
351.5	2581.86865234375
352.0	2584.60595703125
352.5	2587.413330078125
353.0	2589.47265625
353.5	2590.872802734375
354.0	2592.638671875
354.5	2593.350830078125
355.0	2593.8349609375
355.5	2593.079345703125
356.0	2592.171142578125
356.5	2590.499267578125
357.0	2587.146240234375
357.5	2583.728271484375
358.0	2579.27978515625
358.5	2574.588623046875
359.0	2569.8515625
359.5	2564.211181640625
360.0	2558.644287109375
360.5	2550.733642578125
361.0	2543.990478515625
361.5	2536.18408203125
362.0	2527.4951171875
362.5	2519.604248046875
363.0	2509.964599609375
363.5	2500.1640625
364.0	2489.447509765625
364.5	2479.45751953125
365.0	2465.024658203125
365.5	2452.49658203125
366.0	2441.091552734375
366.5	2427.021484375
367.0	2414.394775390625
367.5	2397.90087890625
368.0	2381.75390625
368.5	2366.55517578125
369.0	2349.870361328125
369.5	2334.09375
370.0	2316.587890625
370.5	2300.20703125
371.0	2280.482177734375
371.5	2261.7734375
372.0	2243.959228515625
372.5	2224.359619140625
373.0	2205.511962890625
373.5	2182.666015625
374.0	2161.3349609375
374.5	2141.93359375
375.0	2120.84619140625
375.5	2101.1318359375
376.0	2077.40087890625
376.5	2054.517578125
377.0	2033.8258056640625
377.5	2010.8642578125
378.0	1989.67822265625
378.5	1964.3726806640625
379.0	1940.677734375
379.5	1918.68896484375
380.0	1895.24951171875
380.5	1873.6878662109375
381.0	1847.507568359375
381.5	1823.4971923828125
382.0	1801.501953125
382.5	1777.1473388671875
383.0	1755.8817138671875
383.5	1728.945068359375
384.0	1704.7900390625
384.5	1683.0052490234375
385.0	1659.2640380859375
385.5	1637.9755859375
386.0	1611.88134765625
386.5	1588.2257080078125
387.0	1566.9560546875
387.5	1543.01708984375
388.0	1521.6307373046875
388.5	1496.2314453125
389.0	1472.79931640625
389.5	1451.8651123046875
390.0	1426.572509765625
390.5	1407.2294921875
391.0	1382.700439453125
391.5	1360.107666015625
392.0	1339.613525390625
392.5	1315.59326171875
393.0	1297.7857666015625
393.5	1273.8660888671875
394.0	1252.07568359375
394.5	1232.47021484375
395.0	1208.6055908203125
395.5	1187.5499267578125
396.0	1168.691162109375
396.5	1145.8834228515625
397.0	1128.9246826171875
397.5	1107.2017822265625
398.0	1087.0888671875
398.5	1069.1888427734375
399.0	1047.5743408203125
399.5	1028.55322265625
400.0	1011.3340454101562
400.5	993.7291870117188
401.0	974.6637573242188
401.5	955.34375
402.0	937.322265625
402.5	921.2899780273438
403.0	901.550048828125
403.5	884.1683349609375
404.0	868.8267211914062
404.5	853.8441162109375
405.0	837.599609375
405.5	820.1449584960938
406.0	805.237060546875
406.5	789.0011596679688
407.0	771.7433471679688
407.5	756.4454956054688
408.0	742.8905639648438
408.5	726.570556640625
409.0	714.7315063476562
409.5	699.2822875976562
410.0	686.3571166992188
410.5	672.3546752929688
411.0	657.1893310546875
411.5	645.1925659179688
412.0	632.1591186523438
412.5	617.9537963867188
413.0	605.5271606445312
413.5	594.3590087890625
414.0	580.7924194335938
414.5	571.0501708984375
415.0	558.1939697265625
415.5	547.5762939453125
416.0	536.1089477539062
416.5	523.9347534179688
417.0	514.0565185546875
417.5	503.1749267578125
418.0	491.6400146484375
418.5	481.9240417480469
419.0	471.42791748046875
419.5	460.1529235839844
420.0	450.16375732421875
420.5	441.3762512207031
421.0	430.9056701660156
421.5	423.22332763671875
422.0	413.451416015625
422.5	403.7184753417969
423.0	396.6009521484375
423.5	387.3870849609375
424.0	379.73870849609375
424.5	371.4518737792969
425.0	362.6217041015625
425.5	355.28167724609375
426.0	347.6826171875
426.5	339.1642150878906
427.0	332.3575439453125
427.5	324.908203125
428.0	317.006591796875
428.5	310.82904052734375
429.0	304.07794189453125
429.5	296.8001708984375
430.0	290.6680908203125
430.5	284.1347351074219
431.0	277.0892028808594
431.5	271.5705261230469
432.0	265.49261474609375
432.5	259.0336608886719
433.0	254.0062255859375
433.5	248.220947265625
434.0	242.08016967773438
434.5	237.03823852539062
435.0	231.8198699951172
435.5	226.20045471191406
436.0	221.77796936035156
436.5	216.82342529296875
437.0	211.61097717285156
437.5	207.23182678222656
438.0	202.47593688964844
438.5	197.71839904785156
439.0	193.57041931152344
439.5	188.95794677734375
440.0	184.26412963867188
440.5	180.29209899902344
441.0	176.14967346191406
441.5	171.74856567382812
442.0	168.355712890625
442.5	164.6468505859375
443.0	160.731689453125
443.5	157.5161895751953
444.0	153.91221618652344
444.5	150.1487579345703
445.0	146.376220703125
445.5	143.17337036132812
446.0	139.8110809326172
446.5	136.3096466064453
447.0	133.39276123046875
447.5	130.20339965820312
448.0	126.92919158935547
448.5	124.26585388183594
449.0	121.3607177734375
449.5	118.27796173095703
450.0	115.6468734741211
