BFII_nolipid
""
WAVELENGTH	FLUORESCENCE
300.0	70.8958740234375
300.5	76.05201721191406
301.0	81.76522827148438
301.5	86.99331665039062
302.0	94.47581481933594
302.5	103.23477172851562
303.0	111.5233383178711
303.5	121.00860595703125
304.0	130.22335815429688
304.5	140.6000518798828
305.0	152.48309326171875
305.5	161.6519012451172
306.0	174.30514526367188
306.5	184.34898376464844
307.0	197.79913330078125
307.5	208.73184204101562
308.0	223.88938903808594
308.5	238.207275390625
309.0	251.87486267089844
309.5	267.2095031738281
310.0	281.4772033691406
310.5	296.4883728027344
311.0	313.78900146484375
311.5	329.8980407714844
312.0	348.3720397949219
312.5	365.61224365234375
313.0	384.95062255859375
313.5	402.655029296875
314.0	422.686279296875
314.5	445.0885009765625
315.0	462.4546203613281
315.5	485.7710876464844
316.0	503.5379333496094
316.5	527.7713012695312
317.0	550.6895751953125
317.5	572.007080078125
318.0	593.030517578125
318.5	616.7132568359375
319.0	638.538330078125
319.5	662.8495483398438
320.0	685.2003784179688
320.5	710.3629150390625
321.0	737.8717041015625
321.5	758.8741455078125
322.0	787.1142578125
322.5	808.3695068359375
323.0	837.274658203125
323.5	864.3728637695312
324.0	889.3455200195312
324.5	914.5206298828125
325.0	942.1295166015625
325.5	967.382568359375
326.0	994.720703125
326.5	1020.088134765625
327.0	1048.05810546875
327.5	1078.501220703125
328.0	1102.020751953125
328.5	1133.017822265625
329.0	1155.45458984375
329.5	1185.311767578125
330.0	1210.1239013671875
330.5	1237.5174560546875
331.0	1261.442138671875
331.5	1288.5921630859375
332.0	1312.213134765625
332.5	1338.4014892578125
333.0	1366.1112060546875
333.5	1386.64501953125
334.0	1413.7598876953125
334.5	1435.740478515625
335.0	1459.845947265625
335.5	1480.6705322265625
336.0	1504.0484619140625
336.5	1524.68408203125
337.0	1547.0548095703125
337.5	1570.01611328125
338.0	1587.115478515625
338.5	1609.6077880859375
339.0	1627.65185546875
339.5	1646.765625
340.0	1664.423828125
340.5	1683.1195068359375
341.0	1699.302978515625
341.5	1716.1834716796875
342.0	1734.06982421875
342.5	1747.0633544921875
343.0	1763.9366455078125
343.5	1777.1009521484375
344.0	1791.1453857421875
344.5	1803.3128662109375
345.0	1815.9464111328125
345.5	1826.81591796875
346.0	1837.9468994140625
346.5	1849.573486328125
347.0	1858.51220703125
347.5	1867.931640625
348.0	1875.490478515625
348.5	1882.8297119140625
349.0	1889.743896484375
349.5	1896.628173828125
350.0	1903.6689453125
350.5	1908.62158203125
351.0	1914.2081298828125
351.5	1918.30078125
352.0	1922.7698974609375
352.5	1926.2872314453125
353.0	1929.3548583984375
353.5	1931.5391845703125
354.0	1933.765869140625
354.5	1934.5877685546875
355.0	1935.072021484375
355.5	1935.7186279296875
356.0	1935.528076171875
356.5	1933.9730224609375
357.0	1933.23291015625
357.5	1932.113525390625
358.0	1928.688720703125
358.5	1925.9652099609375
359.0	1923.1326904296875
359.5	1919.7313232421875
360.0	1915.6256103515625
360.5	1910.8345947265625
361.0	1906.1456298828125
361.5	1899.68017578125
362.0	1893.526611328125
362.5	1887.4410400390625
363.0	1880.691162109375
363.5	1874.2366943359375
364.0	1866.858642578125
364.5	1859.5169677734375
365.0	1850.8583984375
365.5	1841.7218017578125
366.0	1833.481689453125
366.5	1823.990234375
367.0	1814.5909423828125
367.5	1803.0390625
368.0	1791.9798583984375
368.5	1781.291748046875
369.0	1769.022705078125
369.5	1757.6873779296875
370.0	1744.691650390625
370.5	1732.8189697265625
371.0	1717.928466796875
371.5	1704.015869140625
372.0	1690.9112548828125
372.5	1676.7708740234375
373.0	1663.41162109375
373.5	1647.2176513671875
374.0	1631.59716796875
374.5	1617.2349853515625
375.0	1601.0592041015625
375.5	1586.6181640625
376.0	1569.123779296875
376.5	1552.58056640625
377.0	1536.9041748046875
377.5	1519.81396484375
378.0	1504.67724609375
378.5	1486.3446044921875
379.0	1469.3067626953125
379.5	1454.143310546875
380.0	1436.7012939453125
380.5	1420.2908935546875
381.0	1401.13037109375
381.5	1383.147705078125
382.0	1366.3507080078125
382.5	1347.6773681640625
383.0	1331.6790771484375
383.5	1312.2965087890625
384.0	1294.47705078125
384.5	1278.0694580078125
385.0	1259.5938720703125
385.5	1243.16162109375
386.0	1223.645751953125
386.5	1205.8232421875
387.0	1189.375
387.5	1172.041748046875
388.0	1156.24658203125
388.5	1136.8857421875
389.0	1119.371337890625
389.5	1103.559326171875
390.0	1084.99365234375
390.5	1070.833740234375
391.0	1052.3624267578125
391.5	1035.505859375
392.0	1020.5818481445312
392.5	1002.4430541992188
393.0	988.6918334960938
393.5	970.994384765625
394.0	954.783203125
394.5	940.0895385742188
395.0	923.318603515625
395.5	907.197509765625
396.0	892.5278930664062
396.5	874.947998046875
397.0	862.0160522460938
397.5	845.4085083007812
398.0	830.752197265625
398.5	817.1763305664062
399.0	800.41748046875
399.5	785.8399658203125
400.0	772.95166015625
400.5	759.5531005859375
401.0	744.9314575195312
401.5	729.7478637695312
402.0	716.4170532226562
402.5	704.3077392578125
403.0	690.2875366210938
403.5	677.0917358398438
404.0	665.0633544921875
404.5	653.7105712890625
405.0	640.8395385742188
405.5	627.0576782226562
406.0	615.6150512695312
406.5	603.4154052734375
407.0	590.2888793945312
407.5	578.5746459960938
408.0	568.2650146484375
408.5	555.5068969726562
409.0	546.4603271484375
409.5	534.458740234375
410.0	525.0145874023438
410.5	514.625
411.0	503.3287658691406
411.5	493.5827941894531
412.0	483.5352478027344
412.5	472.3936767578125
413.0	462.56231689453125
413.5	453.9184875488281
414.0	444.1325378417969
414.5	436.51104736328125
415.0	426.6495056152344
415.5	418.4120788574219
416.0	409.6676940917969
416.5	400.4560241699219
417.0	393.0335998535156
417.5	385.0184326171875
418.0	376.2142333984375
418.5	369.32769775390625
419.0	361.50445556640625
419.5	353.0096740722656
420.0	345.6598815917969
420.5	339.2054748535156
421.0	331.6343994140625
421.5	325.9008483886719
422.0	317.97265625
422.5	310.5137634277344
423.0	305.3265075683594
423.5	298.3825378417969
424.0	292.7056884765625
424.5	286.44940185546875
425.0	279.869384765625
425.5	274.06903076171875
426.0	268.16241455078125
426.5	261.9506530761719
427.0	256.7700500488281
427.5	251.0534210205078
428.0	244.99014282226562
428.5	240.12783813476562
429.0	235.01626586914062
429.5	229.3321075439453
430.0	225.034423828125
430.5	220.04380798339844
431.0	214.8147735595703
431.5	210.4216766357422
432.0	205.80184936523438
432.5	200.75086975097656
433.0	196.66896057128906
433.5	192.3721160888672
434.0	187.72915649414062
434.5	183.94642639160156
435.0	179.79428100585938
435.5	175.5133056640625
436.0	171.80906677246094
436.5	167.92005920410156
437.0	163.73980712890625
437.5	160.44882202148438
438.0	156.8619842529297
438.5	152.85342407226562
439.0	149.73765563964844
439.5	146.63906860351562
440.0	143.08584594726562
440.5	140.08065795898438
441.0	136.94674682617188
441.5	133.61643981933594
442.0	130.78565979003906
442.5	127.92749786376953
443.0	124.89836120605469
443.5	122.39009857177734
444.0	119.51632690429688
444.5	116.56271362304688
445.0	113.5130615234375
445.5	111.06275177001953
446.0	108.43299102783203
446.5	105.63765716552734
447.0	103.42889404296875
447.5	100.85993957519531
448.0	98.56574249267578
448.5	96.70112609863281
449.0	94.59394073486328
449.5	92.34514617919922
450.0	90.3825912475586
