      43    1.481    0.114
      44    2.137    0.126
      45    0.979    0.094
      46    0.627    0.182
      47    1.235    0.257
      48    0.763    0.147
      49    0.525    0.166
      50    1.237    0.351
      51    0.816    0.250
      52    1.935    0.262
      53    0.972    0.145
      54    1.584    0.265
      55    0.544    0.147
      56    1.511    0.511
      57    1.234    0.206
      58    1.684    0.208
      59    1.745    0.281
      60    1.396    0.115
      61    1.463    0.260
      62    2.025    0.161
      63    2.791    0.189
