      22    2.133    0.135
      23    2.011    0.266
      24    0.985    0.116
      25    0.812    0.121
      26    1.881    0.294
      27    1.498    0.130
      28    0.550    0.084
      29    1.730    0.161
      30    0.986    0.179
      31    1.675    0.147
      32    1.157    0.113
      33    0.489    0.147
      34    0.400    0.074
      35    2.171    0.144
      36    1.100    0.136
      37    1.255    0.195
      38    1.063    0.168
      39    1.497    0.134
      40    1.320    0.222
      41    2.119    0.410
      42    2.686    0.244
