 750000.000   27.990
 750500.000   29.231
 751000.000   28.469
 751500.000   28.219
 752000.000   28.952
 752500.000   29.239
 753000.000   28.537
 753500.000   28.460
 754000.000   28.384
 754500.000   28.335
 755000.000   29.351
 755500.000   29.589
 756000.000   28.654
 756500.000   28.985
 757000.000   29.674
 757500.000   28.407
 758000.000   28.370
 758500.000   28.746
 759000.000   28.555
 759500.000   28.625
 760000.000   27.948
 760500.000   29.070
 761000.000   27.667
 761500.000   28.680
 762000.000   27.529
 762500.000   28.444
 763000.000   28.579
 763500.000   28.154
 764000.000   29.020
 764500.000   28.607
 765000.000   28.271
 765500.000   28.833
 766000.000   28.434
 766500.000   29.909
 767000.000   28.569
 767500.000   29.358
 768000.000   28.495
 768500.000   29.002
 769000.000   28.334
 769500.000   29.329
 770000.000   28.848
 770500.000   28.489
 771000.000   29.668
 771500.000   29.246
 772000.000   28.527
 772500.000   29.395
 773000.000   28.820
 773500.000   29.214
 774000.000   28.722
 774500.000   28.584
 775000.000   28.359
 775500.000   28.473
 776000.000   29.402
 776500.000   29.222
 777000.000   29.037
 777500.000   29.005
 778000.000   29.307
 778500.000   29.303
 779000.000   28.721
 779500.000   28.136
 780000.000   28.397
 780500.000   29.060
 781000.000   28.734
 781500.000   28.976
 782000.000   28.585
 782500.000   29.066
 783000.000   29.064
 783500.000   28.654
 784000.000   29.071
 784500.000   28.836
 785000.000   29.325
 785500.000   28.881
 786000.000   28.533
 786500.000   29.390
 787000.000   28.696
 787500.000   28.518
 788000.000   28.842
 788500.000   28.902
 789000.000   28.973
 789500.000   29.694
 790000.000   28.437
 790500.000   28.879
 791000.000   28.965
 791500.000   28.265
 792000.000   28.100
 792500.000   28.478
 793000.000   28.992
 793500.000   28.743
 794000.000   28.238
 794500.000   27.663
 795000.000   28.827
 795500.000   27.583
 796000.000   28.814
 796500.000   29.619
 797000.000   29.246
 797500.000   29.189
 798000.000   28.503
 798500.000   30.110
 799000.000   28.869
 799500.000   29.294
 800000.000   29.133
 800500.000   28.693
 801000.000   28.026
 801500.000   28.861
 802000.000   28.321
 802500.000   29.381
 803000.000   28.131
 803500.000   28.009
 804000.000   28.091
 804500.000   28.856
 805000.000   28.166
 805500.000   28.713
 806000.000   28.969
 806500.000   27.717
 807000.000   28.095
 807500.000   29.056
 808000.000   28.860
 808500.000   28.858
 809000.000   27.483
 809500.000   28.715
 810000.000   27.601
 810500.000   27.986
 811000.000   28.513
 811500.000   27.591
 812000.000   27.630
 812500.000   28.302
 813000.000   27.759
 813500.000   26.946
 814000.000   28.604
 814500.000   27.372
 815000.000   27.823
 815500.000   28.405
 816000.000   26.979
 816500.000   27.205
 817000.000   27.411
 817500.000   27.524
 818000.000   27.371
 818500.000   26.671
 819000.000   28.583
 819500.000   27.606
 820000.000   27.791
 820500.000   26.740
 821000.000   27.296
 821500.000   27.710
 822000.000   27.813
 822500.000   27.353
 823000.000   27.593
 823500.000   27.145
 824000.000   28.516
 824500.000   27.848
 825000.000   26.684
 825500.000   27.668
 826000.000   27.564
 826500.000   27.970
 827000.000   28.742
 827500.000   27.183
 828000.000   27.964
 828500.000   27.389
 829000.000   27.226
 829500.000   28.156
 830000.000   27.676
 830500.000   28.056
 831000.000   27.298
 831500.000   27.038
 832000.000   26.256
 832500.000   26.623
 833000.000   26.985
 833500.000   27.842
 834000.000   27.786
 834500.000   27.791
 835000.000   27.400
 835500.000   27.898
 836000.000   27.688
 836500.000   27.037
 837000.000   27.673
 837500.000   26.929
 838000.000   27.525
 838500.000   27.466
 839000.000   27.875
 839500.000   27.275
 840000.000   26.320
 840500.000   27.256
 841000.000   27.549
 841500.000   28.520
 842000.000   27.283
 842500.000   27.509
 843000.000   28.238
 843500.000   28.625
 844000.000   28.030
 844500.000   27.612
 845000.000   27.554
 845500.000   28.374
 846000.000   28.577
 846500.000   28.198
 847000.000   28.114
 847500.000   28.417
 848000.000   27.822
 848500.000   27.101
 849000.000   27.464
 849500.000   27.403
 850000.000   28.225
 850500.000   27.275
 851000.000   28.695
 851500.000   27.227
 852000.000   28.748
 852500.000   28.188
 853000.000   27.651
 853500.000   28.235
 854000.000   28.252
 854500.000   27.604
 855000.000   27.985
 855500.000   28.404
 856000.000   27.672
 856500.000   27.810
 857000.000   27.500
 857500.000   27.967
 858000.000   27.099
 858500.000   27.594
 859000.000   27.345
 859500.000   28.084
 860000.000   27.077
 860500.000   28.000
 861000.000   27.153
 861500.000   28.473
 862000.000   28.444
 862500.000   27.671
 863000.000   27.537
 863500.000   28.685
 864000.000   26.933
 864500.000   26.884
 865000.000   27.465
 865500.000   27.355
 866000.000   27.891
 866500.000   27.732
 867000.000   27.463
 867500.000   27.922
 868000.000   26.940
 868500.000   27.125
 869000.000   27.562
 869500.000   26.591
 870000.000   26.524
 870500.000   26.703
 871000.000   27.609
 871500.000   27.393
 872000.000   27.430
 872500.000   27.047
 873000.000   27.098
 873500.000   27.679
 874000.000   27.141
 874500.000   27.298
 875000.000   26.508
 875500.000   26.506
 876000.000   26.862
 876500.000   28.367
 877000.000   26.988
 877500.000   26.952
 878000.000   26.903
 878500.000   27.264
 879000.000   27.103
 879500.000   26.521
 880000.000   27.057
 880500.000   27.613
 881000.000   26.684
 881500.000   28.336
 882000.000   26.988
 882500.000   26.911
 883000.000   27.759
 883500.000   26.822
 884000.000   26.699
 884500.000   26.660
 885000.000   27.331
 885500.000   27.194
 886000.000   27.252
 886500.000   28.147
 887000.000   28.204
 887500.000   27.961
 888000.000   27.208
 888500.000   25.585
 889000.000   26.094
 889500.000   27.008
 890000.000   26.415
 890500.000   25.717
 891000.000   26.149
 891500.000   26.205
 892000.000   24.591
 892500.000   25.690
 893000.000   25.062
 893500.000   25.677
 894000.000   25.892
 894500.000   26.089
 895000.000   25.733
 895500.000   27.168
 896000.000   26.135
 896500.000   25.325
 897000.000   25.705
 897500.000   25.218
 898000.000   25.935
 898500.000   24.295
 899000.000   25.724
 899500.000   26.551
 900000.000   26.156
 900500.000   26.537
 901000.000   27.560
 901500.000   26.180
 902000.000   26.276
 902500.000   27.625
 903000.000   25.214
 903500.000   25.470
 904000.000   24.996
 904500.000   25.653
 905000.000   25.004
 905500.000   26.212
 906000.000   25.274
 906500.000   24.490
 907000.000   25.764
 907500.000   26.732
 908000.000   26.891
 908500.000   25.683
 909000.000   25.573
 909500.000   25.789
 910000.000   25.909
 910500.000   25.217
 911000.000   25.507
 911500.000   26.481
 912000.000   25.607
 912500.000   25.950
 913000.000   25.578
 913500.000   25.080
 914000.000   25.268
 914500.000   25.523
 915000.000   25.949
 915500.000   25.896
 916000.000   24.779
 916500.000   25.215
 917000.000   24.756
 917500.000   25.859
 918000.000   26.169
 918500.000   24.199
 919000.000   25.908
 919500.000   25.001
 920000.000   25.756
 920500.000   25.379
 921000.000   26.168
 921500.000   26.018
 922000.000   26.178
 922500.000   25.880
 923000.000   26.136
 923500.000   25.818
 924000.000   26.150
 924500.000   26.028
 925000.000   26.419
 925500.000   25.633
 926000.000   26.035
 926500.000   25.929
 927000.000   26.759
 927500.000   26.419
 928000.000   26.204
 928500.000   25.536
 929000.000   26.396
 929500.000   26.194
 930000.000   25.910
 930500.000   25.535
 931000.000   25.916
 931500.000   25.648
 932000.000   26.046
 932500.000   26.268
 933000.000   26.029
 933500.000   26.205
 934000.000   25.888
 934500.000   26.648
 935000.000   26.705
 935500.000   25.083
 936000.000   26.667
 936500.000   26.407
 937000.000   25.728
 937500.000   25.814
 938000.000   25.719
 938500.000   26.245
 939000.000   26.635
 939500.000   26.497
 940000.000   25.477
 940500.000   26.049
 941000.000   25.330
 941500.000   26.675
 942000.000   26.540
 942500.000   25.886
 943000.000   25.962
 943500.000   24.405
 944000.000   25.799
 944500.000   25.597
 945000.000   25.120
 945500.000   26.031
 946000.000   24.475
 946500.000   25.425
 947000.000   25.555
 947500.000   25.423
 948000.000   24.921
 948500.000   25.315
 949000.000   24.990
 949500.000   25.372
 950000.000   24.920
 950500.000   25.024
 951000.000   24.695
 951500.000   25.441
 952000.000   25.571
 952500.000   26.992
 953000.000   26.011
 953500.000   25.964
 954000.000   25.968
 954500.000   24.791
 955000.000   25.857
 955500.000   25.575
 956000.000   24.434
 956500.000   24.977
 957000.000   25.369
 957500.000   26.405
 958000.000   25.425
 958500.000   25.550
 959000.000   25.960
 959500.000   26.119
 960000.000   25.792
 960500.000   25.433
 961000.000   25.652
 961500.000   24.847
 962000.000   26.716
 962500.000   25.361
 963000.000   25.928
 963500.000   26.108
 964000.000   25.351
 964500.000   24.786
 965000.000   25.215
 965500.000   25.857
 966000.000   26.274
 966500.000   25.482
 967000.000   26.089
 967500.000   25.747
 968000.000   25.885
 968500.000   26.454
 969000.000   25.627
 969500.000   25.614
 970000.000   25.371
 970500.000   26.047
 971000.000   25.632
 971500.000   25.097
 972000.000   24.981
 972500.000   26.395
 973000.000   26.114
 973500.000   25.938
 974000.000   26.042
 974500.000   24.659
 975000.000   26.776
 975500.000   25.334
 976000.000   24.936
 976500.000   25.439
 977000.000   25.660
 977500.000   25.945
 978000.000   25.928
 978500.000   24.911
 979000.000   25.546
 979500.000   26.250
 980000.000   26.894
 980500.000   26.043
 981000.000   26.059
 981500.000   26.161
 982000.000   26.504
 982500.000   27.063
 983000.000   26.408
 983500.000   26.272
 984000.000   25.930
 984500.000   26.013
 985000.000   25.146
 985500.000   26.513
 986000.000   26.883
 986500.000   26.267
 987000.000   25.183
 987500.000   24.482
 988000.000   25.073
 988500.000   25.165
 989000.000   24.555
 989500.000   24.629
 990000.000   24.630
 990500.000   25.334
 991000.000   24.206
 991500.000   24.925
 992000.000   25.297
 992500.000   24.209
 993000.000   24.240
 993500.000   24.543
 994000.000   25.566
 994500.000   25.608
 995000.000   25.075
 995500.000   24.739
 996000.000   24.703
 996500.000   25.630
 997000.000   25.450
 997500.000   25.554
 998000.000   25.075
 998500.000   24.996
 999000.000   25.667
 999500.000   25.005
1000000.000   25.590
