 750000.000 1.120570 0.518339 1.074350 1.043290
 750500.000 1.065714 0.498042 1.012650 0.998992
 751000.000 1.081185 0.493737 1.027659 1.018854
 751500.000 1.073915 0.518247 1.023885 0.994820
 752000.000 1.067047 0.524947 1.009781 0.990935
 752500.000 1.047263 0.504038 0.993450 0.975973
 753000.000 1.067754 0.518009 1.010027 0.995845
 753500.000 1.041808 0.528336 0.988867 0.955892
 754000.000 1.060550 0.581051 0.991711 0.963548
 754500.000 1.041601 0.542646 0.985736 0.950645
 755000.000 1.055796 0.578360 0.988598 0.957905
 755500.000 1.027319 0.602431 0.934343 0.935334
 756000.000 1.057314 0.563408 0.971265 0.987442
 756500.000 1.066092 0.570352 0.978512 0.995148
 757000.000 1.069920 0.571804 0.987260 0.993889
 757500.000 1.076932 0.549054 1.006950 1.002076
 758000.000 1.073732 0.561577 0.994302 1.000898
 758500.000 1.076783 0.562607 0.999837 1.001360
 759000.000 1.065163 0.579879 0.999968 0.965893
 759500.000 1.031589 0.598718 0.969762 0.910742
 760000.000 1.038390 0.597616 0.975865 0.920353
 760500.000 1.032287 0.608229 0.958592 0.917818
 761000.000 1.034392 0.617190 0.961919 0.913083
 761500.000 1.093608 0.614151 1.012491 0.994805
 762000.000 1.077701 0.593984 0.982695 1.002183
 762500.000 1.058297 0.572909 0.951972 1.002750
 763000.000 1.066741 0.604948 0.958725 0.995367
 763500.000 1.031340 0.583812 0.940070 0.950134
 764000.000 1.044756 0.586094 0.957128 0.960952
 764500.000 1.043308 0.570000 0.971298 0.953237
 765000.000 1.023109 0.632917 0.937609 0.902114
 765500.000 1.052517 0.563945 0.975577 0.972522
 766000.000 1.055308 0.583804 0.973223 0.969205
 766500.000 1.055825 0.585658 0.959948 0.982364
 767000.000 1.046714 0.585719 0.974113 0.948292
 767500.000 1.059001 0.605105 0.960604 0.976757
 768000.000 1.035779 0.641324 0.939700 0.922682
 768500.000 1.052648 0.588157 0.981320 0.952479
 769000.000 1.059231 0.571409 0.980115 0.978166
 769500.000 1.056602 0.567143 0.980453 0.974616
 770000.000 1.118225 0.615314 1.010847 1.049013
 770500.000 1.085158 0.595544 0.970705 1.028685
 771000.000 1.069649 0.581260 0.956538 1.017580
 771500.000 1.084302 0.583978 0.975335 1.029133
 772000.000 1.064393 0.557584 0.966842 1.010041
 772500.000 1.059495 0.550965 0.967159 1.003044
 773000.000 1.089680 0.560730 0.989266 1.040067
 773500.000 1.068137 0.565956 0.966622 1.013492
 774000.000 1.070200 0.549303 0.973672 1.020237
 774500.000 1.032193 0.519245 0.947990 0.981093
 775000.000 1.065433 0.528854 0.972196 1.022468
 775500.000 1.039693 0.528990 0.948528 0.991155
 776000.000 1.016790 0.520703 0.931661 0.963640
 776500.000 1.054720 0.558246 0.955257 1.000358
 777000.000 1.046804 0.522703 0.961595 0.996852
 777500.000 1.074377 0.562475 0.970903 1.024470
 778000.000 1.065795 0.551306 0.977443 1.006233
 778500.000 1.055939 0.528501 0.970529 1.004379
 779000.000 1.070322 0.556800 0.967180 1.022601
 779500.000 1.052032 0.565566 0.948873 0.996653
 780000.000 1.047097 0.543866 0.952679 0.994705
 780500.000 1.046707 0.514777 0.967215 0.995334
 781000.000 1.017498 0.526883 0.934714 0.958805
 781500.000 1.030533 0.528764 0.944166 0.976194
 782000.000 1.022686 0.515809 0.948121 0.962694
 782500.000 1.029582 0.501321 0.964914 0.968348
 783000.000 1.058954 0.493671 0.996901 1.002619
 783500.000 1.034792 0.489277 0.971819 0.978655
 784000.000 1.035872 0.484860 0.976907 0.978072
 784500.000 1.048584 0.494106 0.986041 0.991280
 785000.000 1.048749 0.477242 0.994593 0.991349
 785500.000 1.033261 0.515542 0.959959 0.973629
 786000.000 1.067385 0.503583 1.004477 1.007994
 786500.000 1.077829 0.500313 1.011946 1.024248
 787000.000 1.085495 0.486338 1.028089 1.031070
 787500.000 1.047638 0.493903 0.981326 0.994059
 788000.000 1.024580 0.489785 0.963028 0.965513
 788500.000 1.056473 0.509784 0.991500 0.994646
 789000.000 1.076785 0.509412 1.012710 1.016785
 789500.000 1.037187 0.517288 0.963185 0.977856
 790000.000 1.076342 0.525170 1.006276 1.014212
 790500.000 1.028715 0.536521 0.961174 0.951210
 791000.000 1.048787 0.544926 0.973376 0.977498
 791500.000 1.043447 0.500275 0.977479 0.985811
 792000.000 1.044184 0.502921 0.974479 0.988989
 792500.000 1.055076 0.503608 0.992699 0.993629
 793000.000 1.035209 0.517528 0.966057 0.970678
 793500.000 1.052141 0.518118 0.980434 0.992121
 794000.000 1.057284 0.508721 0.993351 0.995066
 794500.000 1.047784 0.510018 0.976259 0.991212
 795000.000 1.038663 0.524427 0.958762 0.981526
 795500.000 1.044932 0.490554 0.984375 0.986979
 796000.000 1.030194 0.488036 0.969765 0.971585
 796500.000 1.079605 0.504529 1.024019 1.013870
 797000.000 1.055658 0.511115 1.001677 0.981952
 797500.000 1.083459 0.467756 1.034133 1.029341
 798000.000 1.089045 0.500991 1.037967 1.021602
 798500.000 1.089498 0.454666 1.042408 1.039557
 799000.000 1.100013 0.443350 1.050969 1.057811
 799500.000 1.103269 0.459289 1.051678 1.057085
 800000.000 1.084016 0.494837 1.027052 1.024931
 800500.000 1.081438 0.487475 1.021633 1.028422
 801000.000 1.084743 0.477544 1.033463 1.028223
 801500.000 1.107768 0.525167 1.029809 1.057352
 802000.000 1.097785 0.493550 1.032274 1.049325
 802500.000 1.103557 0.510414 1.036988 1.048719
 803000.000 1.077152 0.514069 0.997421 1.030242
 803500.000 1.104305 0.535287 1.024160 1.050496
 804000.000 1.062177 0.477217 1.001202 1.013065
 804500.000 1.086750 0.470641 1.025630 1.043375
 805000.000 1.070112 0.480972 1.005007 1.024161
 805500.000 1.081207 0.493807 1.016386 1.030112
 806000.000 1.089022 0.489784 1.025724 1.039200
 806500.000 1.115505 0.483158 1.053916 1.069823
 807000.000 1.100139 0.445439 1.046491 1.061627
 807500.000 1.080980 0.534007 0.998591 1.026980
 808000.000 1.108152 0.530841 1.027887 1.057193
 808500.000 1.131401 0.543439 1.038011 1.089653
 809000.000 1.094300 0.491471 1.025825 1.049344
 809500.000 1.076983 0.450123 1.020156 1.037525
 810000.000 1.095297 0.499436 1.029016 1.044530
 810500.000 1.097500 0.488633 1.033234 1.050086
 811000.000 1.079604 0.491338 1.023471 1.020872
 811500.000 1.106977 0.521832 1.044996 1.042340
 812000.000 1.113985 0.524097 1.048203 1.052862
 812500.000 1.081453 0.523040 1.004443 1.027913
 813000.000 1.082382 0.524764 1.002807 1.030583
 813500.000 1.064481 0.468527 1.001369 1.021754
 814000.000 1.072481 0.477602 1.015602 1.020236
 814500.000 1.062784 0.476456 1.004119 1.011807
 815000.000 1.061486 0.472488 1.002144 1.012900
 815500.000 1.113002 0.453671 1.060856 1.070660
 816000.000 1.098061 0.465355 1.044095 1.051088
 816500.000 1.105115 0.498855 1.047442 1.047172
 817000.000 1.077325 0.437687 1.031695 1.032131
 817500.000 1.106007 0.469516 1.047708 1.062246
 818000.000 1.054387 0.479953 0.985560 1.010832
 818500.000 1.079543 0.543387 0.989460 1.027875
 819000.000 1.067196 0.517839 0.985386 1.019154
 819500.000 1.086204 0.516152 1.004483 1.041288
 820000.000 1.096467 0.461908 1.035506 1.057757
 820500.000 1.078176 0.523415 0.991663 1.033232
 821000.000 1.081923 0.481978 1.016763 1.036825
 821500.000 1.104380 0.502348 1.030707 1.060473
 822000.000 1.105591 0.513330 1.026154 1.062151
 822500.000 1.069974 0.525859 0.984082 1.022127
 823000.000 1.095076 0.528288 1.000479 1.057515
 823500.000 1.122878 0.479059 1.057433 1.083534
 824000.000 1.088960 0.503482 1.012136 1.045828
 824500.000 1.113814 0.518723 1.034492 1.068603
 825000.000 1.124771 0.506020 1.048575 1.083815
 825500.000 1.133776 0.504370 1.055239 1.096803
 826000.000 1.102918 0.481119 1.032921 1.065109
 826500.000 1.090936 0.456532 1.030969 1.053073
 827000.000 1.119150 0.473266 1.052921 1.082759
 827500.000 1.110434 0.436372 1.060550 1.072820
 828000.000 1.103305 0.455849 1.045826 1.064432
 828500.000 1.103392 0.478932 1.033986 1.066042
 829000.000 1.075793 0.490417 1.001925 1.034553
 829500.000 1.086925 0.492978 1.013131 1.045633
 830000.000 1.099035 0.497657 1.030330 1.051910
 830500.000 1.076298 0.510889 0.991243 1.035984
 831000.000 1.109134 0.556164 1.013051 1.060551
 831500.000 1.097416 0.520258 1.014150 1.053316
 832000.000 1.081308 0.536796 0.988348 1.036086
 832500.000 1.093942 0.550998 0.994757 1.048942
 833000.000 1.087408 0.580330 0.979759 1.033539
 833500.000 1.090008 0.544713 1.003960 1.035176
 834000.000 1.095389 0.569931 0.999298 1.037466
 834500.000 1.117465 0.555088 1.022124 1.069858
 835000.000 1.100894 0.579374 0.997154 1.045918
 835500.000 1.114880 0.591052 0.998120 1.067863
 836000.000 1.103230 0.586021 0.994832 1.049343
 836500.000 1.102283 0.585024 0.983590 1.058467
 837000.000 1.129217 0.576328 1.044799 1.061369
 837500.000 1.121546 0.541477 1.045810 1.062456
 838000.000 1.108351 0.575077 1.015578 1.046315
 838500.000 1.103049 0.542140 1.024909 1.043589
 839000.000 1.079730 0.556676 0.997292 1.013486
 839500.000 1.095072 0.547219 1.015807 1.032983
 840000.000 1.108635 0.528686 1.037301 1.050068
 840500.000 1.090832 0.551753 1.011757 1.025547
 841000.000 1.114166 0.531200 1.040099 1.057710
 841500.000 1.096657 0.566110 0.998643 1.042853
 842000.000 1.089131 0.564784 1.003034 1.023403
 842500.000 1.094093 0.586406 0.987763 1.036597
 843000.000 1.108201 0.630932 0.983640 1.044316
 843500.000 1.096661 0.634696 0.971284 1.029126
 844000.000 1.076473 0.600993 0.960834 1.016461
 844500.000 1.092584 0.637168 0.950343 1.038434
 845000.000 1.108325 0.679063 0.941720 1.052998
 845500.000 1.135829 0.707748 0.948439 1.086174
 846000.000 1.134686 0.666546 0.987956 1.074564
 846500.000 1.124771 0.709860 0.940537 1.068507
 847000.000 1.096569 0.693877 0.923580 1.034631
 847500.000 1.113635 0.680708 0.959275 1.047280
 848000.000 1.121261 0.713875 0.943234 1.056003
 848500.000 1.122324 0.676390 0.974252 1.054777
 849000.000 1.117427 0.680175 0.958108 1.056730
 849500.000 1.119700 0.663296 0.976303 1.055617
 850000.000 1.124063 0.631400 0.991404 1.070274
 850500.000 1.110442 0.627754 0.982859 1.051700
 851000.000 1.102092 0.628776 0.972969 1.042682
 851500.000 1.093398 0.611784 0.974087 1.033399
 852000.000 1.154786 0.632372 1.030985 1.097378
 852500.000 1.153582 0.617629 1.034032 1.100370
 853000.000 1.133217 0.627088 0.998015 1.085859
 853500.000 1.122231 0.649305 0.984181 1.062355
 854000.000 1.123733 0.645689 0.985687 1.066329
 854500.000 1.101283 0.617415 0.982694 1.038633
 855000.000 1.137408 0.657744 0.983975 1.089292
 855500.000 1.136635 0.705841 0.956222 1.082270
 856000.000 1.117237 0.691588 0.946251 1.059601
 856500.000 1.124311 0.655275 0.973241 1.073111
 857000.000 1.107598 0.686210 0.934214 1.053521
 857500.000 1.126777 0.693392 0.954409 1.071243
 858000.000 1.131922 0.708624 0.952249 1.074043
 858500.000 1.149722 0.774581 0.956600 1.062385
 859000.000 1.118485 0.720099 0.957796 1.032523
 859500.000 1.137230 0.691218 0.992844 1.059747
 860000.000 1.113930 0.688757 0.954876 1.046664
 860500.000 1.134923 0.709449 0.982028 1.052809
 861000.000 1.117045 0.721790 0.963973 1.022426
 861500.000 1.103591 0.754427 0.921645 1.008582
 862000.000 1.092250 0.688183 0.949296 1.005616
 862500.000 1.104409 0.657591 0.949992 1.050965
 863000.000 1.110894 0.655952 0.990128 1.028371
 863500.000 1.116436 0.731087 0.965808 1.012711
 864000.000 1.095363 0.752443 0.931373 0.982860
 864500.000 1.076352 0.724442 0.907186 0.984513
 865000.000 1.084284 0.725604 0.907936 1.000247
 865500.000 1.078421 0.731146 0.914972 0.976850
 866000.000 1.109034 0.681440 0.986215 1.011400
 866500.000 1.138490 0.715454 0.990622 1.048386
 867000.000 1.107794 0.694096 0.967837 1.017810
 867500.000 1.099753 0.695277 0.962180 1.004843
 868000.000 1.098394 0.687608 0.945097 1.023195
 868500.000 1.117313 0.754490 0.927088 1.033454
 869000.000 1.066010 0.721394 0.895892 0.974537
 869500.000 1.099823 0.669402 0.962134 1.022457
 870000.000 1.112088 0.665000 0.986537 1.028590
 870500.000 1.106944 0.689021 0.969645 1.017688
 871000.000 1.104366 0.669669 0.975615 1.019297
 871500.000 1.117476 0.708267 0.974589 1.022761
 872000.000 1.100015 0.613673 1.006323 1.015276
 872500.000 1.107523 0.650836 1.003703 1.011042
 873000.000 1.125810 0.650593 1.033191 1.021832
 873500.000 1.108339 0.639976 1.010295 1.013196
 874000.000 1.121013 0.689276 1.006742 1.012281
 874500.000 1.096492 0.655732 0.997239 0.990009
 875000.000 1.098446 0.648859 0.997947 0.998123
 875500.000 1.108102 0.630701 1.002430 1.026223
 876000.000 1.096102 0.621949 0.989741 1.018071
 876500.000 1.110030 0.663446 0.997837 1.014147
 877000.000 1.085568 0.644905 0.968744 1.001273
 877500.000 1.103253 0.715378 0.963126 0.997475
 878000.000 1.148499 0.728294 1.030588 1.022533
 878500.000 1.123334 0.713461 0.983666 1.023296
 879000.000 1.113170 0.671441 0.985770 1.027482
 879500.000 1.151254 0.684998 1.025213 1.063243
 880000.000 1.169187 0.680458 1.054981 1.076097
 880500.000 1.130299 0.690726 0.988922 1.048849
 881000.000 1.098955 0.640242 1.005070 0.997660
 881500.000 1.085586 0.637378 0.984941 0.990269
 882000.000 1.103504 0.677543 0.978434 1.009477
 882500.000 1.103921 0.651507 0.988887 1.017311
 883000.000 1.088485 0.629692 0.987136 0.999326
 883500.000 1.086233 0.662428 0.976534 0.983552
 884000.000 1.112746 0.678616 0.996457 1.011416
 884500.000 1.112836 0.652021 0.997879 1.027577
 885000.000 1.132878 0.660770 1.028388 1.035676
 885500.000 1.094558 0.632186 0.999515 0.998711
 886000.000 1.111707 0.650190 1.017361 1.006983
 886500.000 1.076406 0.658764 0.972563 0.968220
 887000.000 1.110003 0.669092 0.991543 1.016549
 887500.000 1.111466 0.686623 0.983495 1.015873
 888000.000 1.119025 0.709588 0.981793 1.018331
 888500.000 1.113111 0.700284 0.984959 1.008708
 889000.000 1.108548 0.690699 1.002238 0.988032
 889500.000 1.103162 0.667917 0.999226 0.994668
 890000.000 1.121252 0.702039 0.994592 1.016042
 890500.000 1.070442 0.673257 0.947237 0.970134
 891000.000 1.104304 0.645823 0.996637 1.014199
 891500.000 1.092005 0.621778 0.986387 1.012612
 892000.000 1.122530 0.654115 1.007440 1.037953
 892500.000 1.089478 0.645820 0.980467 0.997761
 893000.000 1.074015 0.633427 0.949448 1.002165
 893500.000 1.096143 0.635787 0.986655 1.012594
 894000.000 1.076069 0.641901 0.970060 0.981221
 894500.000 1.133359 0.631432 1.011581 1.070982
 895000.000 1.087747 0.609038 0.972486 1.024563
 895500.000 1.129950 0.623777 1.021434 1.058844
 896000.000 1.120687 0.635098 0.995118 1.057483
 896500.000 1.126306 0.668598 0.989828 1.053729
 897000.000 1.096538 0.610830 0.981590 1.033519
 897500.000 1.098933 0.589646 0.992366 1.040592
 898000.000 1.089135 0.612229 0.979877 1.018551
 898500.000 1.070390 0.543600 0.986127 1.011692
 899000.000 1.055587 0.557493 0.963455 0.994728
 899500.000 1.055361 0.506029 0.975958 1.009462
 900000.000 1.074540 0.513511 1.001582 1.020986
 900500.000 1.032903 0.470536 0.963583 0.991908
 901000.000 1.060115 0.469182 0.997268 1.016372
 901500.000 1.066060 0.499804 0.992769 1.018613
 902000.000 1.081839 0.498322 1.011024 1.034533
 902500.000 1.054554 0.494516 0.985249 1.004444
 903000.000 1.072057 0.505613 0.997343 1.023852
 903500.000 1.051113 0.485671 0.981409 1.005305
 904000.000 1.061119 0.529744 0.975670 1.009648
 904500.000 1.071037 0.508451 0.992337 1.025175
 905000.000 1.069780 0.499888 0.995093 1.024090
 905500.000 1.086937 0.491464 1.022924 1.036801
 906000.000 1.053806 0.522423 0.980761 0.993073
 906500.000 1.039349 0.514924 0.974847 0.972121
 907000.000 1.040992 0.534898 0.975019 0.964650
 907500.000 1.027013 0.523276 0.960052 0.956031
 908000.000 1.048765 0.561173 0.976930 0.964628
 908500.000 1.066363 0.569360 0.998551 0.976210
 909000.000 1.053954 0.494250 0.983832 1.004704
 909500.000 1.050110 0.515422 0.967467 1.001902
 910000.000 1.064160 0.565016 0.979416 0.993164
 910500.000 1.083631 0.558603 0.988741 1.029012
 911000.000 1.057203 0.528156 0.969828 1.007890
 911500.000 1.062332 0.561761 0.977634 0.992852
 912000.000 1.064069 0.537576 0.989498 0.998194
 912500.000 1.065369 0.532726 0.985690 1.007294
 913000.000 1.056312 0.525794 0.980360 0.997008
 913500.000 1.042018 0.554927 0.952471 0.977986
 914000.000 1.075569 0.535808 0.998933 1.014267
 914500.000 1.046007 0.546592 0.952078 0.991488
 915000.000 1.041243 0.518329 0.978368 0.970827
 915500.000 1.060906 0.537005 0.973384 1.007567
 916000.000 1.073598 0.598115 0.943671 1.028090
 916500.000 1.060132 0.602126 0.932779 1.007535
 917000.000 1.093469 0.622922 0.949885 1.049303
 917500.000 1.045539 0.576678 0.934105 0.990552
 918000.000 1.079699 0.612668 0.942376 1.033473
 918500.000 1.064261 0.580509 0.947361 1.015293
 919000.000 1.058717 0.600372 0.935561 1.003017
 919500.000 1.061704 0.604895 0.945650 0.997134
 920000.000 1.066416 0.566258 0.967005 1.009327
 920500.000 1.083826 0.559925 0.979636 1.037379
 921000.000 1.068112 0.579637 0.957465 1.014401
 921500.000 1.074197 0.561831 0.977379 1.018270
 922000.000 1.078798 0.540448 0.985941 1.031234
 922500.000 1.067439 0.550083 0.971634 1.015967
 923000.000 1.025921 0.539893 0.939816 0.964516
 923500.000 1.041165 0.520628 0.962426 0.985258
 924000.000 1.038076 0.518801 0.957373 0.984625
 924500.000 1.064054 0.542933 0.973802 1.010620
 925000.000 1.061582 0.578797 0.971976 0.987001
 925500.000 1.081834 0.548245 0.991013 1.028616
 926000.000 1.034278 0.541923 0.945653 0.975460
 926500.000 1.034268 0.517377 0.962497 0.972286
 927000.000 1.027526 0.514648 0.955231 0.966587
 927500.000 1.048646 0.505912 0.976740 0.994661
 928000.000 1.062350 0.493925 1.002943 1.003653
 928500.000 1.083075 0.490723 1.019418 1.032511
 929000.000 1.115202 0.486963 1.051544 1.069800
 929500.000 1.083558 0.500227 1.019525 1.028852
 930000.000 1.089074 0.496686 1.021808 1.039893
 930500.000 1.088934 0.480198 1.027838 1.041400
 931000.000 1.070974 0.492465 1.007542 1.017992
 931500.000 1.048378 0.511821 0.976537 0.991266
 932000.000 1.086205 0.525042 1.007427 1.033976
 932500.000 1.080152 0.556322 0.987137 1.024463
 933000.000 1.046922 0.528364 0.959884 0.995764
 933500.000 1.065833 0.544245 0.979470 1.008183
 934000.000 1.068494 0.550138 0.977238 1.012774
 934500.000 1.063079 0.555901 0.960597 1.014151
 935000.000 1.073494 0.594803 0.953008 1.021157
 935500.000 1.078099 0.573279 0.971494 1.025741
 936000.000 1.138044 0.534920 1.046849 1.099208
 936500.000 1.128080 0.554881 1.033646 1.081117
 937000.000 1.084954 0.530005 0.997719 1.038221
 937500.000 1.052749 0.509960 0.980749 0.997312
 938000.000 1.057921 0.517796 0.975798 1.009009
 938500.000 1.054634 0.503832 0.984450 1.000758
 939000.000 1.097509 0.555155 1.004245 1.045154
 939500.000 1.118839 0.525806 1.027180 1.082602
 940000.000 1.065747 0.517058 0.982791 1.019021
 940500.000 1.072264 0.492867 0.999400 1.028486
 941000.000 1.080904 0.498447 1.010672 1.032860
 941500.000 1.068774 0.491325 0.998430 1.022884
 942000.000 1.077713 0.534607 1.001403 1.017015
 942500.000 1.055227 0.529632 0.975753 0.997198
 943000.000 1.056047 0.519616 0.980552 0.999494
 943500.000 1.079571 0.519003 1.000157 1.030179
 944000.000 1.073615 0.530209 0.998415 1.013581
 944500.000 1.086340 0.527449 1.008719 1.031772
 945000.000 1.080830 0.521841 1.008839 1.022894
 945500.000 1.083176 0.522090 1.003445 1.032987
 946000.000 1.088492 0.519868 1.009667 1.039203
 946500.000 1.088997 0.529687 1.003162 1.041597
 947000.000 1.076828 0.540179 0.985479 1.027694
 947500.000 1.086616 0.546493 0.991676 1.038938
 948000.000 1.053878 0.547522 0.963769 0.996337
 948500.000 1.087208 0.556851 0.991742 1.034605
 949000.000 1.094691 0.556013 1.001117 1.041782
 949500.000 1.092795 0.567423 0.991054 1.041272
 950000.000 1.069681 0.520210 0.988572 1.020071
 950500.000 1.066016 0.537552 0.976048 1.015454
 951000.000 1.043718 0.519130 0.972271 0.981777
 951500.000 1.046997 0.505838 0.971644 0.996213
 952000.000 1.059070 0.507874 0.988872 1.003720
 952500.000 1.087051 0.507995 1.012078 1.039710
 953000.000 1.071702 0.503948 0.997923 1.023366
 953500.000 1.058687 0.504592 0.980703 1.012544
 954000.000 1.063768 0.531489 0.981217 1.008929
 954500.000 1.060405 0.501704 0.996149 1.002444
 955000.000 1.087307 0.518200 1.008977 1.038223
 955500.000 1.087322 0.499261 1.016204 1.040485
 956000.000 1.097454 0.501999 1.029389 1.047457
 956500.000 1.080245 0.514845 0.998819 1.034967
 957000.000 1.094044 0.530458 1.005593 1.049409
 957500.000 1.069290 0.505370 0.993662 1.021764
 958000.000 1.093423 0.480204 1.032876 1.045810
 958500.000 1.099332 0.475206 1.037053 1.056295
 959000.000 1.120398 0.453878 1.066594 1.080258
 959500.000 1.146614 0.528472 1.073102 1.094815
 960000.000 1.092510 0.519863 1.019737 1.037803
 960500.000 1.087812 0.522356 1.007524 1.038610
 961000.000 1.078536 0.558254 0.979473 1.027359
 961500.000 1.072101 0.546859 0.990680 1.009108
 962000.000 1.074342 0.549089 0.997189 1.006249
 962500.000 1.080125 0.523388 0.998867 1.030374
 963000.000 1.082829 0.570340 0.987527 1.022028
 963500.000 1.029171 0.546066 0.944915 0.962981
 964000.000 1.101523 0.550991 1.013401 1.046964
 964500.000 1.035704 0.557305 0.932839 0.982135
 965000.000 1.058005 0.572305 0.953552 1.000977
 965500.000 1.028145 0.571023 0.930233 0.960606
 966000.000 1.056189 0.543834 0.962367 1.004571
 966500.000 1.065439 0.594609 0.938062 1.018234
 967000.000 1.047871 0.611543 0.946295 0.962606
 967500.000 1.071366 0.646372 0.939387 0.997701
 968000.000 1.074780 0.566889 0.982502 1.011745
 968500.000 1.048212 0.588674 0.958984 0.965044
 969000.000 1.089511 0.610498 1.015188 0.985268
 969500.000 1.098998 0.553525 1.015757 1.037998
 970000.000 1.080465 0.510996 1.009085 1.027346
 970500.000 1.041304 0.509946 0.970300 0.983413
 971000.000 1.056855 0.515548 0.981748 1.002132
 971500.000 1.108126 0.527465 1.019018 1.067365
 972000.000 1.076703 0.532996 0.990351 1.026499
 972500.000 1.070309 0.529543 0.981779 1.023141
 973000.000 1.068511 0.527647 0.971708 1.029954
 973500.000 1.073824 0.544577 0.968497 1.035202
 974000.000 1.063125 0.568960 0.948038 1.018812
 974500.000 1.057213 0.579453 0.944657 1.003621
 975000.000 1.058547 0.572638 0.944359 1.010602
 975500.000 1.059664 0.589583 0.931205 1.015394
 976000.000 1.072157 0.588993 0.952618 1.022081
 976500.000 1.032294 0.609928 0.894354 0.979480
 977000.000 1.060390 0.594074 0.930254 1.015163
 977500.000 1.055570 0.575007 0.941498 1.005687
 978000.000 1.024994 0.558509 0.916411 0.974414
 978500.000 1.068354 0.605669 0.941646 1.014509
 979000.000 1.047136 0.560892 0.940067 0.997326
 979500.000 1.035730 0.585120 0.918562 0.979465
 980000.000 1.037601 0.578354 0.927927 0.978616
 980500.000 1.041143 0.609333 0.902707 0.990854
 981000.000 1.034272 0.627304 0.886050 0.980226
 981500.000 1.021469 0.617570 0.878475 0.966274
 982000.000 1.041248 0.605377 0.911023 0.985874
 982500.000 1.014384 0.587387 0.892335 0.957425
 983000.000 1.052909 0.607328 0.922081 0.999078
 983500.000 1.075801 0.580338 0.963685 1.024313
 984000.000 1.022734 0.590500 0.895055 0.970648
 984500.000 1.067054 0.599891 0.935288 1.021066
 985000.000 1.063169 0.614128 0.921617 1.016920
 985500.000 1.050631 0.656974 0.886396 0.995159
 986000.000 1.030468 0.639429 0.866214 0.982107
 986500.000 1.028324 0.640262 0.865280 0.977884
 987000.000 1.038995 0.611036 0.899998 0.987755
 987500.000 1.033590 0.593054 0.906631 0.981287
 988000.000 1.040665 0.589100 0.908611 0.996672
 988500.000 1.035765 0.612420 0.894471 0.985131
 989000.000 1.046891 0.619998 0.905196 0.994074
 989500.000 1.028849 0.576230 0.917424 0.971263
 990000.000 1.046664 0.573413 0.936199 0.992845
 990500.000 1.065915 0.578687 0.944472 1.022469
 991000.000 1.047031 0.596172 0.912821 1.001940
 991500.000 1.047905 0.597642 0.918558 0.997641
 992000.000 1.046796 0.638376 0.884533 1.000821
 992500.000 1.036689 0.597454 0.905584 0.986111
 993000.000 1.076764 0.617029 0.943205 1.023953
 993500.000 1.050067 0.564540 0.939793 1.001681
 994000.000 1.068188 0.570858 0.955615 1.021260
 994500.000 1.057129 0.559113 0.959984 1.000432
 995000.000 1.093016 0.568327 0.993405 1.038999
 995500.000 1.056450 0.553977 0.957814 1.003930
 996000.000 1.056577 0.559699 0.959235 0.999658
 996500.000 1.045867 0.603873 0.931388 0.977512
 997000.000 1.055565 0.568054 0.949039 1.002535
 997500.000 1.063925 0.641595 0.902330 1.018838
 998000.000 1.033833 0.558075 0.922192 0.987792
 998500.000 1.018578 0.598048 0.883621 0.967758
 999000.000 1.036533 0.657865 0.864428 0.984267
 999500.000 1.067501 0.643938 0.918463 1.010390
1000000.000 1.073014 0.649413 0.917138 1.019725
