 750000.000   -0.838
 750500.000    3.506
 751000.000    1.509
 751500.000   -1.985
 752000.000    0.638
 752500.000    0.814
 753000.000    0.814
 753500.000    0.287
 754000.000    1.681
 754500.000   -0.393
 755000.000   -0.501
 755500.000    1.584
 756000.000    0.196
 756500.000    2.370
 757000.000    1.689
 757500.000    1.602
 758000.000    1.335
 758500.000    3.941
 759000.000    0.283
 759500.000   -1.280
 760000.000    3.689
 760500.000   -0.851
 761000.000   -0.751
 761500.000   -2.757
 762000.000   -1.624
 762500.000   -1.278
 763000.000    0.645
 763500.000    0.897
 764000.000    1.841
 764500.000   -1.901
 765000.000   -0.239
 765500.000   -1.642
 766000.000    4.366
 766500.000   -2.414
 767000.000   -0.082
 767500.000    0.182
 768000.000   -0.068
 768500.000   -0.336
 769000.000   -2.503
 769500.000   -1.727
 770000.000   -1.726
 770500.000   -1.387
 771000.000   -1.266
 771500.000   -1.108
 772000.000    0.713
 772500.000   -1.972
 773000.000    0.375
 773500.000    0.895
 774000.000   -2.421
 774500.000   -1.719
 775000.000    0.446
 775500.000    2.203
 776000.000    0.549
 776500.000   -1.278
 777000.000   -2.063
 777500.000   -1.882
 778000.000   -1.193
 778500.000   -1.285
 779000.000    1.855
 779500.000    1.162
 780000.000   -1.021
 780500.000    0.202
 781000.000    1.591
 781500.000   -0.932
 782000.000   -2.402
 782500.000    0.540
 783000.000   -4.080
 783500.000   -1.209
 784000.000    0.631
 784500.000   -1.289
 785000.000   -2.247
 785500.000    0.287
 786000.000   -2.517
 786500.000   -1.632
 787000.000   -2.686
 787500.000   -0.689
 788000.000   -0.239
 788500.000   -0.581
 789000.000   -2.599
 789500.000   -0.592
 790000.000   -0.413
 790500.000   -0.760
 791000.000   -0.356
 791500.000   -1.028
 792000.000    2.113
 792500.000    0.294
 793000.000    2.723
 793500.000   -1.222
 794000.000   -0.501
 794500.000    3.855
 795000.000   -1.635
 795500.000   -1.545
 796000.000   -1.101
 796500.000   -1.465
 797000.000   -0.590
 797500.000   -1.985
 798000.000    0.003
 798500.000    1.067
 799000.000   -0.762
 799500.000   -0.063
 800000.000   -2.066
 800500.000    0.182
 801000.000   -0.672
 801500.000    0.386
 802000.000   -0.743
 802500.000    1.424
 803000.000   -2.512
 803500.000   -2.178
 804000.000    0.106
 804500.000   -0.251
 805000.000    2.100
 805500.000    0.537
 806000.000    3.326
 806500.000    0.350
 807000.000   -0.077
 807500.000   -1.451
 808000.000   -1.743
 808500.000   -0.153
 809000.000   -2.947
 809500.000   -0.941
 810000.000   -1.806
 810500.000   -2.146
 811000.000   -1.369
 811500.000   -0.058
 812000.000   -1.039
 812500.000   -3.294
 813000.000    0.026
 813500.000   -1.009
 814000.000   -0.162
 814500.000   -1.027
 815000.000   -2.510
 815500.000   -1.021
 816000.000   -2.853
 816500.000    1.071
 817000.000   -1.287
 817500.000   -2.233
 818000.000   -1.190
 818500.000   -2.224
 819000.000   -2.657
 819500.000   -0.315
 820000.000   -3.795
 820500.000   -2.395
 821000.000    1.341
 821500.000    1.422
 822000.000   -2.664
 822500.000   -2.141
 823000.000    1.257
 823500.000   -1.366
 824000.000   -1.444
 824500.000   -2.320
 825000.000   -2.840
 825500.000   -1.625
 826000.000   -0.317
 826500.000   -0.482
 827000.000   -1.451
 827500.000   -2.597
 828000.000   -0.072
 828500.000   -0.927
 829000.000    0.118
 829500.000    0.542
 830000.000    0.461
 830500.000   -0.148
 831000.000   -0.228
 831500.000   -0.400
 832000.000   -0.590
 832500.000   -1.793
 833000.000   -0.588
 833500.000   -1.286
 834000.000    1.410
 834500.000   -2.941
 835000.000    0.116
 835500.000   -0.153
 836000.000    0.184
 836500.000   -0.413
 837000.000    0.821
 837500.000   -2.844
 838000.000   -2.407
 838500.000   -1.284
 839000.000   -2.235
 839500.000   -0.757
 840000.000   -0.230
 840500.000   -2.496
 841000.000   -1.275
 841500.000   -0.922
 842000.000   -1.264
 842500.000    1.433
 843000.000   -1.719
 843500.000   -2.224
 844000.000   -0.927
 844500.000    1.245
 845000.000   -0.677
 845500.000   -1.018
 846000.000   -0.336
 846500.000   -1.720
 847000.000   -0.065
 847500.000   -0.510
 848000.000   -2.414
 848500.000    0.895
 849000.000   -1.465
 849500.000   -3.023
 850000.000    1.754
 850500.000   -1.282
 851000.000    0.982
 851500.000    0.642
 852000.000    1.330
 852500.000    2.629
 853000.000   -1.548
 853500.000    0.290
 854000.000   -0.051
 854500.000   -0.153
 855000.000    1.694
 855500.000   -2.400
 856000.000   -3.878
 856500.000   -2.400
 857000.000   -0.320
 857500.000   -1.296
 858000.000   -1.287
 858500.000   -2.762
 859000.000   -1.813
 859500.000    1.511
 860000.000   -2.499
 860500.000   -1.445
 861000.000    1.410
 861500.000   -1.552
 862000.000   -1.447
 862500.000   -0.576
 863000.000   -1.534
 863500.000    2.730
 864000.000   -1.117
 864500.000   -0.480
 865000.000   -3.019
 865500.000   -1.630
 866000.000   -0.235
 866500.000   -0.310
 867000.000    3.766
 867500.000    0.196
 868000.000    0.457
 868500.000   -0.849
 869000.000   -0.659
 869500.000   -0.327
 870000.000   -1.724
 870500.000    0.278
 871000.000   -0.061
 871500.000   -0.159
 872000.000    1.854
 872500.000   -0.045
 873000.000   -2.583
 873500.000    1.587
 874000.000   -1.637
 874500.000   -3.101
 875000.000   -0.585
 875500.000    0.106
 876000.000    0.713
 876500.000   -0.058
 877000.000   -1.898
 877500.000   -0.492
 878000.000    0.816
 878500.000    0.468
 879000.000    1.760
 879500.000    1.236
 880000.000    1.328
 880500.000    1.151
 881000.000   -0.503
 881500.000   -0.586
 882000.000    0.709
 882500.000    1.073
 883000.000   -0.056
 883500.000    0.374
 884000.000   -0.753
 884500.000   -3.548
 885000.000   -1.715
 885500.000   -0.849
 886000.000    0.019
 886500.000   -1.460
 887000.000   -1.275
 887500.000   -1.715
 888000.000   -2.512
 888500.000   -1.286
 889000.000    1.238
 889500.000    0.448
 890000.000   -0.849
 890500.000   -0.597
 891000.000   -0.845
 891500.000    0.972
 892000.000   -3.179
 892500.000   -0.924
 893000.000    1.777
 893500.000    1.146
 894000.000    0.817
 894500.000    1.162
 895000.000    0.890
 895500.000   -0.845
 896000.000   -0.407
 896500.000   -0.750
 897000.000   -0.423
 897500.000   -1.193
 898000.000    0.892
 898500.000    0.901
 899000.000   -1.722
 899500.000   -2.148
 900000.000    1.591
 900500.000   -1.887
 901000.000    1.767
 901500.000    0.044
 902000.000   -0.750
 902500.000   -3.104
 903000.000    0.620
 903500.000    0.008
 904000.000    1.428
 904500.000   -1.713
 905000.000   -1.628
 905500.000    0.631
 906000.000   -1.025
 906500.000   -1.550
 907000.000   -0.145
 907500.000    0.193
 908000.000   -2.677
 908500.000    1.062
 909000.000    0.631
 909500.000   -2.677
 910000.000   -1.621
 910500.000   -0.499
 911000.000   -1.023
 911500.000    0.288
 912000.000   -2.246
 912500.000    0.123
 913000.000   -2.427
 913500.000   -1.985
 914000.000   -2.327
 914500.000    0.975
 915000.000   -0.239
 915500.000   -0.315
 916000.000   -1.275
 916500.000    0.984
 917000.000   -1.797
 917500.000   -0.666
 918000.000   -3.465
 918500.000   -1.735
 919000.000   -2.427
 919500.000   -1.541
 920000.000   -2.239
 920500.000   -3.530
 921000.000   -1.117
 921500.000   -1.804
 922000.000   -1.032
 922500.000    0.627
 923000.000   -1.209
 923500.000   -1.463
 924000.000    0.734
 924500.000    0.647
 925000.000   -0.138
 925500.000   -0.936
 926000.000   -2.052
 926500.000   -1.374
 927000.000    0.881
 927500.000   -0.936
 928000.000    1.321
 928500.000   -0.150
 929000.000   -2.764
 929500.000   -0.579
 930000.000    0.460
 930500.000    2.107
 931000.000    0.966
 931500.000   -1.117
 932000.000    0.964
 932500.000   -1.990
 933000.000    1.484
 933500.000   -1.704
 934000.000   -1.981
 934500.000   -1.717
 935000.000   -0.253
 935500.000   -1.034
 936000.000    0.359
 936500.000    0.446
 937000.000   -0.856
 937500.000   -1.988
 938000.000   -2.941
 938500.000   -0.173
 939000.000    1.933
 939500.000   -3.121
 940000.000    1.555
 940500.000   -2.609
 941000.000    1.406
 941500.000   -0.858
 942000.000    3.394
 942500.000    0.528
 943000.000    2.968
 943500.000    0.189
 944000.000   -2.338
 944500.000   -3.458
 945000.000    1.314
 945500.000    1.307
 946000.000    0.957
 946500.000    0.361
 947000.000    2.271
 947500.000    0.624
 948000.000   -0.780
 948500.000   -0.785
 949000.000    0.620
 949500.000    0.192
 950000.000    1.751
 950500.000   -2.166
 951000.000    1.672
 951500.000   -0.354
 952000.000    1.846
 952500.000    1.220
 953000.000    0.441
 953500.000    0.778
 954000.000    2.961
 954500.000    4.002
 955000.000    0.780
 955500.000   -0.079
 956000.000    1.133
 956500.000    3.062
 957000.000    1.648
 957500.000   -1.367
 958000.000   -0.159
 958500.000   -1.987
 959000.000   -2.231
 959500.000   -4.329
 960000.000   -4.418
 960500.000   -3.635
 961000.000   -0.945
 961500.000    0.782
 962000.000   -2.514
 962500.000   -2.590
 963000.000    1.852
 963500.000   -0.773
 964000.000   -3.452
 964500.000   -3.534
 965000.000   -2.762
 965500.000   -1.715
 966000.000   -2.329
 966500.000   -2.938
 967000.000   -2.585
 967500.000   -1.381
 968000.000   -2.331
 968500.000   -0.840
 969000.000   -2.769
 969500.000    2.443
 970000.000   -1.193
 970500.000   -2.475
 971000.000   -2.159
 971500.000    1.678
 972000.000   -0.409
 972500.000   -0.150
 973000.000    0.100
 973500.000   -1.192
 974000.000   -2.764
 974500.000   -1.211
 975000.000   -2.233
 975500.000   -0.331
 976000.000    0.542
 976500.000    0.194
 977000.000    0.620
 977500.000   -2.519
 978000.000    0.191
 978500.000    1.665
 979000.000   -1.653
 979500.000   -1.451
 980000.000   -1.041
 980500.000   -1.280
 981000.000   -0.677
 981500.000    0.789
 982000.000   -0.235
 982500.000   -1.120
 983000.000   -0.334
 983500.000   -1.110
 984000.000   -3.472
 984500.000   -1.722
 985000.000   -0.077
 985500.000    0.979
 986000.000   -0.427
 986500.000    2.533
 987000.000    0.720
 987500.000   -3.992
 988000.000   -3.110
 988500.000   -2.412
 989000.000   -1.807
 989500.000   -0.333
 990000.000   -3.215
 990500.000   -2.063
 991000.000   -3.738
 991500.000   -0.079
 992000.000   -1.195
 992500.000    1.568
 993000.000   -2.940
 993500.000   -0.247
 994000.000   -3.378
 994500.000   -1.032
 995000.000   -1.546
 995500.000   -1.896
 996000.000   -0.067
 996500.000   -1.286
 997000.000   -2.166
 997500.000    1.497
 998000.000   -1.027
 998500.000   -1.476
 999000.000    0.097
 999500.000   -3.016
1000000.000   -2.079
