       1    2.470    0.132
       2    1.722    0.122
       3    0.846    0.085
       4    0.449    0.073
       5    1.344    0.117
       6    1.709    0.139
       7    0.487    0.072
       8    1.897    0.136
       9    0.689    0.119
      10    2.242    0.158
      11    1.233    0.088
      12    1.021    0.151
      13    0.421    0.097
      14    2.393    0.267
      15    1.038    0.171
      16    1.612    0.250
      17    1.923    0.227
      18    1.518    0.173
      19    1.535    0.174
      20    2.155    0.263
      21    2.671    0.190
