40.626 46.974 -115.2225
42.386 46.835 -117.8145
42.687 44.45 -117.608
50.019 55.653 -138.959
37.762 37.972 -100.068
40.39 38.54 -100.733
36.776 37.157 -98.7095
41.401 45.523 -113.664
53.685 52.857 -131.907
45.594 47.157 -120.1095
46.563 52.388 -128.633
50.396 54.831 -135.1035
46.652 52.227 -116.0315
41.17 44.84 -109.9905
47.036 48.592 -114.7795
41.51 43.35 -100.0725
35.552 38.829 -95.3335
30.855 35.373 -87.6985
40.8 46.85 -107.9385
33.404 38.901 -94.4415
31.608 37.013 -81.32
41.479 44.686 -109.319
43.189 49.389 -116.8735
39.381 42.306 -105.537
38.843 38.444 -93.934
41.308 46.332 -111.918
30.881 36.272 -99.7475
36.107 36.746 -93.527
38.665 41.461 -107.5855
33.608 39.187 -97.665
24.513 29.864 -69.2565
24.346 26.479 -70.962
25.558 28.953 -77.912
32.601 32.23 -87.5395
35.918 37.869 -96.7945
31.92 35.796 -81.4645
25.793 27.836 -75.987
30.05 30.557 -81.1175
20.568 23.331 -59.872
29.987 33.526 -81.554
25.182 27.668 -65.716
23.701 27.812 -65.7815
28.502 30.231 -71.536
28.932 28.135 -68.591
30.064 37.144 -74.4845
31.21 32.548 -73.958
31.276 33.746 -75.4215
31.102 31.271 -78.711
36.273 35.172 -82.6485
70.357 36.384 -84.026
41.767 39.949 -88.245
38.165 41.201 -97.651
32.463 33.692 -79.56
36.699 38.907 -86.62
32.835 34.01 -77.3025
29.014 32.747 -77.876
33.286 31.986 -81.817
36.051 30.241 -80.175
37.624 36.386 -96.1
32.539 35.038 -79.904
33.026 37.562 -91.832
31.126 30.902 -74.654
33.536 33.419 -80.234
40.01 39.752 -85.4365
43.598 43.692 -95.9745
46.946 47.266 -95.8675
50.239 52.846 -115.9005
49.204 50.617 -113.7505
48.857 52.318 -118.0915
54.675 53.43 -127.4935
46.108 51.281 -114.7175
46.683 42.307 -94.029
41.156 39.394 -96.564
46.512 46.961 -117.0445
45.632 46.226 -117.9945
42.5 40.869 -107.638
46.348 46.149 -123.4755
50.749 47.903 -114.122
50.069 49.353 -122.418
49.216 45.149 -107.9605
51.696 44.873 -119.908
55.463 54.254 -132.5815
41.177 38.052 -95.5975
47.226 42.815 -100.4985
49.773 50.273 -116.847
51.0 50.318 -112.453
50.753 45.888 -111.3975
46.354 41.252 -104.7265
52.689 43.6 -113.796
46.324 39.032 -93.4515
44.314 36.88 -90.5225
49.971 41.675 -101.017
51.834 47.025 -119.4055
52.774 45.832 -123.8535
43.65 36.117 -105.228
44.046 39.31 -108.6325
45.377 44.122 -113.128
39.12 37.025 -95.124
24.222 26.473 -61.472
34.82 36.522 -87.386
38.047 40.559 -97.112
