 750000.000    5.972  689.547
 750500.000    5.978  688.920
 751000.000    5.969  689.896
 751500.000    5.823  707.229
 752000.000    6.201  664.086
 752500.000    6.333  650.274
 753000.000    6.099  675.190
 753500.000    5.845  704.505
 754000.000    6.084  676.899
 754500.000    5.970  689.801
 755000.000    6.004  685.848
 755500.000    5.941  693.157
 756000.000    5.687  724.093
 756500.000    5.810  708.812
 757000.000    5.897  698.374
 757500.000    5.987  687.876
 758000.000    5.978  688.915
 758500.000    6.086  676.654
 759000.000    6.200  664.177
 759500.000    6.084  676.881
 760000.000    5.949  692.198
 760500.000    5.930  694.405
 761000.000    5.965  690.425
 761500.000    6.121  672.759
 762000.000    5.885  699.819
 762500.000    5.979  688.718
 763000.000    5.925  695.027
 763500.000    5.982  688.462
 764000.000    5.735  718.049
 764500.000    5.952  691.867
 765000.000    5.932  694.199
 765500.000    6.033  682.594
 766000.000    5.928  694.640
 766500.000    5.765  714.391
 767000.000    5.959  691.130
 767500.000    6.086  676.688
 768000.000    6.081  677.215
 768500.000    5.971  689.674
 769000.000    5.999  686.425
 769500.000    5.876  700.864
 770000.000    5.966  690.297
 770500.000    5.875  701.012
 771000.000    5.937  693.688
 771500.000    5.924  695.123
 772000.000    5.883  699.977
 772500.000    6.043  681.469
 773000.000    5.947  692.501
 773500.000    6.186  665.753
 774000.000    6.100  675.087
 774500.000    5.904  697.465
 775000.000    5.896  698.489
 775500.000    5.806  709.235
 776000.000    5.917  696.036
 776500.000    6.144  670.274
 777000.000    5.929  694.543
 777500.000    5.809  708.915
 778000.000    5.897  698.297
 778500.000    5.947  692.442
 779000.000    5.948  692.393
 779500.000    5.760  715.000
 780000.000    6.007  685.585
 780500.000    6.093  675.832
 781000.000    5.944  692.844
 781500.000    6.177  666.653
 782000.000    5.900  697.948
 782500.000    5.985  688.085
 783000.000    5.654  728.414
 783500.000    5.659  727.751
 784000.000    5.721  719.887
 784500.000    5.953  691.716
 785000.000    5.903  697.576
 785500.000    6.034  682.459
 786000.000    5.941  693.208
 786500.000    5.969  689.923
 787000.000    5.994  686.985
 787500.000    5.953  691.812
 788000.000    5.665  726.891
 788500.000    6.108  674.248
 789000.000    6.125  672.319
 789500.000    5.790  711.232
 790000.000    6.037  682.124
 790500.000    6.002  686.120
 791000.000    6.037  682.180
 791500.000    5.935  693.897
 792000.000    5.830  706.322
 792500.000    6.166  667.915
 793000.000    5.993  687.163
 793500.000    5.849  704.035
 794000.000    5.843  704.800
 794500.000    5.834  705.886
 795000.000    5.987  687.852
 795500.000    5.809  708.933
 796000.000    5.998  686.597
 796500.000    5.873  701.214
 797000.000    5.805  709.426
 797500.000    6.151  669.457
 798000.000    6.150  669.617
 798500.000    5.940  693.271
 799000.000    5.829  706.447
 799500.000    6.010  685.237
 800000.000    5.933  694.114
 800500.000    5.838  705.438
 801000.000    6.052  680.512
 801500.000    6.052  680.496
 802000.000    5.937  693.626
 802500.000    6.021  683.974
 803000.000    6.078  677.586
 803500.000    5.879  700.429
 804000.000    6.043  681.476
 804500.000    6.045  681.189
 805000.000    5.919  695.699
 805500.000    6.033  682.573
 806000.000    6.136  671.157
 806500.000    5.639  730.303
 807000.000    5.742  717.145
 807500.000    5.922  695.351
 808000.000    5.900  698.043
 808500.000    5.769  713.888
 809000.000    5.891  699.099
 809500.000    5.839  705.336
 810000.000    5.962  690.707
 810500.000    5.925  695.023
 811000.000    5.898  698.231
 811500.000    6.070  678.473
 812000.000    5.979  688.728
 812500.000    5.655  728.166
 813000.000    5.860  702.801
 813500.000    5.807  709.116
 814000.000    5.957  691.270
 814500.000    6.129  671.903
 815000.000    6.115  673.397
 815500.000    6.077  677.665
 816000.000    6.031  682.827
 816500.000    5.929  694.517
 817000.000    5.895  698.596
 817500.000    5.997  686.687
 818000.000    5.711  721.110
 818500.000    5.756  715.486
 819000.000    5.957  691.340
 819500.000    5.828  706.618
 820000.000    6.062  679.332
 820500.000    6.084  676.917
 821000.000    5.849  704.065
 821500.000    5.710  721.155
 822000.000    5.716  720.420
 822500.000    5.979  688.821
 823000.000    5.878  700.601
 823500.000    5.926  694.908
 824000.000    5.833  705.997
 824500.000    5.969  689.897
 825000.000    6.032  682.712
 825500.000    5.773  713.395
 826000.000    5.990  687.447
 826500.000    5.800  710.046
 827000.000    5.775  713.057
 827500.000    5.724  719.508
 828000.000    5.757  715.385
 828500.000    5.906  697.269
 829000.000    5.897  698.307
 829500.000    6.138  670.906
 830000.000    5.907  697.211
 830500.000    5.839  705.312
 831000.000    5.820  707.562
 831500.000    5.859  702.826
 832000.000    6.004  685.855
 832500.000    6.027  683.276
 833000.000    5.828  706.632
 833500.000    5.661  727.454
 834000.000    6.223  661.735
 834500.000    5.712  721.004
 835000.000    5.995  686.960
 835500.000    5.941  693.200
 836000.000    5.931  694.334
 836500.000    5.920  695.620
 837000.000    5.830  706.327
 837500.000    5.839  705.333
 838000.000    5.992  687.268
 838500.000    5.763  714.588
 839000.000    5.743  717.099
 839500.000    6.093  675.847
 840000.000    5.714  720.663
 840500.000    5.829  706.436
 841000.000    5.977  689.029
 841500.000    5.985  688.067
 842000.000    5.973  689.449
 842500.000    5.966  690.234
 843000.000    6.094  675.751
 843500.000    6.153  669.336
 844000.000    5.951  692.013
 844500.000    5.910  696.762
 845000.000    6.063  679.221
 845500.000    6.005  685.834
 846000.000    5.886  699.656
 846500.000    6.059  679.649
 847000.000    5.970  689.844
 847500.000    6.108  674.230
 848000.000    5.929  694.572
 848500.000    6.054  680.176
 849000.000    5.762  714.757
 849500.000    5.937  693.620
 850000.000    6.058  679.824
 850500.000    5.869  701.672
 851000.000    5.834  705.848
 851500.000    5.899  698.063
 852000.000    6.003  686.033
 852500.000    5.982  688.407
 853000.000    5.703  722.041
 853500.000    5.745  716.837
 854000.000    5.981  688.547
 854500.000    5.792  710.967
 855000.000    5.964  690.548
 855500.000    5.901  697.893
 856000.000    5.810  708.828
 856500.000    5.778  712.719
 857000.000    5.832  706.137
 857500.000    5.887  699.584
 858000.000    5.916  696.087
 858500.000    5.983  688.290
 859000.000    5.927  694.852
 859500.000    5.825  706.987
 860000.000    5.681  724.938
 860500.000    5.941  693.115
 861000.000    6.080  677.307
 861500.000    5.921  695.541
 862000.000    5.875  700.937
 862500.000    5.690  723.723
 863000.000    5.983  688.357
 863500.000    5.815  708.164
 864000.000    5.867  701.955
 864500.000    5.940  693.307
 865000.000    5.977  689.003
 865500.000    5.830  706.388
 866000.000    5.818  707.804
 866500.000    5.703  722.037
 867000.000    6.105  674.524
 867500.000    6.070  678.395
 868000.000    6.042  681.533
 868500.000    5.944  692.844
 869000.000    5.675  725.710
 869500.000    6.110  674.033
 870000.000    6.094  675.718
 870500.000    6.067  678.777
 871000.000    6.267  657.083
 871500.000    6.025  683.532
 872000.000    6.122  672.699
 872500.000    5.855  703.344
 873000.000    6.192  665.054
 873500.000    5.995  686.983
 874000.000    6.082  677.063
 874500.000    5.968  690.019
 875000.000    5.918  695.899
 875500.000    5.880  700.390
 876000.000    6.007  685.553
 876500.000    6.031  682.811
 877000.000    5.965  690.375
 877500.000    5.997  686.657
 878000.000    5.950  692.166
 878500.000    6.034  682.497
 879000.000    5.759  715.058
 879500.000    5.961  690.794
 880000.000    6.114  673.505
 880500.000    5.959  691.131
 881000.000    5.878  700.585
 881500.000    6.049  680.842
 882000.000    5.933  694.128
 882500.000    6.089  676.370
 883000.000    5.906  697.326
 883500.000    5.963  690.582
 884000.000    5.825  707.017
 884500.000    5.783  712.122
 885000.000    5.772  713.434
 885500.000    5.941  693.217
 886000.000    5.929  694.619
 886500.000    5.900  697.977
 887000.000    5.787  711.604
 887500.000    5.946  692.545
 888000.000    6.019  684.239
 888500.000    5.913  696.464
 889000.000    5.903  697.581
 889500.000    5.788  711.443
 890000.000    5.931  694.314
 890500.000    6.062  679.296
 891000.000    6.030  682.959
 891500.000    5.901  697.850
 892000.000    6.084  676.852
 892500.000    5.915  696.271
 893000.000    6.113  673.639
 893500.000    5.896  698.454
 894000.000    6.049  680.756
 894500.000    5.902  697.778
 895000.000    6.075  677.888
 895500.000    5.885  699.786
 896000.000    5.807  709.175
 896500.000    5.918  695.901
 897000.000    5.938  693.569
 897500.000    5.780  712.417
 898000.000    6.081  677.253
 898500.000    5.986  688.011
 899000.000    5.694  723.246
 899500.000    5.907  697.200
 900000.000    5.908  696.996
 900500.000    6.002  686.182
 901000.000    6.132  671.532
 901500.000    5.975  689.189
 902000.000    5.979  688.741
 902500.000    6.003  685.973
 903000.000    5.803  709.652
 903500.000    5.858  703.011
 904000.000    6.002  686.162
 904500.000    6.078  677.540
 905000.000    6.070  678.482
 905500.000    6.096  675.591
 906000.000    6.002  686.141
 906500.000    5.886  699.697
 907000.000    5.961  690.795
 907500.000    5.910  696.753
 908000.000    5.992  687.272
 908500.000    6.022  683.813
 909000.000    5.804  709.504
 909500.000    5.986  687.936
 910000.000    5.842  704.945
 910500.000    6.031  682.867
 911000.000    5.948  692.313
 911500.000    6.067  678.799
 912000.000    6.026  683.394
 912500.000    6.099  675.207
 913000.000    5.990  687.449
 913500.000    5.882  700.175
 914000.000    6.077  677.646
 914500.000    6.034  682.504
 915000.000    6.093  675.843
 915500.000    6.059  679.675
 916000.000    5.855  703.304
 916500.000    5.945  692.718
 917000.000    6.153  669.323
 917500.000    5.854  703.488
 918000.000    5.900  698.013
 918500.000    6.004  685.914
 919000.000    5.827  706.714
 919500.000    5.906  697.279
 920000.000    5.998  686.636
 920500.000    5.869  701.682
 921000.000    5.738  717.750
 921500.000    5.853  703.592
 922000.000    5.981  688.486
 922500.000    6.017  684.420
 923000.000    5.993  687.120
 923500.000    6.015  684.635
 924000.000    6.014  684.738
 924500.000    5.847  704.262
 925000.000    5.952  691.852
 925500.000    5.828  706.654
 926000.000    5.894  698.740
 926500.000    5.949  692.203
 927000.000    6.150  669.590
 927500.000    5.993  687.142
 928000.000    5.993  687.154
 928500.000    6.039  681.957
 929000.000    5.985  688.119
 929500.000    5.981  688.588
 930000.000    5.794  710.780
 930500.000    5.694  723.257
 931000.000    5.852  703.712
 931500.000    5.842  704.967
 932000.000    5.880  700.317
 932500.000    5.789  711.428
 933000.000    5.907  697.213
 933500.000    5.933  694.066
 934000.000    6.118  673.150
 934500.000    5.839  705.294
 935000.000    5.853  703.638
 935500.000    5.966  690.263
 936000.000    6.138  670.928
 936500.000    6.103  674.823
 937000.000    5.999  686.486
 937500.000    5.779  712.633
 938000.000    5.607  734.466
 938500.000    5.809  708.865
 939000.000    5.809  708.951
 939500.000    5.947  692.428
 940000.000    6.192  665.123
 940500.000    5.782  712.190
 941000.000    6.162  668.355
 941500.000    6.012  684.945
 942000.000    6.047  681.021
 942500.000    5.876  700.851
 943000.000    5.886  699.630
 943500.000    6.142  670.441
 944000.000    5.755  715.578
 944500.000    5.975  689.224
 945000.000    6.054  680.217
 945500.000    5.913  696.394
 946000.000    5.911  696.733
 946500.000    5.981  688.537
 947000.000    5.942  693.050
 947500.000    6.049  680.748
 948000.000    6.073  678.114
 948500.000    5.938  693.561
 949000.000    6.066  678.831
 949500.000    6.020  684.091
 950000.000    5.981  688.487
 950500.000    5.984  688.244
 951000.000    6.170  667.493
 951500.000    6.001  686.210
 952000.000    5.833  706.016
 952500.000    6.084  676.838
 953000.000    5.965  690.363
 953500.000    5.996  686.863
 954000.000    6.159  668.596
 954500.000    5.930  694.417
 955000.000    6.158  668.744
 955500.000    6.055  680.120
 956000.000    5.939  693.369
 956500.000    6.159  668.657
 957000.000    5.981  688.481
 957500.000    5.904  697.567
 958000.000    5.944  692.859
 958500.000    6.193  664.939
 959000.000    5.942  693.092
 959500.000    6.133  671.523
 960000.000    5.732  718.436
 960500.000    6.168  667.694
 961000.000    5.987  687.837
 961500.000    6.147  669.917
 962000.000    5.957  691.339
 962500.000    6.090  676.210
 963000.000    6.008  685.404
 963500.000    5.903  697.686
 964000.000    6.126  672.267
 964500.000    5.973  689.486
 965000.000    6.062  679.311
 965500.000    5.912  696.616
 966000.000    5.735  718.130
 966500.000    5.953  691.722
 967000.000    6.108  674.199
 967500.000    5.873  701.235
 968000.000    5.922  695.377
 968500.000    6.156  668.967
 969000.000    6.282  655.508
 969500.000    5.998  686.527
 970000.000    6.169  667.547
 970500.000    5.840  705.192
 971000.000    5.924  695.187
 971500.000    5.992  687.283
 972000.000    6.027  683.280
 972500.000    5.987  687.890
 973000.000    6.002  686.159
 973500.000    6.142  670.518
 974000.000    5.999  686.507
 974500.000    5.803  709.699
 975000.000    6.045  681.210
 975500.000    5.981  688.578
 976000.000    5.975  689.198
 976500.000    5.901  697.858
 977000.000    6.046  681.136
 977500.000    5.778  712.705
 978000.000    5.894  698.707
 978500.000    6.108  674.189
 979000.000    5.873  701.141
 979500.000    6.009  685.285
 980000.000    5.933  694.108
 980500.000    6.009  685.317
 981000.000    5.981  688.523
 981500.000    5.761  714.771
 982000.000    5.925  695.076
 982500.000    6.050  680.715
 983000.000    6.003  686.048
 983500.000    6.012  684.955
 984000.000    5.938  693.512
 984500.000    5.889  699.349
 985000.000    6.106  674.438
 985500.000    6.001  686.251
 986000.000    5.934  694.021
 986500.000    6.042  681.527
 987000.000    5.910  696.780
 987500.000    6.033  682.565
 988000.000    5.821  707.495
 988500.000    5.866  702.050
 989000.000    5.832  706.140
 989500.000    5.825  706.918
 990000.000    5.990  687.444
 990500.000    5.810  708.811
 991000.000    5.928  694.716
 991500.000    6.085  676.774
 992000.000    5.942  693.081
 992500.000    6.063  679.230
 993000.000    5.794  710.813
 993500.000    6.139  670.786
 994000.000    6.175  666.860
 994500.000    5.982  688.462
 995000.000    5.972  689.516
 995500.000    6.097  675.470
 996000.000    5.907  697.210
 996500.000    6.008  685.483
 997000.000    6.179  666.480
 997500.000    5.971  689.732
 998000.000    6.208  663.312
 998500.000    5.969  689.925
 999000.000    5.968  690.011
 999500.000    6.132  671.557
1000000.000    6.193  664.992
