31.438 34.673 -86.348
34.23 38.827 -92.4675
29.233 33.855 -83.8845
32.212 32.861 -85.173
28.501 30.831 -74.242
26.946 33.192 -73.833
35.423 34.231 -85.803
25.879 29.239 -63.058
32.73 34.857 -86.0955
39.097 44.955 -104.6565
40.94 42.256 -111.491
42.934 45.798 -124.625
42.219 43.223 -115.3525
49.082 48.742 -119.9295
40.164 50.799 -103.1205
46.871 52.596 -116.437
43.79 49.556 -117.488
47.99 54.413 -131.697
46.6 57.476 -131.9525
47.311 56.945 -135.928
45.227 55.946 -124.063
45.761 50.276 -118.128
47.925 50.629 -118.992
54.102 53.998 -137.8205
60.173 61.153 -158.957
55.293 66.458 -149.4945
54.668 64.428 -153.0405
51.886 55.644 -132.777
52.366 57.919 -131.0785
52.773 57.421 -141.8865
50.702 56.337 -121.6765
53.279 57.495 -151.865
47.209 57.098 -123.8995
50.13 55.991 -131.034
46.693 55.151 -123.382
45.825 53.111 -120.0165
40.846 46.389 -108.8685
49.064 58.334 -134.9985
54.833 62.868 -147.3405
45.518 52.792 -121.2545
52.439 56.768 -136.598
51.216 56.305 -134.466
57.458 63.591 -153.4695
57.991 64.383 -148.6835
53.178 55.652 -125.671
57.027 66.616 -157.012
58.519 57.858 -145.81
60.053 60.632 -152.0545
56.888 56.123 -144.4865
53.507 62.291 -152.374
48.866 54.408 -132.9435
50.034 61.27 -140.4445
47.518 53.115 -126.8755
46.391 49.386 -124.555
47.258 58.326 -135.103
46.425 47.761 -119.5155
37.984 46.85 -110.312
41.42 51.167 -112.6715
48.377 50.975 -124.701
51.75 54.367 -133.6445
44.19 46.747 -119.0975
38.931 42.954 -100.552
42.456 51.2 -108.7565
43.195 47.711 -113.8915
38.093 46.169 -108.0595
40.31 48.674 -109.3135
38.539 45.787 -99.6325
41.063 44.555 -106.943
41.78 43.099 -109.243
47.215 54.315 -124.947
46.366 48.474 -127.529
40.791 44.012 -112.1475
50.778 51.777 -130.0725
53.335 51.754 -133.6785
48.213 52.437 -123.8915
50.841 53.779 -137.6845
49.931 56.774 -134.109
54.236 57.728 -143.1235
53.146 57.719 -129.346
53.005 54.06 -125.5525
50.748 56.554 -133.7625
49.072 60.024 -132.452
50.835 55.851 -139.0905
54.47 56.171 -134.0035
50.596 58.78 -138.3735
68.301 64.381 -153.883
52.117 58.209 -139.547
69.673 69.916 -169.9225
61.651 64.344 -151.9745
54.123 61.109 -143.17
56.813 56.733 -141.5545
59.371 65.191 -152.4615
49.363 53.37 -125.015
58.331 62.714 -149.734
57.715 63.83 -147.9545
42.747 46.124 -116.1905
32.465 44.675 -95.4595
35.304 45.118 -106.4195
38.45 45.531 -104.085
48.631 48.006 -119.1995
40.125 43.491 -110.269
