-1.983
-9.999
-6.288
-11.388
-9.8955
-12.671
-2.855
-8.353
-2.837
-10.944
-9.6335
-5.043
-4.1645
-6.453
-6.1235
-1.8935
-4.4865
-2.165
1.6575
-18.5135
-14.983
-10.483
-14.546
-15.242
-18.286
-13.634
-5.66
-11.848
-14.57
-26.43
-7.295
-19.176
-15.8115
-19.746
-26.0395
-18.031
-16.3515
-17.744
-22.344
-15.571
-10.552
-8.425
-10.38
2.774
-1.189
-13.736
-9.072
-15.338
-6.7305
-13.699
-8.702
-13.77
-4.508
-0.894
-8.657
-3.6
-14.9775
-17.2925
-15.875
-16.354
-20.838
-18.6545
-25.248
-18.4125
-16.1975
-18.949
-10.255
-6.828
-7.0295
-10.067
-10.271
-12.414
0.263
-4.7365
-5.3365
-4.998
-6.146
-0.8975
-6.298
-10.037
-1.966
-3.366
-9.506
-1.52
5.459
-5.064
-5.8905
-2.8715
-11.2435
-13.164
-5.0965
-16.6105
-0.6015
-10.86
-14.319
-27.472
-25.1715
-8.926
-9.35
-4.973
-21.702
