26.645 24.539 -63.9805
38.927 34.688 -77.6325
42.118 32.833 -80.447
38.532 36.399 -92.0635
40.628 35.751 -91.6715
38.392 34.032 -84.903
37.975 34.004 -83.406
39.453 33.345 -80.7735
37.776 37.124 -77.588
37.534 34.879 -81.849
44.34 49.421 -93.847
33.506 34.144 -74.841
26.308 25.797 -65.463
35.496 34.59 -82.978
33.119 34.817 -78.819
31.373 26.441 -63.536
33.752 36.658 -74.506
30.152 39.713 -77.519
44.059 46.599 -100.971
32.723 31.174 -74.04
31.815 32.908 -73.159
27.556 23.132 -52.095
34.207 37.442 -77.075
37.502 38.022 -85.391
29.756 34.176 -71.645
28.789 32.503 -61.041
37.742 35.725 -85.697
25.589 24.885 -63.202
33.383 26.79 -71.848
32.365 29.509 -77.147
43.12 37.463 -87.8785
49.838 44.446 -102.617
39.161 40.867 -92.6185
35.322 31.733 -70.949
37.909 33.206 -79.5405
42.062 42.618 -97.728
41.828 37.722 -90.545
33.68 34.562 -78.264
31.803 35.677 -75.5305
37.562 40.022 -91.243
33.623 33.97 -83.8615
38.502 36.761 -85.1105
47.545 44.138 -99.03
29.872 29.137 -71.091
22.105 21.192 -52.603
23.597 22.319 -58.5085
24.388 24.996 -51.805
19.81 21.072 -48.8775
24.811 28.334 -65.963
23.487 21.401 -47.824
28.951 28.546 -63.943
19.596 15.93 -39.1115
24.068 23.546 -48.8615
18.661 21.735 -47.146
18.0 15.225 -41.383
24.1 22.901 -60.328
30.245 28.289 -62.7365
26.366 21.012 -57.231
39.252 30.142 -82.6075
46.083 35.882 -96.401
37.028 34.335 -76.081
33.191 27.38 -62.323
18.91 16.865 -46.583
22.85 20.202 -50.134
19.847 18.186 -39.891
25.565 23.674 -55.5045
34.262 31.389 -67.89
38.105 38.631 -85.347
35.331 32.069 -85.3335
33.823 34.158 -64.481
39.845 40.816 -84.018
30.297 29.895 -70.071
36.874 32.488 -82.2505
34.252 34.922 -80.636
30.274 31.026 -62.808
34.205 34.036 -72.71
33.768 32.383 -76.076
32.931 28.536 -76.646
37.975 36.912 -97.114
28.572 25.198 -71.175
31.568 30.27 -82.629
42.691 40.674 -104.676
57.936 54.696 -131.7155
49.515 54.883 -125.366
42.304 40.195 -105.594
33.904 33.173 -82.3325
34.526 37.323 -77.2665
27.427 31.746 -73.3685
32.375 34.204 -70.94
29.371 33.147 -57.347
25.163 28.417 -55.734
25.02 24.447 -62.3525
30.577 29.067 -70.2245
25.439 29.86 -65.2885
27.704 24.999 -61.008
20.959 19.949 -53.075
29.88 28.709 -57.459
28.327 27.091 -67.076
22.839 25.002 -54.1005
19.274 24.798 -42.15
19.504 23.1 -37.374
