 750000.000 0.988791 0.463736 0.926209 0.939415
 750500.000 1.015418 0.483600 0.948610 0.963544
 751000.000 0.995956 0.485747 0.924690 0.944910
 751500.000 1.013940 0.477913 0.949238 0.962651
 752000.000 0.982391 0.477718 0.911470 0.933378
 752500.000 0.993593 0.487813 0.927864 0.935716
 753000.000 1.011236 0.495012 0.947035 0.950412
 753500.000 0.999182 0.498588 0.924688 0.945035
 754000.000 1.005405 0.495351 0.931164 0.953540
 754500.000 1.002362 0.501497 0.937894 0.937186
 755000.000 1.014965 0.514620 0.951186 0.943778
 755500.000 0.987912 0.498192 0.922196 0.923741
 756000.000 0.995173 0.515913 0.918463 0.933273
 756500.000 0.994805 0.515600 0.920441 0.930708
 757000.000 1.017762 0.511607 0.947444 0.955138
 757500.000 1.008492 0.547465 0.916734 0.945512
 758000.000 1.018787 0.510568 0.948785 0.956547
 758500.000 1.014261 0.513277 0.940855 0.953304
 759000.000 1.007768 0.520764 0.939655 0.936506
 759500.000 1.024086 0.548081 0.941279 0.954519
 760000.000 0.997952 0.542615 0.925498 0.916973
 760500.000 1.005102 0.538224 0.925191 0.935307
 761000.000 0.998617 0.529493 0.924850 0.926693
 761500.000 1.011840 0.508215 0.946170 0.945579
 762000.000 1.014303 0.519907 0.953454 0.937146
 762500.000 1.010185 0.503489 0.944210 0.946527
 763000.000 1.004747 0.518971 0.941782 0.928843
 763500.000 1.040949 0.519656 0.980964 0.966860
 764000.000 1.015466 0.501672 0.957792 0.945147
 764500.000 0.997459 0.494418 0.933764 0.934604
 765000.000 1.000878 0.495146 0.939491 0.935790
 765500.000 1.000615 0.500103 0.941495 0.930561
 766000.000 1.030679 0.474784 0.976702 0.972230
 766500.000 1.016478 0.485093 0.956471 0.957237
 767000.000 1.028271 0.510995 0.959083 0.966295
 767500.000 1.012880 0.488340 0.951359 0.953044
 768000.000 1.018811 0.478302 0.957367 0.964690
 768500.000 1.000805 0.496913 0.933563 0.940617
 769000.000 1.021735 0.493573 0.963628 0.956917
 769500.000 1.023787 0.527110 0.957885 0.949153
 770000.000 1.014453 0.555985 0.923648 0.946564
 770500.000 1.010126 0.501351 0.946589 0.945159
 771000.000 1.000189 0.499389 0.929535 0.941983
 771500.000 0.996612 0.493083 0.921914 0.945207
 772000.000 1.012595 0.489419 0.944917 0.958279
 772500.000 0.994733 0.495588 0.928453 0.933464
 773000.000 0.999077 0.476708 0.933205 0.947727
 773500.000 0.997391 0.473368 0.933338 0.945716
 774000.000 0.983932 0.492229 0.911017 0.929517
 774500.000 0.993109 0.470837 0.927760 0.943454
 775000.000 1.000100 0.460237 0.937032 0.954229
 775500.000 0.999276 0.472114 0.945910 0.937799
 776000.000 0.993676 0.473764 0.933468 0.937533
 776500.000 1.024025 0.479371 0.968447 0.964142
 777000.000 0.989007 0.463991 0.933954 0.932047
 777500.000 1.003453 0.465628 0.949474 0.946321
 778000.000 0.968929 0.441534 0.917335 0.917165
 778500.000 1.010432 0.445653 0.959252 0.960819
 779000.000 1.011202 0.460902 0.954275 0.960203
 779500.000 1.035591 0.452280 0.988052 0.981882
 780000.000 1.037947 0.490271 0.972199 0.984444
 780500.000 1.030472 0.444095 0.976402 0.986491
 781000.000 1.029029 0.445027 0.977930 0.981533
 781500.000 1.011017 0.452163 0.961620 0.956633
 782000.000 1.010968 0.442090 0.959293 0.963548
 782500.000 1.008074 0.440246 0.961059 0.956543
 783000.000 1.017715 0.455068 0.961507 0.969486
 783500.000 1.015548 0.480235 0.960610 0.953562
 784000.000 1.002997 0.452713 0.954777 0.946288
 784500.000 1.012052 0.449991 0.962241 0.959218
 785000.000 1.026495 0.464056 0.971500 0.973767
 785500.000 1.013083 0.464235 0.951725 0.965081
 786000.000 1.013264 0.507797 0.941883 0.953103
 786500.000 1.006577 0.484277 0.939427 0.953597
 787000.000 1.015342 0.543358 0.921039 0.958275
 787500.000 0.981159 0.520626 0.895423 0.923317
 788000.000 0.989145 0.536973 0.903385 0.923241
 788500.000 1.017317 0.551619 0.924011 0.954877
 789000.000 1.014497 0.542638 0.925044 0.953019
 789500.000 0.995645 0.523912 0.917571 0.930697
 790000.000 1.023163 0.541403 0.934874 0.962611
 790500.000 1.018947 0.528373 0.940239 0.955658
 791000.000 0.994080 0.500693 0.923647 0.934116
 791500.000 1.016814 0.545362 0.927899 0.953626
 792000.000 1.020979 0.507222 0.940537 0.971038
 792500.000 1.023493 0.480967 0.955450 0.975121
 793000.000 1.008920 0.479992 0.941968 0.958198
 793500.000 1.015508 0.519040 0.936634 0.956989
 794000.000 1.000135 0.487253 0.932406 0.945381
 794500.000 1.016382 0.481703 0.953972 0.961231
 795000.000 0.986146 0.477809 0.919138 0.933730
 795500.000 0.993630 0.468094 0.943632 0.930080
 796000.000 0.989469 0.478734 0.932236 0.927280
 796500.000 0.997826 0.454437 0.941327 0.948000
 797000.000 0.994576 0.437111 0.945656 0.945004
 797500.000 1.015329 0.475356 0.964118 0.951997
 798000.000 1.018358 0.457263 0.964973 0.966357
 798500.000 0.985960 0.463979 0.925492 0.934036
 799000.000 1.005962 0.454864 0.954503 0.951810
 799500.000 1.012758 0.447488 0.971900 0.952116
 800000.000 1.019069 0.463236 0.965683 0.964298
 800500.000 1.007751 0.456891 0.962078 0.946984
 801000.000 1.016338 0.460190 0.963304 0.962370
 801500.000 1.018513 0.479550 0.969003 0.951736
 802000.000 0.993764 0.461728 0.943195 0.933983
 802500.000 1.008200 0.474455 0.950588 0.950899
 803000.000 0.985692 0.466917 0.936864 0.920572
 803500.000 0.993857 0.461202 0.947253 0.930327
 804000.000 1.014924 0.456689 0.970493 0.953793
 804500.000 1.022049 0.429365 0.983807 0.967957
 805000.000 1.014396 0.441660 0.972865 0.957323
 805500.000 1.010159 0.445856 0.965215 0.954156
 806000.000 1.029257 0.440888 0.982242 0.979570
 806500.000 1.011613 0.437143 0.967904 0.958536
 807000.000 1.016265 0.443277 0.972175 0.961234
 807500.000 1.023260 0.431203 0.983196 0.970315
 808000.000 1.035042 0.450381 0.991262 0.978356
 808500.000 1.030544 0.448889 0.991066 0.969707
 809000.000 1.006293 0.470164 0.964384 0.934966
 809500.000 1.058669 0.432533 1.019740 1.007275
 810000.000 1.008026 0.461422 0.965326 0.942055
 810500.000 1.010474 0.456890 0.962849 0.951993
 811000.000 1.003992 0.441142 0.959913 0.948663
 811500.000 1.025056 0.473579 0.975645 0.961935
 812000.000 1.000168 0.490713 0.948060 0.927931
 812500.000 1.006127 0.467441 0.954732 0.945815
 813000.000 1.021330 0.469764 0.972112 0.959453
 813500.000 1.033992 0.469954 0.988590 0.969593
 814000.000 1.011687 0.495819 0.962844 0.934942
 814500.000 1.036068 0.485441 0.981829 0.973258
 815000.000 1.015272 0.477420 0.962000 0.952986
 815500.000 1.025593 0.496852 0.975947 0.950973
 816000.000 1.030613 0.475666 0.984204 0.964060
 816500.000 1.029244 0.484923 0.975924 0.964940
 817000.000 1.021989 0.463745 0.977553 0.958256
 817500.000 1.014715 0.509261 0.951211 0.946120
 818000.000 0.990869 0.503020 0.927036 0.922616
 818500.000 0.987383 0.492377 0.936687 0.911062
 819000.000 0.983086 0.482392 0.933186 0.910702
 819500.000 0.966341 0.509642 0.909844 0.883221
 820000.000 0.989782 0.481255 0.934506 0.924354
 820500.000 1.023290 0.507420 0.964571 0.952036
 821000.000 1.031530 0.502575 0.966776 0.969985
 821500.000 0.998433 0.468279 0.946914 0.936913
 822000.000 1.014777 0.487246 0.961884 0.947055
 822500.000 1.006270 0.482448 0.959143 0.934049
 823000.000 1.028982 0.483637 0.979520 0.961375
 823500.000 1.033957 0.503807 0.966542 0.974736
 824000.000 1.055666 0.560917 0.969128 0.987433
 824500.000 1.011729 0.536714 0.927580 0.948012
 825000.000 1.027884 0.526540 0.953380 0.962765
 825500.000 1.021753 0.515968 0.953627 0.955161
 826000.000 1.007575 0.544432 0.918662 0.943435
 826500.000 1.025343 0.509854 0.953683 0.966020
 827000.000 1.007130 0.559600 0.914080 0.938045
 827500.000 1.018030 0.538306 0.931058 0.957144
 828000.000 1.026838 0.527608 0.950347 0.962944
 828500.000 1.050313 0.535157 0.972354 0.987141
 829000.000 1.029278 0.553598 0.935658 0.967936
 829500.000 1.030383 0.512241 0.960294 0.968928
 830000.000 1.029822 0.490067 0.970886 0.968650
 830500.000 1.031162 0.517790 0.947884 0.979795
 831000.000 1.011914 0.545843 0.925648 0.945078
 831500.000 1.012489 0.506919 0.941221 0.952578
 832000.000 1.015867 0.507144 0.947024 0.953898
 832500.000 1.014217 0.536231 0.930942 0.950303
 833000.000 1.015218 0.530692 0.934356 0.952198
 833500.000 1.013442 0.527442 0.931851 0.952673
 834000.000 1.024720 0.515714 0.951049 0.964183
 834500.000 1.010603 0.526446 0.933674 0.945380
 835000.000 1.012788 0.512404 0.942645 0.948864
 835500.000 1.029003 0.509149 0.954644 0.973200
 836000.000 1.021055 0.521620 0.944261 0.959891
 836500.000 1.024775 0.550714 0.935553 0.960094
 837000.000 1.049664 0.528164 0.966709 0.995041
 837500.000 1.015330 0.518582 0.937939 0.955579
 838000.000 1.021031 0.538775 0.937447 0.957039
 838500.000 1.019647 0.523770 0.938304 0.961567
 839000.000 1.031659 0.523523 0.949258 0.976460
 839500.000 1.017247 0.513192 0.939695 0.960829
 840000.000 1.021229 0.546485 0.927821 0.962455
 840500.000 1.001188 0.525037 0.910619 0.948612
 841000.000 1.026846 0.550741 0.921684 0.977756
 841500.000 1.033674 0.538088 0.933115 0.988292
 842000.000 1.026257 0.526587 0.933540 0.978579
 842500.000 1.016854 0.514310 0.934355 0.964597
 843000.000 1.039879 0.525804 0.953488 0.988478
 843500.000 0.997109 0.520758 0.910293 0.942672
 844000.000 1.021044 0.524897 0.933648 0.968424
 844500.000 1.032169 0.567790 0.933615 0.967843
 845000.000 1.009268 0.543052 0.909431 0.956699
 845500.000 1.018075 0.582859 0.907398 0.953866
 846000.000 1.014313 0.542181 0.916247 0.961349
 846500.000 1.034847 0.563748 0.933397 0.976102
 847000.000 1.034691 0.500512 0.963075 0.981399
 847500.000 1.025252 0.516722 0.955821 0.960047
 848000.000 1.013080 0.526213 0.930602 0.953803
 848500.000 1.012922 0.528026 0.932687 0.950423
 849000.000 1.013840 0.521053 0.936981 0.952005
 849500.000 1.005472 0.518723 0.922375 0.949789
 850000.000 1.016636 0.528004 0.932924 0.958105
 850500.000 1.010879 0.499392 0.937492 0.956801
 851000.000 1.007008 0.484242 0.934245 0.959596
 851500.000 1.019048 0.501868 0.941050 0.969262
 852000.000 1.033932 0.524443 0.942286 0.987464
 852500.000 1.009336 0.518617 0.924984 0.955489
 853000.000 1.005306 0.500943 0.927607 0.953877
 853500.000 1.005864 0.511029 0.924039 0.953166
 854000.000 1.014295 0.500879 0.940239 0.960552
 854500.000 0.989238 0.495065 0.911793 0.938472
 855000.000 1.037081 0.530835 0.950498 0.982773
 855500.000 1.025326 0.514764 0.953168 0.963885
 856000.000 1.010830 0.515294 0.935800 0.949896
 856500.000 1.006101 0.527119 0.920201 0.948607
 857000.000 0.999721 0.513774 0.920929 0.941706
 857500.000 1.029230 0.529728 0.942379 0.974648
 858000.000 1.056392 0.568580 0.957297 0.996106
 858500.000 0.995041 0.515368 0.916581 0.935140
 859000.000 1.000561 0.539300 0.906829 0.942901
 859500.000 1.030859 0.546002 0.952203 0.959442
 860000.000 1.027086 0.547305 0.934961 0.967530
 860500.000 1.030260 0.533444 0.953647 0.963777
 861000.000 1.001601 0.521416 0.929830 0.932713
 861500.000 1.005473 0.525899 0.933526 0.934832
 862000.000 1.010611 0.527232 0.929314 0.949247
 862500.000 1.012516 0.516777 0.931573 0.956813
 863000.000 1.012386 0.559091 0.903607 0.959565
 863500.000 0.992914 0.542039 0.888586 0.942532
 864000.000 1.022452 0.601183 0.891029 0.967195
 864500.000 1.017842 0.618564 0.870318 0.965366
 865000.000 1.026371 0.586565 0.912161 0.964768
 865500.000 1.018616 0.559807 0.922879 0.953975
 866000.000 1.022457 0.582646 0.906606 0.964067
 866500.000 1.012164 0.580053 0.896683 0.953125
 867000.000 1.037979 0.628418 0.905140 0.969851
 867500.000 1.020805 0.603522 0.904423 0.949664
 868000.000 1.025472 0.598410 0.902865 0.964327
 868500.000 1.041683 0.580114 0.930621 0.983677
 869000.000 1.038997 0.574659 0.936959 0.975144
 869500.000 1.055682 0.650286 0.899619 0.998370
 870000.000 1.038444 0.613582 0.897647 0.987157
 870500.000 1.043730 0.601391 0.920385 0.984868
 871000.000 1.036879 0.660834 0.861218 0.985819
 871500.000 1.033058 0.643851 0.874480 0.977323
 872000.000 1.019720 0.602297 0.877976 0.972652
 872500.000 1.039508 0.624774 0.894670 0.985077
 873000.000 1.049167 0.677151 0.868398 0.994411
 873500.000 1.046337 0.658897 0.883774 0.987140
 874000.000 1.056647 0.647814 0.910289 0.992328
 874500.000 1.057290 0.630250 0.915105 1.000545
 875000.000 1.034728 0.664024 0.866742 0.974245
 875500.000 1.006570 0.700215 0.791557 0.953678
 876000.000 1.046268 0.711761 0.847174 0.982368
 876500.000 1.004756 0.743374 0.769131 0.935363
 877000.000 1.010583 0.734818 0.772619 0.951661
 877500.000 1.009040 0.702092 0.785762 0.962272
 878000.000 1.010857 0.751551 0.744840 0.961275
 878500.000 1.021286 0.685118 0.823835 0.968484
 879000.000 0.988531 0.701878 0.773146 0.929516
 879500.000 0.998600 0.725110 0.754638 0.948230
 880000.000 1.006405 0.714044 0.780412 0.952259
 880500.000 0.981357 0.683489 0.778850 0.923233
 881000.000 1.009999 0.669597 0.810932 0.966553
 881500.000 1.017191 0.653327 0.836210 0.971220
 882000.000 0.992454 0.709490 0.764883 0.938886
 882500.000 1.004776 0.698600 0.789606 0.952695
 883000.000 0.994141 0.709424 0.768180 0.939813
 883500.000 0.998121 0.715497 0.755592 0.953747
 884000.000 1.009695 0.727625 0.759693 0.965605
 884500.000 1.003513 0.673640 0.803918 0.956034
 885000.000 1.044707 0.758378 0.785100 0.995644
 885500.000 1.031843 0.725386 0.804588 0.977677
 886000.000 0.988440 0.662962 0.804810 0.931014
 886500.000 1.000880 0.661280 0.819176 0.946142
 887000.000 1.001872 0.704563 0.789008 0.942630
 887500.000 1.005833 0.657473 0.826923 0.952537
 888000.000 0.985364 0.613624 0.837847 0.929174
 888500.000 1.012945 0.683282 0.814379 0.960221
 889000.000 0.993228 0.710632 0.769944 0.935518
 889500.000 1.003989 0.672613 0.805718 0.956242
 890000.000 0.998432 0.674897 0.796395 0.950791
 890500.000 1.001284 0.733476 0.743696 0.956069
 891000.000 0.997980 0.735685 0.736448 0.953069
 891500.000 1.015577 0.766105 0.735609 0.966826
 892000.000 0.988083 0.720838 0.740240 0.940774
 892500.000 0.994522 0.686108 0.782350 0.946220
 893000.000 1.010726 0.770425 0.725229 0.961053
 893500.000 1.008844 0.746227 0.747828 0.958871
 894000.000 1.003680 0.723575 0.774237 0.944322
 894500.000 1.018661 0.725395 0.782800 0.967660
 895000.000 0.992685 0.694159 0.776518 0.941282
 895500.000 0.993238 0.700323 0.765590 0.946818
 896000.000 1.008285 0.693437 0.790570 0.963026
 896500.000 1.001909 0.709667 0.767273 0.956716
 897000.000 1.015392 0.729301 0.773041 0.965697
 897500.000 0.991001 0.749838 0.713201 0.945121
 898000.000 0.988481 0.708598 0.749414 0.943640
 898500.000 0.985414 0.706009 0.751885 0.937178
 899000.000 0.998377 0.735274 0.744214 0.948173
 899500.000 1.006705 0.759742 0.728107 0.958937
 900000.000 1.017513 0.742436 0.763715 0.967571
 900500.000 1.007712 0.758722 0.731330 0.959409
 901000.000 1.018327 0.737275 0.770698 0.967694
 901500.000 1.017383 0.752045 0.749754 0.970791
 902000.000 1.038009 0.773542 0.768961 0.982475
 902500.000 1.048412 0.780644 0.765667 1.001342
 903000.000 1.042323 0.747980 0.795522 0.990224
 903500.000 1.014229 0.688785 0.806782 0.965400
 904000.000 1.022578 0.748125 0.761980 0.975207
 904500.000 1.035833 0.739575 0.776681 0.997845
 905000.000 1.027901 0.754398 0.769642 0.975549
 905500.000 1.021174 0.742983 0.768660 0.970943
 906000.000 1.012642 0.742544 0.752907 0.965736
 906500.000 1.031820 0.762340 0.768632 0.978442
 907000.000 1.042856 0.797211 0.765209 0.976733
 907500.000 1.035579 0.773850 0.753211 0.989282
 908000.000 1.030218 0.803970 0.726430 0.973976
 908500.000 1.040870 0.797312 0.754503 0.980734
 909000.000 1.032656 0.736721 0.777900 0.992405
 909500.000 1.014755 0.769060 0.729070 0.967708
 910000.000 1.034561 0.774969 0.751005 0.987952
 910500.000 1.042672 0.767215 0.766076 0.999419
 911000.000 1.041884 0.781309 0.746381 1.001757
 911500.000 1.026850 0.749204 0.754519 0.989058
 912000.000 1.034337 0.767541 0.756946 0.988748
 912500.000 1.026712 0.766908 0.747486 0.980505
 913000.000 1.026390 0.747905 0.769096 0.977795
 913500.000 1.033397 0.757322 0.768939 0.985401
 914000.000 1.049363 0.814987 0.722869 1.007760
 914500.000 1.026045 0.777776 0.729681 0.983954
 915000.000 1.010828 0.760798 0.730972 0.964578
 915500.000 1.020135 0.785275 0.713332 0.977677
 916000.000 1.023579 0.797759 0.707016 0.979354
 916500.000 1.007070 0.771142 0.718243 0.958042
 917000.000 1.013991 0.775844 0.722936 0.965291
 917500.000 1.017719 0.757630 0.743346 0.972079
 918000.000 1.018549 0.771526 0.733723 0.970196
 918500.000 1.017214 0.752084 0.745312 0.973822
 919000.000 0.998940 0.751326 0.723939 0.952462
 919500.000 1.006036 0.775046 0.713830 0.956015
 920000.000 1.011884 0.762198 0.736062 0.961814
 920500.000 1.007524 0.784296 0.699566 0.962130
 921000.000 1.016721 0.793401 0.710711 0.965840
 921500.000 1.015613 0.779205 0.721843 0.966810
 922000.000 1.028687 0.772506 0.736581 0.988473
 922500.000 1.040012 0.812214 0.707328 1.001622
 923000.000 1.008662 0.762178 0.722221 0.965547
 923500.000 1.005827 0.745575 0.732174 0.965098
 924000.000 1.012899 0.760485 0.733448 0.967289
 924500.000 1.019856 0.750183 0.747865 0.978843
 925000.000 0.998305 0.771857 0.696998 0.954807
 925500.000 1.001513 0.774760 0.697791 0.958589
 926000.000 1.007991 0.838682 0.635850 0.961457
 926500.000 1.022812 0.794407 0.711176 0.977463
 927000.000 1.002012 0.756821 0.720417 0.957224
 927500.000 0.996141 0.774644 0.696281 0.948531
 928000.000 0.999258 0.773205 0.710468 0.945739
 928500.000 0.991860 0.768067 0.696581 0.944679
 929000.000 1.001751 0.766699 0.717579 0.950927
 929500.000 1.002483 0.777244 0.712275 0.947892
 930000.000 1.012519 0.793820 0.706754 0.959552
 930500.000 1.009530 0.798188 0.700538 0.954172
 931000.000 0.989814 0.787764 0.686652 0.931343
 931500.000 1.007364 0.799618 0.699378 0.949234
 932000.000 1.009555 0.816411 0.676852 0.955900
 932500.000 1.013167 0.805908 0.682190 0.968579
 933000.000 1.013380 0.827707 0.662209 0.964498
 933500.000 1.011870 0.826411 0.660674 0.963492
 934000.000 1.010494 0.820408 0.672214 0.957734
 934500.000 1.001266 0.806201 0.682604 0.942952
 935000.000 0.997963 0.815686 0.671011 0.936090
 935500.000 1.004443 0.830820 0.655093 0.947842
 936000.000 1.026613 0.839385 0.680580 0.969593
 936500.000 1.026428 0.819533 0.704675 0.968973
 937000.000 1.045741 0.813358 0.728847 0.997185
 937500.000 1.032786 0.786940 0.743254 0.980608
 938000.000 1.015232 0.747119 0.756438 0.964887
 938500.000 1.007347 0.796962 0.703909 0.948081
 939000.000 1.012344 0.779506 0.721916 0.959628
 939500.000 1.019519 0.802153 0.702115 0.970785
 940000.000 1.022397 0.799735 0.709368 0.973558
 940500.000 1.005494 0.786610 0.708243 0.949564
 941000.000 1.011050 0.814061 0.681886 0.957485
 941500.000 1.033607 0.829458 0.685447 0.989367
 942000.000 1.023807 0.802696 0.707646 0.975333
 942500.000 1.015731 0.785772 0.711515 0.969396
 943000.000 1.008743 0.780650 0.712000 0.958522
 943500.000 0.999947 0.793129 0.683589 0.950495
 944000.000 0.995586 0.797844 0.672170 0.945524
 944500.000 0.986350 0.784989 0.675087 0.934784
 945000.000 0.998275 0.793230 0.679821 0.949598
 945500.000 1.001033 0.775108 0.699125 0.956331
 946000.000 1.022337 0.794520 0.707977 0.978700
 946500.000 0.995212 0.776183 0.698873 0.943403
 947000.000 1.002226 0.785585 0.695954 0.952586
 947500.000 1.008579 0.759146 0.726282 0.964713
 948000.000 1.018096 0.788944 0.714373 0.969679
 948500.000 0.990678 0.774849 0.697467 0.935967
 949000.000 1.016108 0.813012 0.691240 0.962366
 949500.000 1.000627 0.816509 0.659663 0.949034
 950000.000 1.020318 0.837017 0.669937 0.965756
 950500.000 1.020530 0.805208 0.702408 0.970168
 951000.000 1.022176 0.821352 0.683922 0.973303
 951500.000 1.024750 0.823809 0.683730 0.976770
 952000.000 1.035599 0.833877 0.682850 0.991611
 952500.000 1.031478 0.819609 0.693064 0.987824
 953000.000 1.021987 0.810275 0.688592 0.978882
 953500.000 1.038168 0.827298 0.692261 0.995961
 954000.000 1.012579 0.824536 0.659725 0.967232
 954500.000 1.012474 0.800821 0.698344 0.959795
 955000.000 0.997315 0.790850 0.695755 0.937952
 955500.000 1.008738 0.812993 0.669550 0.962211
 956000.000 1.006316 0.806553 0.673931 0.959497
 956500.000 1.006256 0.829585 0.644873 0.959702
 957000.000 1.014440 0.820419 0.669154 0.968153
 957500.000 1.006166 0.795058 0.697716 0.951744
 958000.000 1.020667 0.827339 0.678833 0.968616
 958500.000 0.999874 0.786218 0.702126 0.942537
 959000.000 0.992278 0.790916 0.685282 0.934918
 959500.000 0.994262 0.774491 0.700090 0.941888
 960000.000 1.002708 0.800386 0.693011 0.943379
 960500.000 0.989348 0.788541 0.676983 0.936759
 961000.000 1.002649 0.809520 0.670009 0.952037
 961500.000 1.007177 0.799507 0.689813 0.955906
 962000.000 1.010617 0.811941 0.677851 0.961229
 962500.000 1.018288 0.816215 0.690221 0.964990
 963000.000 1.003666 0.813286 0.671341 0.950031
 963500.000 1.001925 0.809271 0.668696 0.951648
 964000.000 0.994483 0.815369 0.650251 0.943577
 964500.000 0.996105 0.826782 0.638368 0.945181
 965000.000 1.007578 0.818949 0.664700 0.958082
 965500.000 1.003407 0.821398 0.661151 0.949648
 966000.000 1.000299 0.832810 0.642401 0.946016
 966500.000 1.003062 0.803020 0.683945 0.948497
 967000.000 0.998866 0.787696 0.686313 0.950776
 967500.000 0.993609 0.804252 0.664966 0.941020
 968000.000 0.991356 0.825017 0.635704 0.938510
 968500.000 0.992117 0.804599 0.656726 0.943358
 969000.000 0.995965 0.817390 0.646878 0.947267
 969500.000 0.987100 0.807154 0.658871 0.929045
 970000.000 0.998160 0.830374 0.649283 0.938912
 970500.000 0.988928 0.819554 0.637931 0.936660
 971000.000 0.987968 0.835407 0.623953 0.930020
 971500.000 0.989679 0.813916 0.644421 0.938718
 972000.000 1.013822 0.833597 0.655154 0.965174
 972500.000 0.993650 0.809460 0.651080 0.946335
 973000.000 0.994771 0.840784 0.614769 0.945664
 973500.000 0.986149 0.827923 0.619145 0.936046
 974000.000 0.989120 0.814768 0.639029 0.940484
 974500.000 0.994305 0.823587 0.635341 0.946219
 975000.000 0.999114 0.814796 0.661920 0.945742
 975500.000 0.993104 0.806539 0.664699 0.938180
 976000.000 0.987359 0.790865 0.673371 0.933198
 976500.000 0.991473 0.805335 0.658596 0.940065
 977000.000 0.999443 0.814440 0.664163 0.945170
 977500.000 1.001282 0.809477 0.672659 0.947317
 978000.000 0.997362 0.815221 0.656046 0.945771
 978500.000 0.991145 0.819869 0.643085 0.937546
 979000.000 1.002981 0.830438 0.646159 0.951206
 979500.000 1.004051 0.820459 0.659384 0.953047
 980000.000 0.996467 0.811566 0.660317 0.944052
 980500.000 0.997525 0.799764 0.670889 0.948893
 981000.000 1.018021 0.821688 0.676551 0.969454
 981500.000 0.999346 0.812061 0.657498 0.951652
 982000.000 1.001351 0.829189 0.647263 0.948106
 982500.000 0.998300 0.804057 0.672111 0.946025
 983000.000 0.997205 0.797818 0.667491 0.952250
 983500.000 1.000015 0.814819 0.656654 0.951280
 984000.000 1.001538 0.804055 0.670475 0.954001
 984500.000 0.997818 0.807862 0.669894 0.943335
 985000.000 1.006445 0.828375 0.645012 0.961050
 985500.000 0.993464 0.811301 0.654501 0.941997
 986000.000 0.988491 0.795940 0.658396 0.941924
 986500.000 1.005842 0.829300 0.648132 0.956882
 987000.000 1.008175 0.815098 0.663304 0.963574
 987500.000 0.990809 0.813112 0.641170 0.944011
 988000.000 0.998598 0.800141 0.663773 0.955811
 988500.000 1.004977 0.817300 0.656235 0.959862
 989000.000 1.004603 0.804792 0.671091 0.959374
 989500.000 0.998930 0.815125 0.653938 0.950609
 990000.000 1.001715 0.808725 0.662680 0.955869
 990500.000 0.994539 0.803926 0.660760 0.946209
 991000.000 1.007078 0.800295 0.683649 0.959460
 991500.000 1.009359 0.827162 0.649621 0.965095
 992000.000 1.014762 0.817266 0.692855 0.954731
 992500.000 1.006839 0.804882 0.679789 0.957863
 993000.000 1.007436 0.807002 0.685673 0.953129
 993500.000 1.013786 0.828850 0.656577 0.968214
 994000.000 1.012700 0.813579 0.676622 0.965088
 994500.000 1.010514 0.800948 0.697178 0.956400
 995000.000 1.022097 0.803371 0.718118 0.963466
 995500.000 1.007326 0.810707 0.697004 0.941463
 996000.000 1.015236 0.826250 0.675205 0.960635
 996500.000 1.012541 0.829104 0.667777 0.957673
 997000.000 0.998308 0.805372 0.679674 0.939498
 997500.000 1.025635 0.834236 0.679715 0.972571
 998000.000 1.043597 0.844582 0.685324 0.997597
 998500.000 1.035616 0.847657 0.684963 0.978420
 999000.000 1.021056 0.815675 0.697450 0.966099
 999500.000 1.017312 0.787864 0.715126 0.968355
1000000.000 1.025012 0.831875 0.683353 0.970728
