 750000.000    6.067  702.352
 750500.000    6.049  704.393
 751000.000    5.827  731.272
 751500.000    6.088  699.886
 752000.000    5.925  719.223
 752500.000    5.946  716.605
 753000.000    5.936  717.895
 753500.000    6.001  710.063
 754000.000    6.069  702.107
 754500.000    6.064  702.649
 755000.000    6.071  701.860
 755500.000    5.952  715.957
 756000.000    6.100  698.600
 756500.000    5.985  711.971
 757000.000    6.240  682.822
 757500.000    6.000  710.132
 758000.000    6.227  684.282
 758500.000    6.019  707.980
 759000.000    6.132  694.949
 759500.000    6.072  701.740
 760000.000    6.074  701.516
 760500.000    5.950  716.145
 761000.000    6.000  710.239
 761500.000    6.045  704.851
 762000.000    6.306  675.718
 762500.000    6.142  693.770
 763000.000    6.018  708.030
 763500.000    6.036  705.942
 764000.000    5.901  722.162
 764500.000    6.043  705.192
 765000.000    6.011  708.856
 765500.000    5.998  710.448
 766000.000    5.959  715.117
 766500.000    5.905  721.668
 767000.000    6.070  701.961
 767500.000    5.968  713.959
 768000.000    5.985  711.977
 768500.000    6.223  684.773
 769000.000    6.086  700.186
 769500.000    6.056  703.611
 770000.000    6.193  688.035
 770500.000    6.083  700.455
 771000.000    6.264  680.293
 771500.000    5.829  731.027
 772000.000    6.185  688.944
 772500.000    6.061  703.064
 773000.000    6.093  699.367
 773500.000    5.955  715.541
 774000.000    5.988  711.642
 774500.000    5.988  711.563
 775000.000    6.062  702.873
 775500.000    6.150  692.854
 776000.000    6.080  700.872
 776500.000    6.027  707.049
 777000.000    5.966  714.208
 777500.000    5.974  713.322
 778000.000    6.162  691.535
 778500.000    6.137  694.348
 779000.000    5.997  710.529
 779500.000    6.105  698.029
 780000.000    6.070  702.009
 780500.000    5.932  718.334
 781000.000    6.001  710.041
 781500.000    5.880  724.678
 782000.000    5.897  722.599
 782500.000    5.865  726.493
 783000.000    6.137  694.356
 783500.000    6.036  705.924
 784000.000    5.924  719.319
 784500.000    5.977  712.868
 785000.000    6.214  685.757
 785500.000    6.190  688.411
 786000.000    6.324  673.833
 786500.000    5.866  726.446
 787000.000    6.072  701.720
 787500.000    5.902  721.932
 788000.000    6.109  697.531
 788500.000    5.994  710.857
 789000.000    6.379  667.993
 789500.000    5.910  721.011
 790000.000    6.080  700.826
 790500.000    5.946  716.670
 791000.000    6.169  690.731
 791500.000    5.966  714.249
 792000.000    6.095  699.119
 792500.000    6.071  701.844
 793000.000    5.838  729.909
 793500.000    6.257  681.002
 794000.000    5.924  719.314
 794500.000    6.027  707.025
 795000.000    6.149  692.988
 795500.000    6.151  692.752
 796000.000    5.876  725.181
 796500.000    5.845  729.041
 797000.000    5.953  715.759
 797500.000    5.997  710.561
 798000.000    6.029  706.820
 798500.000    6.014  708.592
 799000.000    5.848  728.608
 799500.000    6.268  679.841
 800000.000    6.088  699.926
 800500.000    6.148  693.130
 801000.000    6.111  697.305
 801500.000    6.148  693.073
 802000.000    6.232  683.776
 802500.000    6.188  688.592
 803000.000    5.907  721.425
 803500.000    6.176  689.980
 804000.000    6.141  693.861
 804500.000    6.072  701.780
 805000.000    6.119  696.414
 805500.000    6.175  690.096
 806000.000    6.011  708.892
 806500.000    5.996  710.678
 807000.000    6.193  688.111
 807500.000    6.132  694.956
 808000.000    6.322  673.982
 808500.000    6.277  678.845
 809000.000    6.071  701.826
 809500.000    5.906  721.467
 810000.000    5.981  712.435
 810500.000    6.029  706.763
 811000.000    5.920  719.795
 811500.000    6.143  693.615
 812000.000    6.106  697.906
 812500.000    6.025  707.192
 813000.000    6.014  708.585
 813500.000    6.192  688.214
 814000.000    6.193  688.029
 814500.000    6.087  700.042
 815000.000    6.258  680.941
 815500.000    6.211  686.052
 816000.000    6.091  699.524
 816500.000    6.316  674.682
 817000.000    6.372  668.713
 817500.000    6.229  684.125
 818000.000    6.083  700.540
 818500.000    6.182  689.332
 819000.000    6.138  694.212
 819500.000    6.034  706.138
 820000.000    6.168  690.857
 820500.000    6.270  679.557
 821000.000    6.278  678.733
 821500.000    6.278  678.699
 822000.000    6.243  682.536
 822500.000    6.131  695.022
 823000.000    6.280  678.553
 823500.000    6.141  693.863
 824000.000    6.223  684.694
 824500.000    6.053  703.938
 825000.000    6.271  679.529
 825500.000    6.395  666.360
 826000.000    6.135  694.543
 826500.000    6.095  699.122
 827000.000    6.105  697.981
 827500.000    6.027  707.054
 828000.000    6.091  699.580
 828500.000    6.131  695.009
 829000.000    6.128  695.357
 829500.000    6.349  671.176
 830000.000    6.220  685.106
 830500.000    6.207  686.519
 831000.000    6.003  709.844
 831500.000    6.189  688.508
 832000.000    6.156  692.156
 832500.000    6.259  680.789
 833000.000    6.330  673.160
 833500.000    6.109  697.490
 834000.000    6.171  690.458
 834500.000    6.059  703.274
 835000.000    6.025  707.287
 835500.000    6.068  702.184
 836000.000    6.099  698.606
 836500.000    6.025  707.255
 837000.000    6.239  683.014
 837500.000    6.021  707.718
 838000.000    6.096  699.027
 838500.000    6.113  697.077
 839000.000    6.171  690.467
 839500.000    6.117  696.597
 840000.000    6.184  689.008
 840500.000    5.938  717.547
 841000.000    6.053  703.957
 841500.000    6.002  709.925
 842000.000    6.091  699.541
 842500.000    6.040  705.489
 843000.000    6.087  700.073
 843500.000    6.025  707.252
 844000.000    5.948  716.449
 844500.000    6.260  680.691
 845000.000    6.166  691.122
 845500.000    5.916  720.320
 846000.000    6.248  682.037
 846500.000    6.059  703.294
 847000.000    6.508  654.777
 847500.000    6.300  676.337
 848000.000    6.111  697.270
 848500.000    6.147  693.237
 849000.000    6.319  674.313
 849500.000    6.110  697.428
 850000.000    6.002  709.918
 850500.000    5.856  727.677
 851000.000    5.977  712.914
 851500.000    6.054  703.901
 852000.000    6.109  697.504
 852500.000    6.141  693.885
 853000.000    6.283  678.170
 853500.000    6.268  679.828
 854000.000    6.295  676.853
 854500.000    6.006  709.421
 855000.000    6.329  673.234
 855500.000    6.116  696.706
 856000.000    6.150  692.819
 856500.000    6.036  705.974
 857000.000    6.143  693.703
 857500.000    5.963  714.541
 858000.000    6.073  701.689
 858500.000    5.792  735.690
 859000.000    6.105  698.019
 859500.000    6.284  678.103
 860000.000    6.107  697.756
 860500.000    6.122  696.091
 861000.000    6.044  704.977
 861500.000    6.227  684.248
 862000.000    6.102  698.324
 862500.000    6.142  693.745
 863000.000    6.005  709.564
 863500.000    6.008  709.300
 864000.000    6.163  691.400
 864500.000    6.137  694.324
 865000.000    6.150  692.818
 865500.000    6.177  689.824
 866000.000    6.106  697.871
 866500.000    6.308  675.556
 867000.000    6.294  677.068
 867500.000    6.142  693.765
 868000.000    6.269  679.761
 868500.000    6.024  707.371
 869000.000    6.208  686.373
 869500.000    6.020  707.873
 870000.000    6.136  694.480
 870500.000    6.121  696.174
 871000.000    6.120  696.253
 871500.000    6.062  702.932
 872000.000    5.878  724.974
 872500.000    6.109  697.561
 873000.000    6.163  691.460
 873500.000    6.252  681.612
 874000.000    6.117  696.605
 874500.000    6.269  679.747
 875000.000    6.287  677.801
 875500.000    6.111  697.331
 876000.000    6.414  664.338
 876500.000    6.417  664.052
 877000.000    6.164  691.340
 877500.000    6.184  689.079
 878000.000    6.058  703.368
 878500.000    6.035  706.126
 879000.000    6.041  705.355
 879500.000    6.429  662.762
 880000.000    6.154  692.449
 880500.000    6.361  669.916
 881000.000    6.082  700.666
 881500.000    6.331  673.066
 882000.000    6.230  683.998
 882500.000    6.322  673.972
 883000.000    6.161  691.602
 883500.000    6.083  700.485
 884000.000    6.176  689.966
 884500.000    6.143  693.621
 885000.000    6.330  673.138
 885500.000    6.198  687.508
 886000.000    6.169  690.774
 886500.000    6.251  681.663
 887000.000    6.190  688.384
 887500.000    6.205  686.703
 888000.000    6.287  677.821
 888500.000    6.050  704.369
 889000.000    6.190  688.345
 889500.000    5.999  710.325
 890000.000    6.276  678.943
 890500.000    6.220  685.067
 891000.000    6.108  697.665
 891500.000    6.119  696.379
 892000.000    5.985  711.932
 892500.000    5.989  711.526
 893000.000    5.980  712.556
 893500.000    6.096  698.991
 894000.000    6.040  705.476
 894500.000    6.143  693.687
 895000.000    6.028  706.865
 895500.000    5.966  714.203
 896000.000    6.133  694.780
 896500.000    6.063  702.837
 897000.000    6.177  689.858
 897500.000    5.969  713.858
 898000.000    6.094  699.232
 898500.000    5.981  712.408
 899000.000    6.168  690.869
 899500.000    6.052  704.047
 900000.000    6.269  679.678
 900500.000    5.969  713.849
 901000.000    6.326  673.620
 901500.000    5.944  716.931
 902000.000    6.353  670.767
 902500.000    6.252  681.593
 903000.000    6.218  685.307
 903500.000    6.036  705.968
 904000.000    6.105  697.931
 904500.000    6.255  681.216
 905000.000    6.064  702.645
 905500.000    6.009  709.127
 906000.000    6.063  702.770
 906500.000    6.052  704.028
 907000.000    6.020  707.787
 907500.000    6.082  700.568
 908000.000    6.237  683.233
 908500.000    6.049  704.407
 909000.000    6.041  705.392
 909500.000    6.019  707.978
 910000.000    6.115  696.797
 910500.000    6.067  702.329
 911000.000    6.110  697.372
 911500.000    6.072  701.763
 912000.000    6.075  701.416
 912500.000    6.188  688.621
 913000.000    6.021  707.699
 913500.000    6.255  681.276
 914000.000    6.191  688.257
 914500.000    6.221  684.944
 915000.000    6.361  669.875
 915500.000    6.232  683.695
 916000.000    6.170  690.620
 916500.000    5.924  719.317
 917000.000    6.148  693.051
 917500.000    6.134  694.713
 918000.000    5.936  717.816
 918500.000    6.027  707.039
 919000.000    5.759  739.946
 919500.000    5.862  726.868
 920000.000    5.966  714.217
 920500.000    6.043  705.115
 921000.000    6.064  702.682
 921500.000    5.817  732.583
 922000.000    6.006  709.450
 922500.000    6.022  707.588
 923000.000    6.009  709.103
 923500.000    6.093  699.355
 924000.000    6.072  701.814
 924500.000    5.863  726.771
 925000.000    6.065  702.569
 925500.000    6.055  703.775
 926000.000    5.895  722.887
 926500.000    6.031  706.558
 927000.000    5.954  715.722
 927500.000    6.048  704.515
 928000.000    5.903  721.888
 928500.000    5.841  729.552
 929000.000    5.981  712.398
 929500.000    5.952  715.923
 930000.000    5.924  719.278
 930500.000    6.267  679.938
 931000.000    5.908  721.247
 931500.000    6.108  697.604
 932000.000    5.908  721.303
 932500.000    6.025  707.239
 933000.000    6.122  696.073
 933500.000    6.281  678.436
 934000.000    6.013  708.610
 934500.000    6.218  685.241
 935000.000    5.926  719.065
 935500.000    6.206  686.627
 936000.000    6.101  698.375
 936500.000    6.210  686.138
 937000.000    6.081  700.706
 937500.000    6.084  700.368
 938000.000    6.195  687.804
 938500.000    6.101  698.383
 939000.000    6.004  709.682
 939500.000    6.178  689.719
 940000.000    5.980  712.516
 940500.000    6.094  699.183
 941000.000    6.057  703.464
 941500.000    6.142  693.745
 942000.000    6.080  700.840
 942500.000    6.114  697.001
 943000.000    6.098  698.755
 943500.000    5.983  712.184
 944000.000    6.095  699.175
 944500.000    5.923  719.456
 945000.000    5.895  722.836
 945500.000    6.129  695.234
 946000.000    6.134  694.694
 946500.000    6.098  698.774
 947000.000    5.852  728.201
 947500.000    6.066  702.505
 948000.000    6.058  703.434
 948500.000    5.919  719.908
 949000.000    6.146  693.310
 949500.000    6.079  700.976
 950000.000    6.104  698.043
 950500.000    5.870  725.963
 951000.000    5.995  710.794
 951500.000    6.223  684.768
 952000.000    5.969  713.881
 952500.000    6.092  699.418
 953000.000    5.976  712.998
 953500.000    5.981  712.484
 954000.000    5.992  711.120
 954500.000    6.139  694.078
 955000.000    6.149  692.953
 955500.000    5.923  719.452
 956000.000    6.034  706.225
 956500.000    5.906  721.498
 957000.000    5.927  718.916
 957500.000    6.069  702.130
 958000.000    6.101  698.484
 958500.000    6.037  705.835
 959000.000    6.216  685.496
 959500.000    6.159  691.874
 960000.000    6.130  695.070
 960500.000    5.994  710.915
 961000.000    5.930  718.575
 961500.000    6.082  700.666
 962000.000    5.899  722.332
 962500.000    5.933  718.148
 963000.000    6.176  689.995
 963500.000    5.864  726.654
 964000.000    5.953  715.824
 964500.000    6.068  702.203
 965000.000    6.190  688.357
 965500.000    6.178  689.780
 966000.000    6.137  694.379
 966500.000    6.168  690.827
 967000.000    6.089  699.807
 967500.000    5.902  721.951
 968000.000    6.009  709.137
 968500.000    6.048  704.593
 969000.000    6.165  691.215
 969500.000    6.130  695.105
 970000.000    5.933  718.151
 970500.000    5.996  710.659
 971000.000    5.973  713.428
 971500.000    5.992  711.078
 972000.000    5.997  710.514
 972500.000    5.997  710.489
 973000.000    5.830  730.931
 973500.000    5.847  728.733
 974000.000    5.905  721.646
 974500.000    6.083  700.528
 975000.000    5.952  715.879
 975500.000    5.984  712.039
 976000.000    5.887  723.772
 976500.000    5.972  713.467
 977000.000    6.135  694.546
 977500.000    6.055  703.753
 978000.000    6.134  694.655
 978500.000    6.138  694.237
 979000.000    6.131  694.972
 979500.000    5.869  726.039
 980000.000    6.221  684.960
 980500.000    6.146  693.358
 981000.000    5.878  724.936
 981500.000    6.263  680.391
 982000.000    5.943  717.042
 982500.000    5.957  715.263
 983000.000    6.049  704.418
 983500.000    6.050  704.317
 984000.000    6.064  702.723
 984500.000    6.023  707.440
 985000.000    6.026  707.133
 985500.000    6.045  704.869
 986000.000    5.975  713.132
 986500.000    5.987  711.776
 987000.000    6.016  708.301
 987500.000    5.870  725.872
 988000.000    5.904  721.755
 988500.000    6.001  710.098
 989000.000    5.940  717.327
 989500.000    6.075  701.440
 990000.000    6.126  695.632
 990500.000    6.081  700.694
 991000.000    5.953  715.735
 991500.000    5.981  712.465
 992000.000    6.122  696.076
 992500.000    5.980  712.573
 993000.000    6.149  692.971
 993500.000    5.875  725.242
 994000.000    6.030  706.683
 994500.000    6.059  703.285
 995000.000    6.233  683.609
 995500.000    6.106  697.895
 996000.000    6.125  695.718
 996500.000    5.947  716.518
 997000.000    6.101  698.416
 997500.000    6.094  699.284
 998000.000    6.287  677.724
 998500.000    6.256  681.093
 999000.000    6.089  699.779
 999500.000    6.236  683.277
1000000.000    6.090  699.650
