 750000.000    6.543  651.210
 750500.000    6.327  673.510
 751000.000    6.132  694.859
 751500.000    6.300  676.411
 752000.000    6.393  666.540
 752500.000    6.212  685.998
 753000.000    6.269  679.710
 753500.000    6.190  688.429
 754000.000    6.312  675.053
 754500.000    6.120  696.210
 755000.000    6.167  690.972
 755500.000    6.315  674.798
 756000.000    6.286  677.875
 756500.000    6.175  690.108
 757000.000    6.521  653.489
 757500.000    6.129  695.275
 758000.000    6.307  675.582
 758500.000    6.142  693.801
 759000.000    6.290  677.470
 759500.000    6.530  652.531
 760000.000    6.406  665.138
 760500.000    6.297  676.669
 761000.000    6.187  688.698
 761500.000    6.335  672.623
 762000.000    5.958  715.169
 762500.000    6.092  699.424
 763000.000    6.041  705.320
 763500.000    6.259  680.842
 764000.000    6.171  690.491
 764500.000    6.201  687.186
 765000.000    6.047  704.620
 765500.000    6.174  690.144
 766000.000    6.131  694.976
 766500.000    6.007  709.408
 767000.000    6.210  686.185
 767500.000    6.201  687.141
 768000.000    6.264  680.214
 768500.000    5.940  717.385
 769000.000    6.234  683.531
 769500.000    6.043  705.079
 770000.000    6.221  684.961
 770500.000    6.049  704.461
 771000.000    6.107  697.719
 771500.000    6.387  667.186
 772000.000    6.155  692.357
 772500.000    6.345  671.531
 773000.000    6.268  679.866
 773500.000    6.309  675.442
 774000.000    6.355  670.484
 774500.000    6.221  685.007
 775000.000    5.982  712.372
 775500.000    5.924  719.321
 776000.000    6.366  669.341
 776500.000    6.334  672.696
 777000.000    6.220  685.024
 777500.000    6.307  675.657
 778000.000    6.256  681.084
 778500.000    5.919  719.921
 779000.000    6.205  686.776
 779500.000    5.831  730.729
 780000.000    6.130  695.176
 780500.000    5.912  720.772
 781000.000    6.001  710.086
 781500.000    6.044  705.025
 782000.000    6.130  695.097
 782500.000    6.159  691.872
 783000.000    6.222  684.873
 783500.000    6.106  697.825
 784000.000    6.041  705.364
 784500.000    6.024  707.312
 785000.000    5.921  719.638
 785500.000    5.813  733.086
 786000.000    6.221  684.935
 786500.000    5.800  734.725
 787000.000    5.895  722.896
 787500.000    6.060  703.161
 788000.000    5.866  726.401
 788500.000    5.940  717.379
 789000.000    5.983  712.255
 789500.000    5.915  720.395
 790000.000    5.982  712.313
 790500.000    5.934  718.034
 791000.000    5.973  713.401
 791500.000    6.160  691.792
 792000.000    6.183  689.209
 792500.000    6.106  697.894
 793000.000    6.218  685.252
 793500.000    6.292  677.224
 794000.000    6.246  682.201
 794500.000    6.123  695.897
 795000.000    6.149  692.965
 795500.000    5.953  715.792
 796000.000    5.963  714.590
 796500.000    5.859  727.238
 797000.000    6.018  708.092
 797500.000    6.105  697.998
 798000.000    6.033  706.304
 798500.000    6.066  702.405
 799000.000    6.024  707.320
 799500.000    6.155  692.313
 800000.000    6.031  706.579
 800500.000    6.496  655.981
 801000.000    6.435  662.200
 801500.000    6.478  657.812
 802000.000    6.337  672.464
 802500.000    6.524  653.137
 803000.000    6.485  657.044
 803500.000    6.316  674.626
 804000.000    6.105  697.961
 804500.000    6.243  682.520
 805000.000    6.320  674.265
 805500.000    6.118  696.484
 806000.000    5.971  713.632
 806500.000    6.212  685.926
 807000.000    6.533  652.246
 807500.000    6.570  648.622
 808000.000    6.387  667.152
 808500.000    6.325  673.708
 809000.000    6.270  679.659
 809500.000    5.993  710.985
 810000.000    6.133  694.777
 810500.000    6.552  650.389
 811000.000    6.085  700.278
 811500.000    6.185  688.985
 812000.000    6.200  687.284
 812500.000    6.193  688.058
 813000.000    6.079  700.975
 813500.000    6.118  696.504
 814000.000    6.104  698.081
 814500.000    6.416  664.091
 815000.000    6.118  696.455
 815500.000    5.990  711.363
 816000.000    5.935  717.958
 816500.000    5.998  710.475
 817000.000    6.000  710.150
 817500.000    6.324  673.797
 818000.000    6.338  672.318
 818500.000    6.114  696.892
 819000.000    6.251  681.705
 819500.000    6.398  666.038
 820000.000    6.384  667.519
 820500.000    6.209  686.324
 821000.000    6.208  686.441
 821500.000    6.677  638.154
 822000.000    6.355  670.556
 822500.000    6.351  670.904
 823000.000    6.242  682.602
 823500.000    6.394  666.428
 824000.000    6.076  701.320
 824500.000    6.083  700.546
 825000.000    6.057  703.553
 825500.000    6.151  692.740
 826000.000    6.028  706.847
 826500.000    6.187  688.715
 827000.000    6.321  674.136
 827500.000    6.235  683.384
 828000.000    6.273  679.251
 828500.000    6.029  706.814
 829000.000    5.998  710.373
 829500.000    6.097  698.856
 830000.000    6.234  683.477
 830500.000    6.179  689.569
 831000.000    6.126  695.615
 831500.000    6.153  692.514
 832000.000    6.134  694.639
 832500.000    6.122  696.016
 833000.000    6.133  694.828
 833500.000    6.212  685.929
 834000.000    6.297  676.708
 834500.000    6.118  696.534
 835000.000    6.009  709.166
 835500.000    6.030  706.631
 836000.000    6.163  691.400
 836500.000    6.302  676.193
 837000.000    6.077  701.238
 837500.000    6.137  694.324
 838000.000    6.147  693.209
 838500.000    6.549  650.624
 839000.000    6.349  671.157
 839500.000    6.355  670.517
 840000.000    6.176  689.987
 840500.000    6.257  681.037
 841000.000    6.271  679.540
 841500.000    6.425  663.244
 842000.000    6.305  675.805
 842500.000    6.466  659.004
 843000.000    6.296  676.840
 843500.000    6.294  676.982
 844000.000    6.210  686.124
 844500.000    5.976  713.070
 845000.000    6.222  684.810
 845500.000    6.323  673.886
 846000.000    6.331  673.084
 846500.000    6.335  672.668
 847000.000    6.042  705.230
 847500.000    6.165  691.176
 848000.000    6.352  670.845
 848500.000    6.327  673.510
 849000.000    6.116  696.773
 849500.000    6.477  657.935
 850000.000    6.265  680.193
 850500.000    6.142  693.795
 851000.000    6.181  689.432
 851500.000    6.158  691.920
 852000.000    6.351  670.934
 852500.000    6.381  667.782
 853000.000    6.008  709.191
 853500.000    6.158  691.948
 854000.000    6.155  692.271
 854500.000    6.291  677.377
 855000.000    6.361  669.892
 855500.000    6.226  684.379
 856000.000    6.239  682.936
 856500.000    6.445  661.176
 857000.000    6.291  677.312
 857500.000    6.320  674.281
 858000.000    6.430  662.671
 858500.000    6.438  661.840
 859000.000    6.510  654.505
 859500.000    6.387  667.181
 860000.000    6.398  666.028
 860500.000    6.284  678.144
 861000.000    6.502  655.326
 861500.000    6.263  680.372
 862000.000    6.352  670.788
 862500.000    6.418  663.946
 863000.000    6.228  684.191
 863500.000    6.349  671.128
 864000.000    6.629  642.774
 864500.000    6.110  697.408
 865000.000    6.131  694.984
 865500.000    6.188  688.623
 866000.000    6.053  703.930
 866500.000    6.134  694.673
 867000.000    6.194  687.982
 867500.000    6.162  691.499
 868000.000    6.218  685.319
 868500.000    6.287  677.770
 869000.000    6.148  693.091
 869500.000    6.225  684.468
 870000.000    6.017  708.183
 870500.000    6.326  673.639
 871000.000    6.043  705.160
 871500.000    6.141  693.828
 872000.000    6.358  670.220
 872500.000    6.221  685.001
 873000.000    6.359  670.079
 873500.000    6.173  690.319
 874000.000    6.147  693.178
 874500.000    6.306  675.719
 875000.000    6.186  688.820
 875500.000    6.384  667.431
 876000.000    6.202  687.092
 876500.000    6.215  685.585
 877000.000    6.041  705.384
 877500.000    6.346  671.430
 878000.000    6.295  676.917
 878500.000    6.189  688.529
 879000.000    6.372  668.759
 879500.000    6.164  691.315
 880000.000    6.278  678.773
 880500.000    6.088  699.965
 881000.000    6.094  699.249
 881500.000    5.935  717.996
 882000.000    6.107  697.703
 882500.000    6.270  679.618
 883000.000    6.270  679.574
 883500.000    6.072  701.760
 884000.000    6.305  675.832
 884500.000    6.198  687.467
 885000.000    6.177  689.886
 885500.000    6.027  706.987
 886000.000    6.108  697.634
 886500.000    6.251  681.722
 887000.000    6.299  676.431
 887500.000    6.315  674.809
 888000.000    6.068  702.238
 888500.000    6.230  683.971
 889000.000    6.064  702.698
 889500.000    6.317  674.596
 890000.000    6.399  665.870
 890500.000    6.130  695.160
 891000.000    6.067  702.320
 891500.000    6.378  668.127
 892000.000    6.370  668.885
 892500.000    6.465  659.068
 893000.000    6.674  638.443
 893500.000    6.433  662.360
 894000.000    6.430  662.707
 894500.000    6.388  667.049
 895000.000    6.030  706.711
 895500.000    6.083  700.464
 896000.000    6.086  700.204
 896500.000    6.254  681.368
 897000.000    6.241  682.743
 897500.000    6.448  660.837
 898000.000    6.131  695.010
 898500.000    6.283  678.225
 899000.000    6.288  677.681
 899500.000    6.148  693.140
 900000.000    6.214  685.702
 900500.000    6.083  700.491
 901000.000    6.134  694.628
 901500.000    6.247  682.084
 902000.000    6.145  693.448
 902500.000    6.392  666.649
 903000.000    6.441  661.592
 903500.000    6.095  699.088
 904000.000    6.643  641.401
 904500.000    6.215  685.644
 905000.000    6.060  703.111
 905500.000    6.336  672.577
 906000.000    6.136  694.459
 906500.000    6.133  694.743
 907000.000    6.303  676.020
 907500.000    6.147  693.149
 908000.000    6.078  701.030
 908500.000    6.320  674.232
 909000.000    6.362  669.815
 909500.000    6.163  691.398
 910000.000    6.151  692.745
 910500.000    5.973  713.385
 911000.000    6.170  690.624
 911500.000    6.161  691.637
 912000.000    6.385  667.393
 912500.000    6.204  686.822
 913000.000    6.492  656.393
 913500.000    6.200  687.237
 914000.000    6.238  683.098
 914500.000    6.219  685.132
 915000.000    6.126  695.625
 915500.000    6.201  687.180
 916000.000    6.189  688.522
 916500.000    6.206  686.639
 917000.000    6.326  673.594
 917500.000    6.128  695.311
 918000.000    6.123  695.907
 918500.000    6.193  688.008
 919000.000    6.118  696.453
 919500.000    6.255  681.254
 920000.000    6.019  707.958
 920500.000    6.212  685.997
 921000.000    6.170  690.622
 921500.000    6.194  687.978
 922000.000    6.424  663.326
 922500.000    6.393  666.483
 923000.000    6.113  697.021
 923500.000    6.070  702.003
 924000.000    6.019  707.924
 924500.000    6.330  673.199
 925000.000    6.336  672.533
 925500.000    5.952  715.935
 926000.000    6.115  696.839
 926500.000    6.090  699.700
 927000.000    6.205  686.693
 927500.000    6.245  682.322
 928000.000    6.118  696.486
 928500.000    6.419  663.817
 929000.000    6.435  662.199
 929500.000    6.377  668.245
 930000.000    6.643  641.431
 930500.000    6.266  680.007
 931000.000    6.390  666.799
 931500.000    6.625  643.192
 932000.000    6.584  647.198
 932500.000    6.528  652.766
 933000.000    6.468  658.839
 933500.000    6.285  677.967
 934000.000    6.644  641.315
 934500.000    6.910  616.617
 935000.000    6.359  670.132
 935500.000    6.526  652.929
 936000.000    6.562  649.334
 936500.000    6.504  655.201
 937000.000    6.658  640.023
 937500.000    6.834  623.526
 938000.000    6.624  643.328
 938500.000    6.455  660.158
 939000.000    6.594  646.184
 939500.000    6.527  652.800
 940000.000    6.376  668.276
 940500.000    6.499  655.655
 941000.000    6.473  658.263
 941500.000    6.524  653.163
 942000.000    6.542  651.315
 942500.000    6.421  663.668
 943000.000    6.338  672.349
 943500.000    6.605  645.089
 944000.000    6.529  652.607
 944500.000    6.448  660.850
 945000.000    6.640  641.699
 945500.000    6.396  666.196
 946000.000    6.417  664.071
 946500.000    6.712  634.818
 947000.000    6.462  659.454
 947500.000    6.477  657.884
 948000.000    6.632  642.535
 948500.000    6.214  685.749
 949000.000    6.715  634.531
 949500.000    6.364  669.576
 950000.000    6.471  658.497
 950500.000    6.537  651.800
 951000.000    6.382  667.689
 951500.000    6.408  664.984
 952000.000    6.475  658.058
 952500.000    6.527  652.856
 953000.000    6.260  680.663
 953500.000    6.387  667.159
 954000.000    6.249  681.867
 954500.000    6.470  658.620
 955000.000    6.344  671.687
 955500.000    6.174  690.204
 956000.000    6.323  673.924
 956500.000    6.439  661.803
 957000.000    6.228  684.144
 957500.000    6.072  701.722
 958000.000    6.314  674.913
 958500.000    6.481  657.530
 959000.000    6.394  666.441
 959500.000    6.393  666.566
 960000.000    6.236  683.346
 960500.000    6.249  681.878
 961000.000    6.436  662.126
 961500.000    6.044  704.974
 962000.000    6.047  704.664
 962500.000    6.140  694.009
 963000.000    6.065  702.555
 963500.000    6.312  675.100
 964000.000    6.216  685.526
 964500.000    6.313  674.933
 965000.000    5.828  731.167
 965500.000    6.077  701.232
 966000.000    6.009  709.082
 966500.000    6.119  696.368
 967000.000    6.245  682.314
 967500.000    6.263  680.351
 968000.000    6.198  687.460
 968500.000    6.018  708.107
 969000.000    6.426  663.136
 969500.000    6.027  706.949
 970000.000    6.153  692.526
 970500.000    6.142  693.748
 971000.000    6.013  708.614
 971500.000    6.043  705.115
 972000.000    5.932  718.365
 972500.000    6.050  704.269
 973000.000    6.424  663.292
 973500.000    6.562  649.412
 974000.000    6.392  666.650
 974500.000    6.601  645.493
 975000.000    6.630  642.703
 975500.000    6.395  666.322
 976000.000    6.450  660.636
 976500.000    6.501  655.413
 977000.000    6.596  646.013
 977500.000    6.687  637.255
 978000.000    6.590  646.595
 978500.000    6.603  645.319
 979000.000    6.469  658.740
 979500.000    6.722  633.917
 980000.000    6.757  630.653
 980500.000    6.627  643.040
 981000.000    6.737  632.476
 981500.000    6.796  626.975
 982000.000    6.886  618.830
 982500.000    7.137  597.077
 983000.000    6.861  621.042
 983500.000    6.746  631.642
 984000.000    6.707  635.346
 984500.000    6.702  635.758
 985000.000    6.681  637.822
 985500.000    7.046  604.750
 986000.000    6.708  635.269
 986500.000    6.648  640.983
 987000.000    6.539  651.696
 987500.000    6.703  635.671
 988000.000    6.479  657.687
 988500.000    6.631  642.580
 989000.000    6.719  634.193
 989500.000    6.702  635.810
 990000.000    6.777  628.779
 990500.000    6.700  636.005
 991000.000    6.898  617.704
 991500.000    6.725  633.591
 992000.000    6.760  630.301
 992500.000    6.718  634.302
 993000.000    6.560  649.522
 993500.000    6.592  646.426
 994000.000    6.631  642.577
 994500.000    6.690  636.924
 995000.000    6.633  642.411
 995500.000    6.460  659.648
 996000.000    6.876  619.690
 996500.000    6.495  656.039
 997000.000    6.903  617.296
 997500.000    6.636  642.145
 998000.000    6.714  634.704
 998500.000    6.825  624.329
 999000.000    6.799  626.767
 999500.000    6.576  647.958
1000000.000    6.661  639.716
