BFII_lipid
""
WAVELENGTH	FLUORESCENCE
300.0	122.13240051269531
300.5	129.04388427734375
301.0	136.93502807617188
301.5	144.3732147216797
302.0	155.29246520996094
302.5	167.9010009765625
303.0	179.85296630859375
303.5	193.44232177734375
304.0	206.48477172851562
304.5	221.39920043945312
305.0	238.3604278564453
305.5	251.80853271484375
306.0	270.4618225097656
306.5	284.7306823730469
307.0	304.6032409667969
307.5	320.0995178222656
308.0	341.70941162109375
308.5	361.99700927734375
309.0	380.8420104980469
309.5	402.9510803222656
310.0	423.1539306640625
310.5	443.9635009765625
311.0	467.5848693847656
311.5	489.74859619140625
312.0	514.8576049804688
312.5	538.1331787109375
313.0	563.2239990234375
313.5	587.5739135742188
314.0	615.0908813476562
314.5	646.1170654296875
315.0	669.3961181640625
315.5	701.0787963867188
316.0	725.4212036132812
316.5	758.4994506835938
317.0	789.1088256835938
317.5	817.228759765625
318.0	845.4083251953125
318.5	876.9699096679688
319.0	906.52734375
319.5	939.097412109375
320.0	968.99560546875
320.5	1002.8795166015625
321.0	1038.75146484375
321.5	1066.367919921875
322.0	1103.4527587890625
322.5	1131.677978515625
323.0	1168.9576416015625
323.5	1203.733642578125
324.0	1235.7686767578125
324.5	1267.42236328125
325.0	1303.1695556640625
325.5	1334.806640625
326.0	1369.9476318359375
326.5	1402.263916015625
327.0	1437.9478759765625
327.5	1476.0592041015625
328.0	1504.5513916015625
328.5	1543.037109375
329.0	1571.1864013671875
329.5	1608.388427734375
330.0	1638.9710693359375
330.5	1673.04248046875
331.0	1704.539794921875
331.5	1738.0465087890625
332.0	1766.4241943359375
332.5	1798.048828125
333.0	1832.1195068359375
333.5	1857.37109375
334.0	1890.6124267578125
334.5	1917.8646240234375
335.0	1946.71435546875
335.5	1972.1173095703125
336.0	2000.07177734375
336.5	2024.739990234375
337.0	2051.292724609375
337.5	2079.1376953125
338.0	2099.233642578125
338.5	2125.154052734375
339.0	2146.757080078125
339.5	2169.9990234375
340.0	2189.843505859375
340.5	2211.099853515625
341.0	2230.567626953125
341.5	2251.13525390625
342.0	2271.1630859375
342.5	2286.988525390625
343.0	2305.8369140625
343.5	2321.381103515625
344.0	2337.937744140625
344.5	2351.294677734375
345.0	2365.638671875
345.5	2377.7939453125
346.0	2390.21923828125
346.5	2402.128173828125
347.0	2411.647705078125
347.5	2421.571044921875
348.0	2429.905517578125
348.5	2438.6328125
349.0	2445.105224609375
349.5	2451.6728515625
350.0	2459.4453125
350.5	2464.19921875
351.0	2469.185302734375
351.5	2472.818603515625
352.0	2475.17626953125
352.5	2476.87744140625
353.0	2478.439697265625
353.5	2479.775634765625
354.0	2480.511474609375
354.5	2480.259765625
355.0	2479.144287109375
355.5	2477.553466796875
356.0	2476.362060546875
356.5	2473.43896484375
357.0	2470.173828125
357.5	2466.522705078125
358.0	2462.62841796875
358.5	2457.0283203125
359.0	2451.786376953125
359.5	2444.97314453125
360.0	2438.93798828125
360.5	2431.078857421875
361.0	2424.292236328125
361.5	2414.9423828125
362.0	2405.593505859375
362.5	2397.185791015625
363.0	2386.99267578125
363.5	2377.4970703125
364.0	2366.3173828125
364.5	2356.33251953125
365.0	2343.947021484375
365.5	2331.598876953125
366.0	2320.090087890625
366.5	2306.190185546875
367.0	2293.691162109375
367.5	2278.06640625
368.0	2262.846923828125
368.5	2248.92724609375
369.0	2232.8310546875
369.5	2217.754638671875
370.0	2200.931884765625
370.5	2185.197265625
371.0	2166.37744140625
371.5	2148.01953125
372.0	2131.054931640625
372.5	2111.596435546875
373.0	2094.048828125
373.5	2072.916015625
374.0	2052.534912109375
374.5	2034.40576171875
375.0	2013.786865234375
375.5	1995.0938720703125
376.0	1971.763427734375
376.5	1950.249755859375
377.0	1930.138916015625
377.5	1908.823974609375
378.0	1889.1441650390625
378.5	1864.7767333984375
379.0	1841.8221435546875
379.5	1821.9383544921875
380.0	1799.5078125
380.5	1778.76611328125
381.0	1753.293212890625
381.5	1730.880615234375
382.0	1710.328125
382.5	1686.8421630859375
383.0	1665.9674072265625
383.5	1640.619140625
384.0	1617.5965576171875
384.5	1596.455322265625
385.0	1573.3634033203125
385.5	1552.694580078125
386.0	1528.2232666015625
386.5	1505.148681640625
387.0	1484.306640625
387.5	1462.1231689453125
388.0	1442.1375732421875
388.5	1417.5711669921875
389.0	1395.352783203125
389.5	1375.7052001953125
390.0	1351.9512939453125
390.5	1334.5352783203125
391.0	1310.5333251953125
391.5	1288.921142578125
392.0	1269.6160888671875
392.5	1246.452880859375
393.0	1229.4691162109375
393.5	1206.816650390625
394.0	1186.594970703125
394.5	1167.923095703125
395.0	1146.3094482421875
395.5	1126.1639404296875
396.0	1108.4874267578125
396.5	1087.4949951171875
397.0	1071.5745849609375
397.5	1050.791259765625
398.0	1031.5849609375
398.5	1015.0210571289062
399.0	994.8168334960938
399.5	976.8067626953125
400.0	960.8473510742188
400.5	944.7413940429688
401.0	927.0136108398438
401.5	907.7335205078125
402.0	891.05078125
402.5	876.0143432617188
403.0	857.9815673828125
403.5	841.3897094726562
404.0	826.3232421875
404.5	812.2876586914062
405.0	796.5548095703125
405.5	779.8642578125
406.0	765.7705688476562
406.5	750.356201171875
407.0	734.5816040039062
407.5	720.1145629882812
408.0	707.3600463867188
408.5	692.0761108398438
409.0	680.8051147460938
409.5	665.5140991210938
410.0	653.112548828125
410.5	640.424560546875
411.0	625.7110595703125
411.5	613.923583984375
412.0	601.4906616210938
412.5	588.0932006835938
413.0	575.796142578125
413.5	564.9927368164062
414.0	552.310791015625
414.5	542.7488403320312
415.0	530.296142578125
415.5	520.114013671875
416.0	509.1019287109375
416.5	497.3874816894531
417.0	487.73779296875
417.5	477.42376708984375
418.0	466.4209289550781
418.5	457.398681640625
419.0	447.7556457519531
419.5	437.3209533691406
420.0	427.9012145996094
420.5	419.5076599121094
421.0	409.453857421875
421.5	402.41357421875
422.0	392.70941162109375
422.5	383.6663818359375
423.0	376.8247985839844
423.5	368.0249938964844
424.0	361.18365478515625
424.5	353.109130859375
425.0	344.8990478515625
425.5	337.93243408203125
426.0	330.284912109375
426.5	322.514404296875
427.0	316.14794921875
427.5	309.38165283203125
428.0	301.8257141113281
428.5	295.94500732421875
429.0	289.5248718261719
429.5	282.69989013671875
430.0	276.98028564453125
430.5	271.1433410644531
431.0	264.5523681640625
431.5	259.2015075683594
432.0	253.84088134765625
432.5	247.63430786132812
433.0	243.08950805664062
433.5	237.80470275878906
434.0	231.87318420410156
434.5	227.23440551757812
435.0	222.11622619628906
435.5	216.76034545898438
436.0	212.4133758544922
436.5	207.85687255859375
437.0	202.7492218017578
437.5	198.7552032470703
438.0	194.3618927001953
438.5	189.74008178710938
439.0	186.0100860595703
439.5	181.8447265625
440.0	177.3545379638672
440.5	173.66880798339844
441.0	169.73533630371094
441.5	165.57662963867188
442.0	162.25631713867188
442.5	158.4243927001953
443.0	154.50990295410156
443.5	151.5424041748047
444.0	148.1878204345703
444.5	144.85806274414062
445.0	141.2521209716797
445.5	138.41627502441406
446.0	135.1929931640625
446.5	131.87368774414062
447.0	129.37188720703125
447.5	126.4644546508789
448.0	123.10365295410156
448.5	120.68704223632812
449.0	117.93169403076172
449.5	114.78410339355469
450.0	112.34355163574219
