       1    1.573    0.152
       2    2.270    0.271
       3    0.915    0.117
       4    0.716    0.140
       5    1.609    0.137
       6    1.856    0.237
       7    0.440    0.073
       8    1.399    0.121
       9    0.805    0.126
      10    1.446    0.220
      11    0.770    0.132
      12    1.038    0.141
      13    0.224    0.066
      14    1.943    0.211
      15    0.819    0.187
      16    0.687    0.222
      17    1.406    0.231
      18    1.275    0.232
      19    1.283    0.182
      20    1.687    0.221
      21    2.767    0.179
