      64    3.240    0.180
      65    2.459    0.227
      66    0.909    0.219
      67    1.152    0.157
      68    2.495    0.179
      69    0.697    0.191
      70    0.659    0.109
      71    1.387    0.172
      72    1.451    0.155
      73    1.729    0.143
      74    0.691    0.128
      75    0.951    0.160
      76    0.314    0.064
      77    1.348    0.134
      78    0.784    0.103
      79    1.299    0.174
      80    1.885    0.267
      81    1.489    0.120
      82    1.279    0.151
      83    1.773    0.161
      84    2.848    0.180
