 750000.000    6.739  625.198
 750500.000    6.468  651.342
 751000.000    6.620  636.365
 751500.000    6.639  634.532
 752000.000    6.465  651.703
 752500.000    6.515  646.647
 753000.000    6.559  642.309
 753500.000    6.327  665.839
 754000.000    6.708  628.042
 754500.000    6.350  663.440
 755000.000    6.677  630.939
 755500.000    6.430  655.208
 756000.000    6.338  664.743
 756500.000    6.275  671.338
 757000.000    6.681  630.618
 757500.000    6.618  636.608
 758000.000    6.428  655.426
 758500.000    6.692  629.557
 759000.000    6.511  647.067
 759500.000    6.693  629.499
 760000.000    6.386  659.708
 760500.000    6.732  625.789
 761000.000    6.639  634.569
 761500.000    6.576  640.646
 762000.000    6.465  651.660
 762500.000    6.665  632.104
 763000.000    6.511  647.053
 763500.000    6.473  650.821
 764000.000    6.712  627.717
 764500.000    6.573  640.963
 765000.000    6.568  641.461
 765500.000    6.619  636.529
 766000.000    6.494  648.780
 766500.000    6.566  641.600
 767000.000    6.510  647.102
 767500.000    6.641  634.424
 768000.000    6.599  638.416
 768500.000    6.663  632.330
 769000.000    6.769  622.367
 769500.000    6.564  641.802
 770000.000    6.517  646.439
 770500.000    6.727  626.291
 771000.000    6.499  648.226
 771500.000    6.529  645.301
 772000.000    6.602  638.096
 772500.000    6.491  648.996
 773000.000    6.711  627.742
 773500.000    6.624  635.972
 774000.000    6.578  640.496
 774500.000    6.927  608.159
 775000.000    6.478  650.317
 775500.000    6.447  653.423
 776000.000    6.670  631.627
 776500.000    6.829  616.940
 777000.000    6.721  626.801
 777500.000    6.537  644.510
 778000.000    6.507  647.438
 778500.000    6.734  625.668
 779000.000    6.327  665.908
 779500.000    6.718  627.076
 780000.000    6.823  617.432
 780500.000    6.561  642.086
 781000.000    6.672  631.423
 781500.000    6.625  635.915
 782000.000    6.347  663.778
 782500.000    6.452  652.958
 783000.000    6.661  632.474
 783500.000    6.534  644.790
 784000.000    6.592  639.061
 784500.000    6.548  643.401
 785000.000    6.285  670.316
 785500.000    6.661  632.498
 786000.000    6.452  652.971
 786500.000    6.688  629.911
 787000.000    6.571  641.106
 787500.000    6.632  635.205
 788000.000    6.443  653.845
 788500.000    6.588  639.519
 789000.000    6.634  635.101
 789500.000    6.733  625.718
 790000.000    6.866  613.627
 790500.000    6.770  622.290
 791000.000    6.576  640.634
 791500.000    6.875  612.758
 792000.000    6.314  667.247
 792500.000    6.718  627.121
 793000.000    6.714  627.487
 793500.000    6.783  621.096
 794000.000    6.690  629.746
 794500.000    6.691  629.645
 795000.000    6.688  629.942
 795500.000    6.711  627.782
 796000.000    6.810  618.642
 796500.000    6.830  616.787
 797000.000    6.662  632.392
 797500.000    6.675  631.145
 798000.000    6.694  629.352
 798500.000    6.745  624.579
 799000.000    6.632  635.289
 799500.000    6.652  633.324
 800000.000    6.789  620.593
 800500.000    6.862  613.939
 801000.000    6.537  644.493
 801500.000    6.575  640.750
 802000.000    6.560  642.213
 802500.000    6.581  640.214
 803000.000    6.537  644.478
 803500.000    6.633  635.176
 804000.000    6.839  615.998
 804500.000    6.802  619.332
 805000.000    6.620  636.390
 805500.000    6.664  632.183
 806000.000    6.591  639.204
 806500.000    6.625  635.927
 807000.000    6.620  636.398
 807500.000    6.588  639.508
 808000.000    6.602  638.151
 808500.000    6.564  641.827
 809000.000    6.517  646.458
 809500.000    6.775  621.801
 810000.000    6.595  638.781
 810500.000    6.620  636.379
 811000.000    6.563  641.905
 811500.000    6.602  638.149
 812000.000    6.534  644.780
 812500.000    6.342  664.272
 813000.000    6.495  648.646
 813500.000    6.420  656.219
 814000.000    6.575  640.789
 814500.000    6.536  644.600
 815000.000    6.451  653.026
 815500.000    6.480  650.137
 816000.000    6.718  627.155
 816500.000    6.495  648.679
 817000.000    6.566  641.668
 817500.000    6.690  629.723
 818000.000    6.456  652.580
 818500.000    6.379  660.463
 819000.000    6.546  643.606
 819500.000    6.585  639.766
 820000.000    6.424  655.800
 820500.000    6.795  620.051
 821000.000    6.597  638.609
 821500.000    6.759  623.305
 822000.000    6.727  626.253
 822500.000    6.454  652.811
 823000.000    6.616  636.744
 823500.000    6.602  638.174
 824000.000    6.475  650.664
 824500.000    6.525  645.641
 825000.000    6.618  636.614
 825500.000    6.636  634.821
 826000.000    6.566  641.672
 826500.000    6.734  625.659
 827000.000    6.395  658.826
 827500.000    6.538  644.423
 828000.000    6.310  667.669
 828500.000    6.705  628.317
 829000.000    6.438  654.372
 829500.000    6.633  635.153
 830000.000    6.400  658.322
 830500.000    6.513  646.861
 831000.000    6.557  642.482
 831500.000    6.414  656.792
 832000.000    6.533  644.876
 832500.000    6.770  622.290
 833000.000    6.518  646.373
 833500.000    6.487  649.412
 834000.000    6.519  646.267
 834500.000    6.519  646.270
 835000.000    6.601  638.249
 835500.000    6.795  619.969
 836000.000    6.635  634.979
 836500.000    6.521  646.073
 837000.000    6.647  633.828
 837500.000    6.522  645.953
 838000.000    6.450  653.179
 838500.000    6.510  647.140
 839000.000    6.657  632.836
 839500.000    6.467  651.418
 840000.000    6.419  656.335
 840500.000    6.537  644.465
 841000.000    6.759  623.326
 841500.000    6.640  634.448
 842000.000    6.704  628.407
 842500.000    6.518  646.401
 843000.000    6.731  625.887
 843500.000    6.706  628.218
 844000.000    6.334  665.103
 844500.000    6.603  638.062
 845000.000    6.821  617.663
 845500.000    6.475  650.616
 846000.000    6.798  619.757
 846500.000    6.400  658.275
 847000.000    6.645  633.955
 847500.000    6.567  641.540
 848000.000    6.553  642.927
 848500.000    6.645  634.000
 849000.000    6.408  657.484
 849500.000    6.469  651.221
 850000.000    6.539  644.258
 850500.000    6.417  656.482
 851000.000    6.422  656.022
 851500.000    6.641  634.411
 852000.000    6.661  632.436
 852500.000    6.330  665.505
 853000.000    6.639  634.538
 853500.000    6.569  641.336
 854000.000    6.452  652.966
 854500.000    6.650  633.564
 855000.000    6.742  624.854
 855500.000    6.721  626.833
 856000.000    6.414  656.857
 856500.000    6.349  663.585
 857000.000    6.356  662.787
 857500.000    6.487  649.445
 858000.000    6.296  669.163
 858500.000    6.432  655.021
 859000.000    6.552  643.021
 859500.000    6.291  669.698
 860000.000    6.725  626.461
 860500.000    6.735  625.548
 861000.000    6.555  642.691
 861500.000    6.642  634.297
 862000.000    6.640  634.459
 862500.000    6.717  627.172
 863000.000    6.525  645.658
 863500.000    6.502  647.907
 864000.000    6.622  636.242
 864500.000    6.886  611.837
 865000.000    6.620  636.430
 865500.000    6.566  641.618
 866000.000    6.954  605.853
 866500.000    6.488  649.299
 867000.000    6.543  643.906
 867500.000    6.563  641.940
 868000.000    6.573  640.924
 868500.000    6.634  635.074
 869000.000    6.682  630.475
 869500.000    6.800  619.544
 870000.000    6.432  655.015
 870500.000    6.676  631.033
 871000.000    6.410  657.244
 871500.000    6.656  632.964
 872000.000    6.464  651.747
 872500.000    6.555  642.709
 873000.000    6.789  620.542
 873500.000    6.753  623.887
 874000.000    6.936  607.392
 874500.000    6.921  608.743
 875000.000    6.687  629.988
 875500.000    6.573  640.973
 876000.000    6.538  644.345
 876500.000    6.526  645.582
 877000.000    6.542  643.968
 877500.000    6.795  620.017
 878000.000    6.741  625.006
 878500.000    6.403  657.972
 879000.000    6.627  635.723
 879500.000    6.528  645.377
 880000.000    6.527  645.495
 880500.000    6.873  613.002
 881000.000    6.508  647.310
 881500.000    6.496  648.497
 882000.000    6.353  663.184
 882500.000    6.418  656.406
 883000.000    6.480  650.154
 883500.000    6.513  646.815
 884000.000    6.484  649.791
 884500.000    6.661  632.452
 885000.000    6.536  644.600
 885500.000    6.656  633.000
 886000.000    6.602  638.110
 886500.000    6.517  646.457
 887000.000    6.682  630.475
 887500.000    6.414  656.804
 888000.000    6.496  648.585
 888500.000    6.485  649.678
 889000.000    6.409  657.335
 889500.000    6.494  648.699
 890000.000    6.610  637.345
 890500.000    6.381  660.253
 891000.000    6.767  622.551
 891500.000    6.658  632.731
 892000.000    6.773  621.988
 892500.000    6.831  616.753
 893000.000    6.595  638.820
 893500.000    6.449  653.262
 894000.000    6.726  626.321
 894500.000    6.786  620.835
 895000.000    6.563  641.927
 895500.000    6.376  660.740
 896000.000    6.663  632.314
 896500.000    6.511  647.044
 897000.000    6.628  635.665
 897500.000    6.583  639.964
 898000.000    6.310  667.639
 898500.000    6.638  634.639
 899000.000    6.587  639.557
 899500.000    6.516  646.582
 900000.000    6.807  618.880
 900500.000    6.579  640.330
 901000.000    6.455  652.634
 901500.000    6.518  646.404
 902000.000    6.623  636.095
 902500.000    6.446  653.567
 903000.000    6.683  630.432
 903500.000    6.743  624.785
 904000.000    6.564  641.839
 904500.000    6.490  649.101
 905000.000    6.433  654.906
 905500.000    6.593  639.026
 906000.000    6.626  635.817
 906500.000    6.554  642.818
 907000.000    6.379  660.424
 907500.000    6.719  626.989
 908000.000    6.523  645.859
 908500.000    6.549  643.305
 909000.000    6.625  635.917
 909500.000    6.455  652.670
 910000.000    6.189  680.705
 910500.000    6.295  669.209
 911000.000    6.407  657.515
 911500.000    6.479  650.253
 912000.000    6.539  644.267
 912500.000    6.339  664.604
 913000.000    6.537  644.452
 913500.000    6.491  649.052
 914000.000    6.395  658.781
 914500.000    6.599  638.441
 915000.000    6.519  646.260
 915500.000    6.579  640.365
 916000.000    6.292  669.524
 916500.000    6.403  657.966
 917000.000    6.306  668.056
 917500.000    6.372  661.139
 918000.000    6.496  648.541
 918500.000    6.550  643.177
 919000.000    6.503  647.844
 919500.000    6.593  638.994
 920000.000    6.201  679.364
 920500.000    6.244  674.677
 921000.000    6.651  633.459
 921500.000    6.404  657.812
 922000.000    6.459  652.234
 922500.000    6.528  645.354
 923000.000    6.433  654.883
 923500.000    6.599  638.439
 924000.000    6.677  630.936
 924500.000    6.381  660.212
 925000.000    6.652  633.307
 925500.000    6.507  647.420
 926000.000    6.426  655.654
 926500.000    6.585  639.768
 927000.000    6.273  671.562
 927500.000    6.288  669.960
 928000.000    6.536  644.583
 928500.000    6.402  658.057
 929000.000    6.459  652.246
 929500.000    6.671  631.519
 930000.000    6.473  650.813
 930500.000    6.154  684.622
 931000.000    6.440  654.217
 931500.000    6.284  670.382
 932000.000    6.325  666.105
 932500.000    6.301  668.647
 933000.000    6.417  656.526
 933500.000    6.233  675.880
 934000.000    6.572  641.033
 934500.000    6.709  627.964
 935000.000    6.188  680.802
 935500.000    6.505  647.670
 936000.000    6.343  664.227
 936500.000    6.427  655.483
 937000.000    6.549  643.271
 937500.000    6.884  611.999
 938000.000    6.633  635.178
 938500.000    6.423  655.893
 939000.000    6.521  646.078
 939500.000    6.554  642.767
 940000.000    6.347  663.749
 940500.000    6.586  639.693
 941000.000    6.508  647.321
 941500.000    6.259  673.107
 942000.000    6.584  639.868
 942500.000    6.320  666.587
 943000.000    6.387  659.638
 943500.000    6.484  649.710
 944000.000    6.602  638.095
 944500.000    6.496  648.508
 945000.000    6.491  648.998
 945500.000    6.325  666.039
 946000.000    6.476  650.538
 946500.000    6.595  638.811
 947000.000    6.497  648.426
 947500.000    6.472  650.989
 948000.000    6.418  656.429
 948500.000    6.431  655.144
 949000.000    6.483  649.878
 949500.000    6.701  628.674
 950000.000    6.329  665.682
 950500.000    6.431  655.108
 951000.000    6.438  654.383
 951500.000    6.218  677.492
 952000.000    6.565  641.766
 952500.000    6.506  647.547
 953000.000    6.515  646.683
 953500.000    6.457  652.413
 954000.000    6.541  644.103
 954500.000    6.439  654.243
 955000.000    6.585  639.798
 955500.000    6.555  642.754
 956000.000    6.686  630.157
 956500.000    6.567  641.578
 957000.000    6.528  645.356
 957500.000    6.529  645.278
 958000.000    6.580  640.286
 958500.000    6.571  641.152
 959000.000    6.590  639.271
 959500.000    6.488  649.350
 960000.000    6.475  650.643
 960500.000    6.699  628.874
 961000.000    6.462  651.927
 961500.000    6.597  638.573
 962000.000    6.388  659.484
 962500.000    6.314  667.201
 963000.000    6.432  654.965
 963500.000    6.293  669.419
 964000.000    6.231  676.177
 964500.000    6.260  672.955
 965000.000    6.474  650.714
 965500.000    6.394  658.921
 966000.000    6.539  644.241
 966500.000    6.460  652.162
 967000.000    6.371  661.312
 967500.000    6.534  644.789
 968000.000    6.489  649.270
 968500.000    6.371  661.269
 969000.000    6.511  647.048
 969500.000    6.713  627.584
 970000.000    6.561  642.118
 970500.000    6.500  648.181
 971000.000    6.570  641.246
 971500.000    6.280  670.849
 972000.000    6.359  662.493
 972500.000    6.627  635.740
 973000.000    6.447  653.482
 973500.000    6.620  636.417
 974000.000    6.682  630.483
 974500.000    6.602  638.148
 975000.000    6.516  646.548
 975500.000    6.613  637.044
 976000.000    6.610  637.314
 976500.000    6.645  634.010
 977000.000    6.456  652.560
 977500.000    6.583  639.978
 978000.000    6.489  649.204
 978500.000    6.657  632.821
 979000.000    6.378  660.507
 979500.000    6.715  627.393
 980000.000    6.684  630.306
 980500.000    6.368  661.607
 981000.000    6.440  654.181
 981500.000    6.601  638.208
 982000.000    6.388  659.472
 982500.000    6.694  629.340
 983000.000    6.565  641.731
 983500.000    6.447  653.447
 984000.000    6.546  643.542
 984500.000    6.732  625.830
 985000.000    6.427  655.457
 985500.000    6.454  652.724
 986000.000    6.479  650.296
 986500.000    6.566  641.585
 987000.000    6.466  651.586
 987500.000    6.338  664.760
 988000.000    6.526  645.591
 988500.000    6.469  651.224
 989000.000    6.439  654.287
 989500.000    6.611  637.265
 990000.000    6.443  653.877
 990500.000    6.335  665.006
 991000.000    6.451  653.045
 991500.000    6.330  665.544
 992000.000    6.420  656.176
 992500.000    6.167  683.123
 993000.000    6.368  661.551
 993500.000    6.694  629.399
 994000.000    6.512  646.931
 994500.000    6.489  649.201
 995000.000    6.539  644.324
 995500.000    6.699  628.900
 996000.000    6.473  650.884
 996500.000    6.609  637.482
 997000.000    6.541  644.078
 997500.000    6.697  629.107
 998000.000    6.511  647.081
 998500.000    6.515  646.630
 999000.000    6.400  658.260
 999500.000    6.702  628.621
1000000.000    6.436  654.540
