 750000.000   -1.507
 750500.000    0.310
 751000.000    1.366
 751500.000    2.592
 752000.000   -0.812
 752500.000   -0.373
 753000.000   -0.027
 753500.000   -0.632
 754000.000    1.270
 754500.000   -1.404
 755000.000   -1.244
 755500.000    2.954
 756000.000    0.656
 756500.000    1.455
 757000.000   -2.196
 757500.000   -2.006
 758000.000    0.242
 758500.000    0.248
 759000.000   -1.843
 759500.000   -1.065
 760000.000   -1.500
 760500.000   -0.799
 761000.000   -1.316
 761500.000   -0.906
 762000.000   -0.196
 762500.000   -0.370
 763000.000   -1.676
 763500.000   -1.060
 764000.000    0.679
 764500.000    0.333
 765000.000   -2.718
 765500.000   -1.527
 766000.000   -0.022
 766500.000   -0.893
 767000.000   -2.095
 767500.000    0.413
 768000.000   -1.323
 768500.000   -0.091
 769000.000    2.148
 769500.000   -2.111
 770000.000    0.065
 770500.000    1.474
 771000.000   -1.493
 771500.000   -0.888
 772000.000   -3.065
 772500.000    0.076
 773000.000    2.162
 773500.000    1.128
 774000.000    0.416
 774500.000    1.646
 775000.000   -0.895
 775500.000   -1.060
 776000.000   -0.196
 776500.000   -1.587
 777000.000    1.282
 777500.000   -0.868
 778000.000    0.081
 778500.000   -0.613
 779000.000   -0.359
 779500.000   -0.529
 780000.000   -0.375
 780500.000   -3.933
 781000.000   -2.107
 781500.000   -0.721
 782000.000    1.029
 782500.000   -1.841
 783000.000    1.279
 783500.000    0.237
 784000.000    0.326
 784500.000    0.592
 785000.000   -0.105
 785500.000   -1.243
 786000.000    0.404
 786500.000    0.595
 787000.000   -1.493
 787500.000   -1.493
 788000.000    2.157
 788500.000   -1.846
 789000.000   -1.145
 789500.000   -1.144
 790000.000   -1.243
 790500.000   -2.368
 791000.000   -0.458
 791500.000    1.543
 792000.000   -1.951
 792500.000   -3.425
 793000.000   -3.434
 793500.000    0.489
 794000.000   -2.196
 794500.000   -1.057
 795000.000   -2.982
 795500.000   -1.683
 796000.000   -0.638
 796500.000   -1.174
 797000.000    1.030
 797500.000    1.208
 798000.000    0.237
 798500.000    0.858
 799000.000   -0.631
 799500.000   -3.759
 800000.000    3.981
 800500.000    0.074
 801000.000   -1.415
 801500.000   -0.370
 802000.000   -2.103
 802500.000    0.246
 803000.000   -0.277
 803500.000   -3.775
 804000.000   -0.386
 804500.000   -0.373
 805000.000   -0.288
 805500.000   -0.299
 806000.000   -2.906
 806500.000    0.425
 807000.000   -1.074
 807500.000   -0.199
 808000.000   -0.120
 808500.000   -2.462
 809000.000   -0.640
 809500.000    0.839
 810000.000    1.545
 810500.000   -0.180
 811000.000   -0.544
 811500.000   -2.201
 812000.000   -2.448
 812500.000    3.712
 813000.000    2.670
 813500.000   -0.815
 814000.000   -0.467
 814500.000   -1.333
 815000.000   -0.462
 815500.000   -1.511
 816000.000   -2.657
 816500.000   -1.949
 817000.000   -1.499
 817500.000   -1.591
 818000.000    0.572
 818500.000   -2.031
 819000.000   -0.214
 819500.000    0.404
 820000.000   -0.483
 820500.000    1.286
 821000.000    0.162
 821500.000    1.719
 822000.000    0.400
 822500.000   -1.248
 823000.000   -0.643
 823500.000    0.681
 824000.000   -3.866
 824500.000   -0.292
 825000.000   -2.022
 825500.000   -3.330
 826000.000    0.164
 826500.000   -2.034
 827000.000   -0.207
 827500.000    0.494
 828000.000   -2.975
 828500.000   -0.372
 829000.000   -1.765
 829500.000   -0.022
 830000.000   -0.725
 830500.000   -0.718
 831000.000   -0.989
 831500.000   -0.471
 832000.000   -0.031
 832500.000   -0.979
 833000.000   -1.227
 833500.000    1.557
 834000.000   -0.113
 834500.000    0.414
 835000.000    0.567
 835500.000   -1.426
 836000.000    0.068
 836500.000    0.746
 837000.000   -0.721
 837500.000   -1.241
 838000.000   -3.083
 838500.000    0.943
 839000.000   -0.801
 839500.000   -2.203
 840000.000    1.458
 840500.000    0.840
 841000.000    2.324
 841500.000    0.139
 842000.000   -0.471
 842500.000   -0.553
 843000.000    0.219
 843500.000   -1.262
 844000.000   -1.151
 844500.000   -2.201
 845000.000    0.581
 845500.000   -0.895
 846000.000    0.922
 846500.000    0.404
 847000.000   -0.723
 847500.000   -2.478
 848000.000    0.654
 848500.000   -0.984
 849000.000   -0.929
 849500.000   -0.652
 850000.000    3.522
 850500.000    1.192
 851000.000   -2.105
 851500.000    2.242
 852000.000   -1.419
 852500.000   -1.060
 853000.000   -0.288
 853500.000   -1.420
 854000.000    0.322
 854500.000    0.830
 855000.000   -2.647
 855500.000    0.052
 856000.000    2.157
 856500.000    0.059
 857000.000   -0.718
 857500.000   -1.765
 858000.000    0.406
 858500.000   -0.723
 859000.000   -1.250
 859500.000    0.221
 860000.000   -0.553
 860500.000   -1.669
 861000.000   -0.634
 861500.000   -1.241
 862000.000   -0.024
 862500.000    1.195
 863000.000    0.842
 863500.000   -1.408
 864000.000    0.478
 864500.000   -0.459
 865000.000   -0.208
 865500.000    0.077
 866000.000    1.724
 866500.000    3.458
 867000.000    0.342
 867500.000    1.108
 868000.000    2.336
 868500.000    1.374
 869000.000    1.896
 869500.000    2.416
 870000.000   -1.683
 870500.000    0.425
 871000.000    1.644
 871500.000   -0.370
 872000.000   -1.939
 872500.000    0.429
 873000.000    2.313
 873500.000    0.163
 874000.000    0.423
 874500.000   -0.531
 875000.000   -0.966
 875500.000   -1.506
 876000.000   -0.015
 876500.000   -0.026
 877000.000    0.326
 877500.000    1.027
 878000.000    1.275
 878500.000    0.159
 879000.000    2.322
 879500.000   -2.118
 880000.000   -1.266
 880500.000   -1.607
 881000.000   -1.685
 881500.000    0.070
 882000.000   -0.987
 882500.000   -0.716
 883000.000    1.117
 883500.000   -1.330
 884000.000    0.958
 884500.000    0.326
 885000.000   -0.469
 885500.000   -1.853
 886000.000    0.494
 886500.000    0.081
 887000.000   -0.281
 887500.000    0.155
 888000.000   -1.513
 888500.000   -1.158
 889000.000   -0.290
 889500.000   -2.993
 890000.000    0.757
 890500.000    0.409
 891000.000   -0.984
 891500.000   -1.862
 892000.000   -0.386
 892500.000    4.239
 893000.000    2.854
 893500.000   -0.897
 894000.000   -0.968
 894500.000    3.286
 895000.000    3.451
 895500.000   -0.899
 896000.000    0.221
 896500.000    2.482
 897000.000    1.181
 897500.000    2.152
 898000.000    3.016
 898500.000   -0.565
 899000.000   -0.299
 899500.000   -1.168
 900000.000    3.616
 900500.000    1.637
 901000.000    4.065
 901500.000    0.926
 902000.000   -0.412
 902500.000   -0.551
 903000.000   -0.125
 903500.000    0.585
 904000.000   -0.916
 904500.000    0.331
 905000.000    0.761
 905500.000    1.202
 906000.000    0.068
 906500.000   -0.908
 907000.000   -1.951
 907500.000    0.155
 908000.000   -0.897
 908500.000   -0.194
 909000.000   -0.721
 909500.000    1.030
 910000.000    3.277
 910500.000   -1.518
 911000.000   -2.442
 911500.000   -0.279
 912000.000    2.938
 912500.000   -0.627
 913000.000    0.494
 913500.000    1.639
 914000.000    0.594
 914500.000   -0.629
 915000.000    2.927
 915500.000    0.239
 916000.000   -2.024
 916500.000   -2.370
 917000.000   -0.547
 917500.000    3.371
 918000.000   -1.156
 918500.000    0.237
 919000.000    1.199
 919500.000    1.122
 920000.000    0.840
 920500.000    0.672
 921000.000   -1.062
 921500.000   -1.770
 922000.000   -3.065
 922500.000   -0.013
 923000.000   -0.533
 923500.000   -2.377
 924000.000   -1.852
 924500.000   -0.453
 925000.000   -0.554
 925500.000   -0.022
 926000.000   -0.812
 926500.000    0.691
 927000.000    2.249
 927500.000    2.585
 928000.000    1.989
 928500.000    0.853
 929000.000   -0.464
 929500.000    5.392
 930000.000    0.927
 930500.000   -0.712
 931000.000   -1.946
 931500.000   -0.210
 932000.000    2.232
 932500.000    2.666
 933000.000   -0.812
 933500.000   -0.542
 934000.000    0.326
 934500.000    1.101
 935000.000    0.766
 935500.000   -2.639
 936000.000   -0.709
 936500.000    0.512
 937000.000   -0.113
 937500.000   -0.189
 938000.000    0.927
 938500.000   -2.989
 939000.000   -0.022
 939500.000    0.336
 940000.000   -2.279
 940500.000   -0.357
 941000.000    1.733
 941500.000   -1.053
 942000.000    0.951
 942500.000   -2.457
 943000.000   -1.048
 943500.000   -0.013
 944000.000    0.516
 944500.000    0.260
 945000.000    0.422
 945500.000   -1.671
 946000.000    0.072
 946500.000   -1.844
 947000.000    0.083
 947500.000   -0.439
 948000.000   -0.272
 948500.000   -0.272
 949000.000   -1.140
 949500.000   -2.875
 950000.000   -3.227
 950500.000    0.514
 951000.000   -0.555
 951500.000   -0.359
 952000.000   -1.160
 952500.000   -0.893
 953000.000   -0.013
 953500.000   -0.120
 954000.000   -4.384
 954500.000   -2.631
 955000.000    1.465
 955500.000   -0.980
 956000.000   -1.145
 956500.000   -2.103
 957000.000   -5.773
 957500.000   -4.728
 958000.000   -1.158
 958500.000   -2.025
 959000.000    0.327
 959500.000   -1.587
 960000.000    0.777
 960500.000   -3.495
 961000.000   -2.631
 961500.000   -2.459
 962000.000   -3.608
 962500.000    1.112
 963000.000    0.936
 963500.000   -2.278
 964000.000   -2.556
 964500.000   -0.625
 965000.000   -2.286
 965500.000   -2.290
 966000.000   -2.549
 966500.000   -2.025
 967000.000   -3.413
 967500.000   -1.591
 968000.000   -4.721
 968500.000   -2.364
 969000.000   -1.229
 969500.000   -0.345
 970000.000   -2.969
 970500.000    0.588
 971000.000    2.418
 971500.000   -0.364
 972000.000   -3.401
 972500.000   -4.549
 973000.000   -1.227
 973500.000   -2.872
 974000.000   -2.462
 974500.000   -2.359
 975000.000   -2.121
 975500.000   -1.591
 976000.000   -2.442
 976500.000    1.036
 977000.000   -2.549
 977500.000   -3.152
 978000.000   -3.679
 978500.000   -0.725
 979000.000   -3.500
 979500.000   -4.205
 980000.000   -1.497
 980500.000    0.170
 981000.000   -1.857
 981500.000   -0.812
 982000.000   -3.165
 982500.000   -4.558
 983000.000   -2.904
 983500.000   -3.156
 984000.000    3.117
 984500.000   -3.704
 985000.000   -2.212
 985500.000   -4.119
 986000.000   -2.728
 986500.000   -3.422
 987000.000   -4.457
 987500.000   -1.947
 988000.000   -4.748
 988500.000   -0.359
 989000.000   -4.119
 989500.000   -1.163
 990000.000   -2.125
 990500.000   -3.161
 991000.000   -3.434
 991500.000   -2.723
 992000.000   -4.308
 992500.000   -3.596
 993000.000   -2.735
 993500.000    0.832
 994000.000   -0.624
 994500.000   -1.960
 995000.000   -3.417
 995500.000   -3.413
 996000.000   -2.636
 996500.000   -5.777
 997000.000   -1.862
 997500.000   -2.732
 998000.000   -2.833
 998500.000   -2.994
 999000.000   -1.935
 999500.000   -3.592
1000000.000   -1.078
