      22    2.084    0.139
      23    2.418    0.233
      24    0.945    0.169
      25    0.910    0.203
      26    1.752    0.236
      27    0.798    0.157
      28    0.526    0.119
      29    1.179    0.205
      30    1.471    0.171
      31    1.631    0.200
      32    0.734    0.103
      33    0.532    0.096
      34    0.137    0.067
      35    2.099    0.244
      36    0.738    0.161
      37    0.308    0.101
      38    1.493    0.164
      39    1.236    0.233
      40    1.178    0.108
      41    2.241    0.140
      42    1.898    0.139
