BFII_nolipid
""
WAVELENGTH	FLUORESCENCE
300.0	71.15573120117188
300.5	76.129638671875
301.0	81.96832275390625
301.5	87.4209976196289
302.0	94.98040771484375
302.5	103.85865020751953
303.0	112.25494384765625
303.5	121.75944519042969
304.0	131.02386474609375
304.5	141.71388244628906
305.0	153.9695281982422
305.5	163.3513641357422
306.0	176.5755615234375
306.5	186.84559631347656
307.0	200.65988159179688
307.5	211.70294189453125
308.0	226.89968872070312
308.5	241.89849853515625
309.0	255.93418884277344
309.5	272.1652526855469
310.0	287.071044921875
310.5	302.3654479980469
311.0	319.89715576171875
311.5	336.31060791015625
312.0	354.77679443359375
312.5	372.628662109375
313.0	392.42315673828125
313.5	410.7873229980469
314.0	431.4820556640625
314.5	454.6550598144531
315.0	472.26873779296875
315.5	496.32989501953125
316.0	514.5722045898438
316.5	538.923583984375
317.0	562.0614013671875
317.5	583.4110107421875
318.0	605.2412109375
318.5	629.53857421875
319.0	651.8013916015625
319.5	676.5380249023438
320.0	699.61181640625
320.5	725.2055053710938
321.0	753.368408203125
321.5	774.4855346679688
322.0	804.0384521484375
322.5	826.037353515625
323.0	855.5162353515625
323.5	883.0940551757812
324.0	908.3652954101562
324.5	934.0498657226562
325.0	962.6822509765625
325.5	988.2647094726562
326.0	1016.4810791015625
326.5	1042.4774169921875
327.0	1071.239501953125
327.5	1101.949462890625
328.0	1124.958984375
328.5	1156.2130126953125
329.0	1179.4644775390625
329.5	1210.544677734375
330.0	1235.71240234375
330.5	1263.058349609375
331.0	1288.063232421875
331.5	1315.094970703125
332.0	1339.8826904296875
332.5	1366.626708984375
333.0	1395.55322265625
333.5	1416.81591796875
334.0	1444.3922119140625
334.5	1467.17919921875
335.0	1491.67236328125
335.5	1513.005615234375
336.0	1536.4163818359375
336.5	1557.36181640625
337.0	1580.375244140625
337.5	1604.984375
338.0	1622.268310546875
338.5	1645.38427734375
339.0	1663.930908203125
339.5	1684.4024658203125
340.0	1701.685302734375
340.5	1720.5367431640625
341.0	1736.6131591796875
341.5	1754.378173828125
342.0	1771.8138427734375
342.5	1784.778076171875
343.0	1800.805908203125
343.5	1814.4210205078125
344.0	1828.98583984375
344.5	1841.172607421875
345.0	1853.32861328125
345.5	1864.2830810546875
346.0	1875.7783203125
346.5	1887.5306396484375
347.0	1896.3841552734375
347.5	1905.6522216796875
348.0	1913.398681640625
348.5	1921.267578125
349.0	1927.6767578125
349.5	1934.757568359375
350.0	1941.4168701171875
350.5	1946.0780029296875
351.0	1950.4891357421875
351.5	1954.5126953125
352.0	1958.7701416015625
352.5	1962.271484375
353.0	1965.4990234375
353.5	1967.9140625
354.0	1969.4306640625
354.5	1970.736572265625
355.0	1970.752685546875
355.5	1971.044677734375
356.0	1970.802734375
356.5	1969.886474609375
357.0	1967.9849853515625
357.5	1966.4476318359375
358.0	1963.3770751953125
358.5	1959.968994140625
359.0	1957.4466552734375
359.5	1953.36328125
360.0	1949.5592041015625
360.5	1944.8912353515625
361.0	1941.036376953125
361.5	1934.8148193359375
362.0	1928.7708740234375
362.5	1922.7440185546875
363.0	1916.127685546875
363.5	1909.63232421875
364.0	1902.1160888671875
364.5	1894.6793212890625
365.0	1885.5184326171875
365.5	1875.9468994140625
366.0	1867.7059326171875
366.5	1858.291748046875
367.0	1849.1962890625
367.5	1837.1876220703125
368.0	1825.9517822265625
368.5	1815.6600341796875
369.0	1803.73193359375
369.5	1792.1588134765625
370.0	1779.128173828125
370.5	1766.8328857421875
371.0	1751.9178466796875
371.5	1737.840576171875
372.0	1725.503662109375
372.5	1710.4078369140625
373.0	1697.0025634765625
373.5	1679.648681640625
374.0	1664.5911865234375
374.5	1650.5211181640625
375.0	1634.295654296875
375.5	1619.6326904296875
376.0	1602.3531494140625
376.5	1585.1466064453125
377.0	1569.438232421875
377.5	1552.97412109375
378.0	1537.564453125
378.5	1518.5609130859375
379.0	1500.7943115234375
379.5	1484.3570556640625
380.0	1466.33251953125
380.5	1450.1778564453125
381.0	1430.7125244140625
381.5	1412.6962890625
382.0	1395.72021484375
382.5	1377.1168212890625
383.0	1360.5699462890625
383.5	1340.8958740234375
384.0	1322.638427734375
384.5	1305.60986328125
385.0	1287.251220703125
385.5	1270.3416748046875
386.0	1250.3839111328125
386.5	1232.3389892578125
387.0	1215.8414306640625
387.5	1198.119140625
388.0	1181.4334716796875
388.5	1161.8292236328125
389.0	1144.138916015625
389.5	1127.748291015625
390.0	1108.08935546875
390.5	1093.6966552734375
391.0	1074.2457275390625
391.5	1056.615966796875
392.0	1040.64306640625
392.5	1021.2871704101562
393.0	1007.4583129882812
393.5	989.057861328125
394.0	972.5397338867188
394.5	957.445068359375
395.0	939.2800903320312
395.5	923.128662109375
396.0	908.1795043945312
396.5	890.95849609375
397.0	878.292236328125
397.5	861.3651733398438
398.0	845.6209716796875
398.5	831.2987670898438
399.0	814.491943359375
399.5	799.7958984375
400.0	786.9155883789062
400.5	773.6840209960938
401.0	759.63330078125
401.5	744.40380859375
402.0	730.5296630859375
402.5	718.1919555664062
403.0	703.6162109375
403.5	690.4320678710938
404.0	678.543701171875
404.5	666.6331787109375
405.0	653.5582275390625
405.5	639.8955688476562
406.0	628.8843994140625
406.5	616.6331787109375
407.0	603.34716796875
407.5	592.0407104492188
408.0	581.5419311523438
408.5	569.0526123046875
409.0	560.1105346679688
409.5	547.9454956054688
410.0	537.8665771484375
410.5	527.1599731445312
411.0	515.2966918945312
411.5	505.55474853515625
412.0	495.3478088378906
412.5	484.2289123535156
413.0	474.01824951171875
413.5	465.1360168457031
414.0	454.6593322753906
414.5	447.0518493652344
415.0	436.6455078125
415.5	428.5526123046875
416.0	419.63568115234375
416.5	409.77520751953125
417.0	402.0467529296875
417.5	393.4617004394531
418.0	384.3049011230469
418.5	376.74554443359375
419.0	368.717041015625
419.5	360.4403076171875
420.0	352.7462158203125
420.5	345.7034912109375
421.0	337.3595886230469
421.5	331.33221435546875
422.0	323.45135498046875
422.5	315.9218444824219
423.0	310.347900390625
423.5	302.9581604003906
424.0	296.8582763671875
424.5	290.3929443359375
425.0	283.35321044921875
425.5	277.827880859375
426.0	271.883056640625
426.5	265.2780456542969
427.0	260.09808349609375
427.5	254.37814331054688
428.0	248.50997924804688
428.5	243.65380859375
429.0	238.53468322753906
429.5	232.72413635253906
430.0	228.1953582763672
430.5	223.396728515625
431.0	217.9502716064453
431.5	213.46939086914062
432.0	208.84317016601562
432.5	204.1915283203125
433.0	199.7362060546875
433.5	195.41839599609375
434.0	190.885009765625
434.5	187.17494201660156
435.0	183.0604248046875
435.5	178.61915588378906
436.0	174.96519470214844
436.5	171.01502990722656
437.0	166.59921264648438
437.5	163.236328125
438.0	159.45767211914062
438.5	155.57969665527344
439.0	152.29226684570312
439.5	148.96231079101562
440.0	145.4025421142578
440.5	142.50341796875
441.0	139.33738708496094
441.5	135.86019897460938
442.0	133.2459259033203
442.5	130.29995727539062
443.0	127.09219360351562
443.5	124.50302124023438
444.0	121.67648315429688
444.5	118.6669692993164
445.0	115.82225799560547
445.5	113.30687713623047
446.0	110.77957153320312
446.5	108.01642608642578
447.0	105.71580505371094
447.5	103.25289154052734
448.0	100.69547271728516
448.5	98.61891174316406
449.0	96.40978240966797
449.5	93.8552474975586
450.0	91.95864868164062
