BFII_nolipid
""
WAVELENGTH	FLUORESCENCE
300.0	73.75521850585938
300.5	79.73333740234375
301.0	86.25627899169922
301.5	92.31681823730469
302.0	100.76188659667969
302.5	110.7509765625
303.0	120.41495513916016
303.5	131.32928466796875
304.0	141.81784057617188
304.5	153.84107971191406
305.0	167.77186584472656
305.5	178.5276336669922
306.0	193.65553283691406
306.5	205.40817260742188
307.0	221.634033203125
307.5	234.09609985351562
308.0	251.7126922607422
308.5	268.4163818359375
309.0	283.90521240234375
309.5	302.0243835449219
310.0	319.0880432128906
310.5	336.80889892578125
311.0	356.6099853515625
311.5	375.8047790527344
312.0	397.4202880859375
312.5	417.59130859375
313.0	439.94921875
313.5	460.90020751953125
314.0	484.4344177246094
314.5	511.0539855957031
315.0	531.0523681640625
315.5	558.56005859375
316.0	579.4014892578125
316.5	607.5707397460938
317.0	634.0587768554688
317.5	658.6639404296875
318.0	683.5542602539062
318.5	711.0739135742188
319.0	736.6847534179688
319.5	765.2077026367188
320.0	791.5077514648438
320.5	820.119140625
321.0	852.142578125
321.5	876.50146484375
322.0	909.3430786132812
322.5	934.793212890625
323.0	968.3966674804688
323.5	999.306640625
324.0	1027.956298828125
324.5	1056.607421875
325.0	1088.4530029296875
325.5	1117.768310546875
326.0	1149.900390625
326.5	1178.9764404296875
327.0	1211.5439453125
327.5	1247.1246337890625
328.0	1273.22021484375
328.5	1308.2332763671875
329.0	1334.2156982421875
329.5	1368.4273681640625
330.0	1396.46826171875
330.5	1427.01123046875
331.0	1455.264892578125
331.5	1486.3460693359375
332.0	1513.9866943359375
332.5	1544.2664794921875
333.0	1576.5679931640625
333.5	1600.664306640625
334.0	1631.873291015625
334.5	1658.127685546875
335.0	1685.8409423828125
335.5	1710.503173828125
336.0	1737.8621826171875
336.5	1761.1324462890625
337.0	1786.8681640625
337.5	1813.885986328125
338.0	1833.9976806640625
338.5	1860.1123046875
339.0	1881.1622314453125
339.5	1903.8260498046875
340.0	1923.6351318359375
340.5	1944.3306884765625
341.0	1962.818603515625
341.5	1982.0882568359375
342.0	2002.146728515625
342.5	2017.203369140625
343.0	2036.0550537109375
343.5	2051.14599609375
344.0	2067.153076171875
344.5	2080.824462890625
345.0	2095.7177734375
345.5	2108.323974609375
346.0	2121.828369140625
346.5	2135.124755859375
347.0	2145.93310546875
347.5	2156.928955078125
348.0	2166.364013671875
348.5	2176.55810546875
349.0	2184.2607421875
349.5	2191.7861328125
350.0	2199.150634765625
350.5	2204.891845703125
351.0	2210.52001953125
351.5	2215.212646484375
352.0	2219.865478515625
352.5	2222.59912109375
353.0	2225.930908203125
353.5	2228.552978515625
354.0	2230.17626953125
354.5	2230.86376953125
355.0	2230.984619140625
355.5	2230.6513671875
356.0	2230.09716796875
356.5	2229.586669921875
357.0	2227.51953125
357.5	2225.71142578125
358.0	2222.714599609375
358.5	2219.742431640625
359.0	2215.997314453125
359.5	2212.44677734375
360.0	2208.4404296875
360.5	2203.4306640625
361.0	2198.686279296875
361.5	2191.294189453125
362.0	2184.18994140625
362.5	2177.96337890625
363.0	2169.380126953125
363.5	2161.8251953125
364.0	2152.822509765625
364.5	2144.5322265625
365.0	2133.554931640625
365.5	2122.767578125
366.0	2113.0283203125
366.5	2100.892333984375
367.0	2090.4150390625
367.5	2077.054931640625
368.0	2064.5166015625
368.5	2052.33740234375
369.0	2039.0654296875
369.5	2025.8565673828125
370.0	2011.1187744140625
370.5	1997.6129150390625
371.0	1980.86962890625
371.5	1964.3741455078125
372.0	1949.6170654296875
372.5	1934.1837158203125
373.0	1919.87646484375
373.5	1900.1153564453125
374.0	1882.204833984375
374.5	1866.0894775390625
375.0	1847.9503173828125
375.5	1830.8134765625
376.0	1810.7154541015625
376.5	1791.5206298828125
377.0	1774.3603515625
377.5	1754.4063720703125
378.0	1736.8104248046875
378.5	1714.481201171875
379.0	1694.1029052734375
379.5	1676.2857666015625
380.0	1655.8919677734375
380.5	1637.278564453125
381.0	1614.9385986328125
381.5	1593.9361572265625
382.0	1574.855712890625
382.5	1554.5203857421875
383.0	1536.2117919921875
383.5	1513.511962890625
384.0	1493.019287109375
384.5	1474.4083251953125
385.0	1453.556640625
385.5	1434.740966796875
386.0	1411.770263671875
386.5	1390.9951171875
387.0	1371.8914794921875
387.5	1351.0869140625
388.0	1332.2332763671875
388.5	1310.054931640625
389.0	1289.2926025390625
389.5	1271.0877685546875
390.0	1248.900634765625
390.5	1232.0074462890625
391.0	1210.691162109375
391.5	1191.49658203125
392.0	1173.5411376953125
392.5	1152.28271484375
393.0	1136.5360107421875
393.5	1115.6307373046875
394.0	1096.3175048828125
394.5	1078.85205078125
395.0	1059.064208984375
395.5	1040.835693359375
396.0	1024.019775390625
396.5	1004.5891723632812
397.0	989.9268798828125
397.5	970.6096801757812
398.0	953.2161865234375
398.5	937.5279541015625
399.0	918.695556640625
399.5	901.9915161132812
400.0	886.9633178710938
400.5	871.4407348632812
401.0	855.0459594726562
401.5	837.42333984375
402.0	821.7903442382812
402.5	807.7139282226562
403.0	791.4235229492188
403.5	776.5108642578125
404.0	763.2478637695312
404.5	749.7387084960938
405.0	735.4274291992188
405.5	720.1411743164062
406.0	707.3919067382812
406.5	693.8855590820312
407.0	679.0922241210938
407.5	666.0945434570312
408.0	654.350830078125
408.5	640.353515625
409.0	629.5386962890625
409.5	615.80615234375
410.0	604.4815063476562
410.5	592.5133056640625
411.0	579.4663696289062
411.5	568.9808959960938
412.0	557.713623046875
412.5	544.5572509765625
413.0	533.4700317382812
413.5	523.7750244140625
414.0	512.2064208984375
414.5	503.8253173828125
415.0	492.646484375
415.5	483.7200622558594
416.0	473.7307434082031
416.5	462.925048828125
417.0	453.9382629394531
417.5	444.5708923339844
418.0	434.552001953125
418.5	426.3336486816406
419.0	417.4598388671875
419.5	407.75140380859375
420.0	399.0323181152344
420.5	390.8992919921875
421.0	382.0113220214844
421.5	375.22674560546875
422.0	366.8144836425781
422.5	358.11151123046875
423.0	351.8297424316406
423.5	343.6741027832031
424.0	336.7952575683594
424.5	329.494873046875
425.0	321.512939453125
425.5	314.9209899902344
426.0	308.09979248046875
426.5	300.98162841796875
427.0	295.14349365234375
427.5	288.85498046875
428.0	281.6906433105469
428.5	276.1247253417969
429.0	269.97991943359375
429.5	263.5443115234375
430.0	258.52642822265625
430.5	252.87351989746094
431.0	246.5419158935547
431.5	241.391845703125
432.0	235.8313446044922
432.5	230.00294494628906
433.0	225.38107299804688
433.5	220.18801879882812
434.0	214.96499633789062
434.5	210.64405822753906
435.0	205.8175811767578
435.5	200.63583374023438
436.0	196.5003662109375
436.5	191.92100524902344
437.0	187.26937866210938
437.5	183.52967834472656
438.0	179.6209716796875
438.5	175.18267822265625
439.0	171.53964233398438
439.5	167.4523468017578
440.0	163.24659729003906
440.5	159.8087158203125
441.0	156.03453063964844
441.5	152.30706787109375
442.0	149.25820922851562
442.5	145.95864868164062
443.0	142.3596954345703
443.5	139.35955810546875
444.0	135.90826416015625
444.5	132.6818389892578
445.0	129.3587646484375
445.5	126.69452667236328
446.0	123.79269409179688
446.5	120.79725646972656
447.0	118.368896484375
447.5	115.63153076171875
448.0	112.78490447998047
448.5	110.3709945678711
449.0	108.02227783203125
449.5	105.27436828613281
450.0	103.04975128173828
