      22    2.450    0.261
      23    2.129    0.195
      24    1.045    0.103
      25    0.742    0.132
      26    1.433    0.216
      27    1.623    0.149
      28    0.439    0.075
      29    1.774    0.210
      30    0.999    0.169
      31    1.399    0.156
      32    0.741    0.122
      33    0.672    0.130
      34    0.300    0.090
      35    1.241    0.240
      36    0.746    0.099
      37    0.989    0.107
      38    1.587    0.151
      39    1.218    0.135
      40    1.198    0.125
      41    1.715    0.119
      42    2.138    0.134
