 750000.000 1.105889 0.949966 0.641148 1.064177
 750500.000 1.113225 0.940394 0.678553 1.064784
 751000.000 1.076509 0.915287 0.641235 1.033832
 751500.000 1.094817 0.922360 0.668611 1.048551
 752000.000 1.103863 0.939136 0.647138 1.065957
 752500.000 1.076689 0.913722 0.642035 1.035094
 753000.000 1.087019 0.899615 0.682664 1.043017
 753500.000 1.076975 0.904995 0.663635 1.029721
 754000.000 1.074921 0.893441 0.681857 1.023594
 754500.000 1.104597 0.914562 0.687198 1.063769
 755000.000 1.094949 0.909424 0.676750 1.054886
 755500.000 1.107746 0.927153 0.678009 1.065313
 756000.000 1.144079 0.966914 0.680864 1.104235
 756500.000 1.075847 0.934152 0.608031 1.035641
 757000.000 1.098040 0.953038 0.633032 1.049939
 757500.000 1.097534 0.942962 0.642434 1.052266
 758000.000 1.079914 0.913850 0.652350 1.035252
 758500.000 1.103435 0.953075 0.644821 1.054036
 759000.000 1.106449 0.946734 0.652941 1.061047
 759500.000 1.120598 0.959650 0.661709 1.073635
 760000.000 1.084062 0.923908 0.647297 1.038163
 760500.000 1.101113 0.927718 0.674089 1.053491
 761000.000 1.141022 0.977001 0.657332 1.103288
 761500.000 1.160357 0.988916 0.703153 1.104753
 762000.000 1.087847 0.957480 0.692087 0.985429
 762500.000 1.140936 1.020530 0.650271 1.067303
 763000.000 1.090071 0.948047 0.722478 0.977620
 763500.000 1.078509 0.950012 0.628569 1.014270
 764000.000 1.070838 0.960068 0.604641 1.003029
 764500.000 1.076028 0.966312 0.602146 1.009620
 765000.000 1.064733 0.946545 0.606052 1.002030
 765500.000 1.080015 0.947354 0.635509 1.015634
 766000.000 1.084991 0.942929 0.657404 1.016422
 766500.000 1.083117 0.918343 0.664668 1.030120
 767000.000 1.071003 0.890716 0.696476 1.007791
 767500.000 1.061941 0.878496 0.690194 1.003651
 768000.000 1.064217 0.898101 0.651245 1.017059
 768500.000 1.056643 0.870385 0.691167 0.998853
 769000.000 1.051452 0.888491 0.667467 0.988015
 769500.000 1.066613 0.888748 0.695551 1.000831
 770000.000 1.069980 0.876607 0.687923 1.023737
 770500.000 1.061800 0.892773 0.653877 1.015007
 771000.000 1.075838 0.892817 0.684127 1.024551
 771500.000 1.065278 0.879368 0.683016 1.014808
 772000.000 1.063787 0.877250 0.682905 1.013588
 772500.000 1.082033 0.907298 0.667695 1.035657
 773000.000 1.091416 0.889751 0.726317 1.031107
 773500.000 1.084815 0.877398 0.738311 1.019175
 774000.000 1.113662 0.950036 0.676259 1.058578
 774500.000 1.082258 0.935455 0.638863 1.029243
 775000.000 1.076407 0.923652 0.651527 1.019650
 775500.000 1.075814 0.908936 0.677796 1.014483
 776000.000 1.108595 0.925645 0.695819 1.056876
 776500.000 1.101027 0.920290 0.681552 1.055022
 777000.000 1.093438 0.922166 0.676481 1.040768
 777500.000 1.104397 0.919577 0.710983 1.043200
 778000.000 1.095378 0.929440 0.703375 1.020349
 778500.000 1.128718 0.951420 0.703551 1.071365
 779000.000 1.104765 0.894549 0.746602 1.040855
 779500.000 1.101711 0.935908 0.684808 1.040504
 780000.000 1.093654 0.911088 0.771852 0.983016
 780500.000 1.095395 0.922928 0.703653 1.026088
 781000.000 1.108061 0.956169 0.675450 1.041684
 781500.000 1.118365 0.979688 0.656769 1.053730
 782000.000 1.097504 0.899558 0.720062 1.039874
 782500.000 1.094152 0.920342 0.673567 1.045760
 783000.000 1.095073 0.899315 0.702619 1.046865
 783500.000 1.082424 0.904104 0.690279 1.024399
 784000.000 1.087592 0.872631 0.728965 1.035777
 784500.000 1.109588 0.882294 0.746805 1.061230
 785000.000 1.046728 0.834103 0.715222 0.991972
 785500.000 1.091848 0.880128 0.722129 1.043154
 786000.000 1.105102 0.872608 0.743265 1.062361
 786500.000 1.122276 0.909947 0.737302 1.071163
 787000.000 1.105006 0.912469 0.694064 1.061957
 787500.000 1.106125 0.899463 0.734006 1.048440
 788000.000 1.100534 0.921574 0.699448 1.041068
 788500.000 1.098366 0.913504 0.690465 1.049563
 789000.000 1.110232 0.925496 0.696690 1.059864
 789500.000 1.085042 0.923756 0.685509 1.015572
 790000.000 1.073406 0.891983 0.701194 1.008510
 790500.000 1.088967 0.934398 0.673376 1.022332
 791000.000 1.090203 0.929067 0.682114 1.024032
 791500.000 1.072052 0.920691 0.670738 1.000515
 792000.000 1.068192 0.914722 0.659598 1.005129
 792500.000 1.103086 0.931610 0.701137 1.036392
 793000.000 1.111203 0.966275 0.651322 1.054343
 793500.000 1.131404 0.997157 0.621890 1.085855
 794000.000 1.148323 0.962787 0.700822 1.104166
 794500.000 1.119751 0.961863 0.662893 1.069149
 795000.000 1.102886 0.928755 0.684457 1.049595
 795500.000 1.170749 1.014967 0.692556 1.109737
 796000.000 1.141552 0.994300 0.664634 1.084394
 796500.000 1.106470 0.952182 0.699284 1.026112
 797000.000 1.106226 0.913530 0.717450 1.047951
 797500.000 1.115244 0.935686 0.731812 1.037536
 798000.000 1.133226 0.961657 0.730220 1.053752
 798500.000 1.129462 0.982388 0.688790 1.054443
 799000.000 1.087348 0.906240 0.702525 1.024618
 799500.000 1.086581 0.884831 0.729764 1.022660
 800000.000 1.108155 0.938693 0.710824 1.034215
 800500.000 1.119151 0.956895 0.710562 1.041371
 801000.000 1.128310 0.961295 0.721144 1.049777
 801500.000 1.095058 0.924724 0.726427 1.007717
 802000.000 1.096881 0.933801 0.731070 0.999924
 802500.000 1.086459 0.926486 0.695201 1.009508
 803000.000 1.084528 0.926462 0.704939 0.998564
 803500.000 1.077567 0.888699 0.735811 0.995538
 804000.000 1.076883 0.878771 0.740151 0.999646
 804500.000 1.084766 0.919038 0.720713 0.994675
 805000.000 1.040893 0.880039 0.687573 0.959006
 805500.000 1.074424 0.915869 0.677542 1.005434
 806000.000 1.127866 0.971949 0.696667 1.055527
 806500.000 1.091297 0.933600 0.670907 1.029627
 807000.000 1.083597 0.901179 0.739228 0.994880
 807500.000 1.077347 0.919913 0.687890 1.000959
 808000.000 1.094302 0.958551 0.661697 1.018984
 808500.000 1.053155 0.889006 0.681064 0.981881
 809000.000 1.099215 0.917985 0.707669 1.035883
 809500.000 1.092090 0.935896 0.675095 1.026482
 810000.000 1.076276 0.891558 0.747978 0.981018
 810500.000 1.114861 0.925273 0.728068 1.048626
 811000.000 1.072122 0.886158 0.711090 1.003975
 811500.000 1.116819 0.932808 0.717743 1.053225
 812000.000 1.083645 0.905249 0.707555 1.014132
 812500.000 1.105678 0.939757 0.692224 1.040543
 813000.000 1.140446 0.953067 0.721045 1.083048
 813500.000 1.131051 0.963180 0.705503 1.064474
 814000.000 1.175268 1.007004 0.719873 1.109159
 814500.000 1.114960 0.951081 0.681796 1.056822
 815000.000 1.140435 0.968090 0.694467 1.087063
 815500.000 1.116355 0.951367 0.689805 1.054309
 816000.000 1.129932 0.944968 0.713685 1.072931
 816500.000 1.119273 0.953480 0.679270 1.065370
 817000.000 1.122991 0.979811 0.652903 1.065790
 817500.000 1.098707 0.947980 0.673795 1.030365
 818000.000 1.063207 0.923468 0.653613 0.990362
 818500.000 1.082971 0.971268 0.629080 1.003270
 819000.000 1.069018 0.928784 0.638477 1.007624
 819500.000 1.087382 0.946281 0.649158 1.023691
 820000.000 1.061792 0.938860 0.644757 0.978588
 820500.000 1.094177 0.978148 0.604568 1.035456
 821000.000 1.079581 0.947595 0.616406 1.026205
 821500.000 1.087867 0.973214 0.598345 1.030412
 822000.000 1.062693 0.960920 0.552031 1.015150
 822500.000 1.091328 0.948854 0.642977 1.033562
 823000.000 1.138797 0.980591 0.676887 1.083504
 823500.000 1.109318 0.989725 0.610111 1.053272
 824000.000 1.135540 0.998133 0.646994 1.078903
 824500.000 1.128139 0.978506 0.660267 1.073298
 825000.000 1.093176 0.948574 0.636241 1.041861
 825500.000 1.069651 0.933017 0.615706 1.019163
 826000.000 1.080642 0.949130 0.631895 1.017562
 826500.000 1.071692 0.939438 0.610856 1.020470
 827000.000 1.058464 0.946500 0.594272 0.995825
 827500.000 1.050505 0.934604 0.588552 0.993601
 828000.000 1.074540 0.960815 0.602198 1.011664
 828500.000 1.091779 0.971143 0.597519 1.041064
 829000.000 1.088477 0.980163 0.602313 1.022773
 829500.000 1.101807 0.982037 0.641115 1.025930
 830000.000 1.104538 0.996142 0.635909 1.021436
 830500.000 1.106010 0.996510 0.615226 1.036813
 831000.000 1.086376 0.964285 0.644102 1.007827
 831500.000 1.085648 0.963736 0.611061 1.027172
 832000.000 1.076461 0.949531 0.621616 1.014653
 832500.000 1.091390 0.974397 0.607593 1.031331
 833000.000 1.086451 0.948030 0.645869 1.022176
 833500.000 1.054780 0.923660 0.612280 0.998543
 834000.000 1.109426 0.970779 0.634423 1.056763
 834500.000 1.135684 0.979028 0.695242 1.066631
 835000.000 1.109192 0.971507 0.645394 1.048929
 835500.000 1.121015 0.994563 0.628139 1.062843
 836000.000 1.098787 0.979881 0.632486 1.026869
 836500.000 1.107261 0.984998 0.652248 1.027816
 837000.000 1.148447 1.003776 0.664606 1.090226
 837500.000 1.103369 0.955311 0.666476 1.038284
 838000.000 1.110391 0.958058 0.683684 1.039536
 838500.000 1.089921 0.921760 0.673717 1.035529
 839000.000 1.100847 0.932402 0.676672 1.047125
 839500.000 1.091895 0.922636 0.675503 1.037741
 840000.000 1.081466 0.916095 0.673665 1.022781
 840500.000 1.095506 0.936712 0.670418 1.036040
 841000.000 1.083497 0.910873 0.687767 1.022359
 841500.000 1.073260 0.890451 0.692924 1.015247
 842000.000 1.085936 0.931855 0.649007 1.033900
 842500.000 1.071794 0.919248 0.641090 1.020525
 843000.000 1.086053 0.927925 0.651459 1.036136
 843500.000 1.142144 0.975975 0.685966 1.088994
 844000.000 1.109748 0.962571 0.650048 1.055450
 844500.000 1.091930 0.958268 0.622874 1.038447
 845000.000 1.104156 0.962195 0.662924 1.035874
 845500.000 1.088585 0.946695 0.647390 1.026980
 846000.000 1.136250 0.971394 0.672546 1.089129
 846500.000 1.137451 0.983285 0.642615 1.098992
 847000.000 1.080001 0.942842 0.623388 1.027248
 847500.000 1.139956 1.001887 0.626555 1.096655
 848000.000 1.129278 0.968923 0.653945 1.088155
 848500.000 1.101080 0.944018 0.652007 1.052840
 849000.000 1.134976 0.962682 0.682413 1.088070
 849500.000 1.127723 0.975838 0.634860 1.090050
 850000.000 1.119185 0.940261 0.673429 1.080533
 850500.000 1.133940 0.937093 0.698856 1.097768
 851000.000 1.124442 0.962976 0.649677 1.085972
 851500.000 1.109991 0.935790 0.664831 1.070727
 852000.000 1.128479 0.975193 0.643384 1.087191
 852500.000 1.115954 0.941753 0.671080 1.073993
 853000.000 1.120597 0.917162 0.727844 1.067957
 853500.000 1.058780 0.868592 0.686068 1.008408
 854000.000 1.072572 0.882727 0.690707 1.022027
 854500.000 1.097051 0.906399 0.691584 1.052234
 855000.000 1.072329 0.889144 0.683542 1.020772
 855500.000 1.078139 0.890774 0.686263 1.029723
 856000.000 1.076507 0.897242 0.668757 1.032208
 856500.000 1.076674 0.925077 0.631265 1.031596
 857000.000 1.075866 0.927291 0.639180 1.023013
 857500.000 1.086604 0.922536 0.663007 1.034779
 858000.000 1.087134 0.927294 0.651569 1.038897
 858500.000 1.083141 0.929472 0.639208 1.036284
 859000.000 1.058379 0.920573 0.599763 1.016446
 859500.000 1.081259 0.929692 0.622222 1.042475
 860000.000 1.080039 0.936045 0.613417 1.039475
 860500.000 1.074919 0.941207 0.606515 1.028188
 861000.000 1.075209 0.928441 0.618661 1.033153
 861500.000 1.065917 0.927230 0.600098 1.025908
 862000.000 1.073555 0.931752 0.606605 1.033881
 862500.000 1.076109 0.927418 0.620751 1.034690
 863000.000 1.072212 0.926332 0.621785 1.026921
 863500.000 1.080737 0.944149 0.606647 1.037567
 864000.000 1.081072 0.943449 0.616040 1.033360
 864500.000 1.077019 0.936684 0.609465 1.034947
 865000.000 1.078460 0.922496 0.638766 1.033019
 865500.000 1.054377 0.912729 0.619134 1.003505
 866000.000 1.106836 0.963376 0.626004 1.063107
 866500.000 1.095667 0.952712 0.626361 1.049279
 867000.000 1.112533 0.969417 0.624310 1.070479
 867500.000 1.114941 0.960821 0.652263 1.066566
 868000.000 1.092445 0.944157 0.632241 1.046761
 868500.000 1.071743 0.923745 0.633331 1.021201
 869000.000 1.096058 0.928057 0.671455 1.044292
 869500.000 1.082912 0.903662 0.684445 1.029722
 870000.000 1.085186 0.897000 0.707646 1.024638
 870500.000 1.091290 0.892061 0.711502 1.039143
 871000.000 1.084215 0.919866 0.672376 1.026062
 871500.000 1.082803 0.913046 0.673613 1.028356
 872000.000 1.080728 0.920953 0.666973 1.021244
 872500.000 1.081952 0.919910 0.680891 1.015576
 873000.000 1.093777 0.943052 0.654491 1.036817
 873500.000 1.079659 0.916242 0.660906 1.027148
 874000.000 1.106497 0.948295 0.672173 1.047660
 874500.000 1.087404 0.923310 0.667659 1.032776
 875000.000 1.101017 0.924832 0.687585 1.047088
 875500.000 1.072488 0.894772 0.685351 1.014959
 876000.000 1.075484 0.924546 0.665734 1.007645
 876500.000 1.107413 0.952086 0.662975 1.052009
 877000.000 1.123735 0.957848 0.686578 1.066161
 877500.000 1.074298 0.890291 0.678689 1.027129
 878000.000 1.065778 0.901145 0.662914 1.010072
 878500.000 1.068913 0.896354 0.660797 1.022274
 879000.000 1.064105 0.894940 0.660370 1.013722
 879500.000 1.081809 0.904899 0.671410 1.034885
 880000.000 1.084041 0.939771 0.631021 1.033892
 880500.000 1.093441 0.968943 0.601288 1.044427
 881000.000 1.104950 0.975892 0.590098 1.068292
 881500.000 1.102848 0.956517 0.628773 1.059371
 882000.000 1.048651 0.910901 0.601898 1.003652
 882500.000 1.076621 0.958605 0.582552 1.029533
 883000.000 1.063846 0.915606 0.637134 1.009584
 883500.000 1.073594 0.941355 0.629570 1.011288
 884000.000 1.054116 0.924426 0.609759 0.997975
 884500.000 1.093986 0.950404 0.623959 1.049295
 885000.000 1.073897 0.917492 0.637658 1.028644
 885500.000 1.074813 0.932819 0.611567 1.032608
 886000.000 1.091749 0.952953 0.615340 1.047411
 886500.000 1.084493 0.938614 0.636932 1.032266
 887000.000 1.077995 0.922054 0.649960 1.025435
 887500.000 1.099832 0.939710 0.652564 1.053738
 888000.000 1.047114 0.921542 0.596966 0.993623
 888500.000 1.105069 0.966137 0.629298 1.054950
 889000.000 1.070714 0.955005 0.596488 1.012435
 889500.000 1.062978 0.930299 0.629101 0.999309
 890000.000 1.069449 0.934560 0.617459 1.016261
 890500.000 1.055187 0.907899 0.631871 1.001647
 891000.000 1.076083 0.910016 0.680380 1.012356
 891500.000 1.053757 0.901069 0.659863 0.986642
 892000.000 1.104485 0.932016 0.686757 1.048565
 892500.000 1.104215 0.948610 0.655727 1.052969
 893000.000 1.100001 0.949341 0.653247 1.045001
 893500.000 1.084429 0.956197 0.613080 1.030434
 894000.000 1.084897 0.958114 0.603581 1.035234
 894500.000 1.093570 0.971544 0.599178 1.043492
 895000.000 1.108775 0.973120 0.623605 1.059679
 895500.000 1.106168 0.972970 0.642508 1.042942
 896000.000 1.075616 0.943782 0.616461 1.021348
 896500.000 1.080513 0.941899 0.626405 1.027355
 897000.000 1.078309 0.919519 0.655800 1.024651
 897500.000 1.099055 0.967739 0.613153 1.050413
 898000.000 1.087205 0.938834 0.645090 1.032704
 898500.000 1.061668 0.943136 0.640618 0.976923
 899000.000 1.061831 0.935166 0.620398 0.997768
 899500.000 1.070509 0.961915 0.590320 1.009068
 900000.000 1.069181 0.949246 0.598543 1.013397
 900500.000 1.070975 0.954323 0.598592 1.012388
 901000.000 1.076424 0.956081 0.616501 1.011540
 901500.000 1.073407 0.918968 0.687075 0.993897
 902000.000 1.110726 0.977146 0.667848 1.032759
 902500.000 1.068795 0.951448 0.647556 0.979829
 903000.000 1.100130 0.974762 0.653255 1.021602
 903500.000 1.086318 0.975684 0.630300 1.005453
 904000.000 1.076121 0.959876 0.649828 0.986122
 904500.000 1.093132 0.983694 0.610928 1.024202
 905000.000 1.115696 0.996375 0.625989 1.051157
 905500.000 1.114343 1.004111 0.617125 1.046155
 906000.000 1.093323 0.975333 0.622129 1.025861
 906500.000 1.116770 1.002025 0.615229 1.054414
 907000.000 1.102213 0.967480 0.672333 1.020635
 907500.000 1.093083 0.979261 0.632083 1.015470
 908000.000 1.106069 0.992582 0.611975 1.042614
 908500.000 1.056140 0.944082 0.577145 1.003234
 909000.000 1.102369 0.982098 0.590784 1.056831
 909500.000 1.066105 0.954191 0.559394 1.024577
 910000.000 1.073192 0.947316 0.592703 1.027025
 910500.000 1.067519 0.949736 0.581641 1.019259
 911000.000 1.055769 0.944362 0.583449 0.998531
 911500.000 1.052538 0.933611 0.589627 0.998190
 912000.000 1.055107 0.929572 0.596174 1.003481
 912500.000 1.066991 0.937974 0.594585 1.021574
 913000.000 1.046416 0.933970 0.586523 0.986745
 913500.000 1.062323 0.960265 0.553006 1.014464
 914000.000 1.048811 0.947120 0.560130 0.994599
 914500.000 1.045497 0.943407 0.564501 0.988661
 915000.000 1.034104 0.921329 0.591997 0.969244
 915500.000 1.029381 0.927446 0.570410 0.966297
 916000.000 1.030180 0.923082 0.560149 0.978108
 916500.000 1.040827 0.939028 0.572232 0.978476
 917000.000 1.047358 0.941373 0.571256 0.990656
 917500.000 1.075642 0.965039 0.589001 1.017738
 918000.000 1.061819 0.935958 0.642470 0.982921
 918500.000 1.104620 0.992222 0.626108 1.031433
 919000.000 1.048641 0.928974 0.608258 0.983019
 919500.000 1.054986 0.927846 0.640663 0.977059
 920000.000 1.059500 0.933865 0.625117 0.991061
 920500.000 1.036729 0.928733 0.560660 0.986270
 921000.000 1.086677 0.965589 0.589125 1.040337
 921500.000 1.084331 0.965644 0.596812 1.030967
 922000.000 1.093966 0.987563 0.566413 1.047578
 922500.000 1.095922 0.986337 0.574990 1.048149
 923000.000 1.090726 0.981578 0.576980 1.040658
 923500.000 1.095937 0.991426 0.576450 1.042563
 924000.000 1.076687 0.961431 0.591616 1.021836
 924500.000 1.126918 1.016586 0.583888 1.079592
 925000.000 1.093123 0.986137 0.575509 1.042189
 925500.000 1.111683 1.010855 0.569063 1.061141
 926000.000 1.117782 1.002326 0.587826 1.071763
 926500.000 1.078693 0.977402 0.545729 1.036350
 927000.000 1.079526 0.975151 0.565914 1.029357
 927500.000 1.093316 0.979576 0.581706 1.045337
 928000.000 1.077706 0.948576 0.602413 1.029659
 928500.000 1.080645 0.976661 0.567863 1.029199
 929000.000 1.085842 0.981077 0.570426 1.034508
 929500.000 1.082715 0.992472 0.535736 1.035630
 930000.000 1.079495 0.982410 0.548035 1.032059
 930500.000 1.073836 0.971503 0.557358 1.025564
 931000.000 1.073380 0.972598 0.559112 1.022613
 931500.000 1.082734 0.978202 0.563163 1.034696
 932000.000 1.079398 0.972517 0.563879 1.032692
 932500.000 1.107235 1.004663 0.559736 1.062678
 933000.000 1.076079 0.977374 0.553377 1.026843
 933500.000 1.062462 0.960156 0.563007 1.009344
 934000.000 1.092791 0.999189 0.545865 1.045006
 934500.000 1.075262 0.982198 0.542823 1.026161
 935000.000 1.079680 0.983218 0.546645 1.032413
 935500.000 1.080572 0.978174 0.567285 1.027927
 936000.000 1.075954 0.974929 0.554617 1.028234
 936500.000 1.085570 0.976917 0.562751 1.042049
 937000.000 1.076555 0.975474 0.546704 1.033202
 937500.000 1.067299 0.962064 0.564409 1.016922
 938000.000 1.079664 0.977346 0.555005 1.033496
 938500.000 1.081631 0.990643 0.539740 1.033034
 939000.000 1.069071 0.974456 0.541522 1.021280
 939500.000 1.067568 0.971423 0.538888 1.022419
 940000.000 1.088691 0.993688 0.547197 1.040988
 940500.000 1.079124 0.988084 0.527408 1.036603
 941000.000 1.079840 0.990482 0.529817 1.034577
 941500.000 1.078526 0.992498 0.522843 1.033451
 942000.000 1.067220 0.970609 0.540783 1.021464
 942500.000 1.065596 0.977294 0.522790 1.021066
 943000.000 1.059124 0.967065 0.537208 1.009792
 943500.000 1.059233 0.974534 0.525774 1.008858
 944000.000 1.067615 0.980817 0.525814 1.020354
 944500.000 1.066741 0.974543 0.533760 1.020411
 945000.000 1.056788 0.951391 0.561488 1.006573
 945500.000 1.050330 0.964157 0.534920 0.995313
 946000.000 1.074800 0.987832 0.546985 1.017538
 946500.000 1.074924 0.990478 0.531034 1.023659
 947000.000 1.073349 0.990868 0.527276 1.021916
 947500.000 1.102057 1.010864 0.539087 1.056692
 948000.000 1.092840 1.003075 0.534067 1.047478
 948500.000 1.087951 0.991922 0.539193 1.045293
 949000.000 1.078648 0.977278 0.545883 1.036293
 949500.000 1.089755 1.011839 0.525543 1.036880
 950000.000 1.099937 1.020482 0.517733 1.053706
 950500.000 1.088689 0.998234 0.537651 1.041608
 951000.000 1.063714 0.974877 0.532950 1.014177
 951500.000 1.079083 0.995434 0.510398 1.038001
 952000.000 1.065699 0.987538 0.506989 1.019393
 952500.000 1.062785 0.970046 0.541147 1.012517
 953000.000 1.087471 1.004276 0.522831 1.040800
 953500.000 1.085326 1.004960 0.510536 1.041765
 954000.000 1.082856 0.996278 0.534132 1.033096
 954500.000 1.070977 0.979785 0.540682 1.020623
 955000.000 1.077798 0.990740 0.540473 1.024509
 955500.000 1.082771 0.990204 0.552151 1.029276
 956000.000 1.062532 0.970049 0.545973 1.009388
 956500.000 1.077279 0.990855 0.536894 1.025189
 957000.000 1.085017 0.982617 0.575719 1.028365
 957500.000 1.058512 0.962060 0.548511 1.007210
 958000.000 1.079005 0.983651 0.538604 1.034814
 958500.000 1.077665 0.979253 0.550410 1.029970
 959000.000 1.082563 0.996751 0.528503 1.034919
 959500.000 1.085465 0.991328 0.550697 1.034635
 960000.000 1.075651 0.986898 0.535261 1.026440
 960500.000 1.069921 0.960815 0.563443 1.024122
 961000.000 1.107639 0.980537 0.613154 1.056559
 961500.000 1.055747 0.927092 0.610355 0.998584
 962000.000 1.078614 0.955316 0.604455 1.024119
 962500.000 1.062944 0.944550 0.596721 1.005708
 963000.000 1.061202 0.943540 0.584954 1.009882
 963500.000 1.077484 0.968405 0.577982 1.024732
 964000.000 1.056274 0.937854 0.595724 0.998485
 964500.000 1.072920 0.962512 0.578317 1.020507
 965000.000 1.075629 0.980921 0.548247 1.025268
 965500.000 1.079945 0.980952 0.567148 1.024031
 966000.000 1.088526 0.981012 0.570692 1.040050
 966500.000 1.086429 0.983379 0.565832 1.036077
 967000.000 1.070380 0.966117 0.558197 1.022966
 967500.000 1.056919 0.954485 0.558098 1.005803
 968000.000 1.062689 0.969549 0.541780 1.012454
 968500.000 1.067076 0.968404 0.550381 1.018124
 969000.000 1.074232 0.976134 0.551471 1.025178
 969500.000 1.073030 0.970663 0.554242 1.026362
 970000.000 1.039559 0.940018 0.549000 0.988094
 970500.000 1.056247 0.943737 0.566950 1.009576
 971000.000 1.087265 0.991977 0.554708 1.035649
 971500.000 1.056360 0.956429 0.551542 1.006398
 972000.000 1.047257 0.954666 0.547908 0.990909
 972500.000 1.050779 0.951348 0.549304 1.000737
 973000.000 1.061730 0.967644 0.538225 1.014158
 973500.000 1.068221 0.980301 0.530108 1.019896
 974000.000 1.044869 0.941857 0.561227 0.990672
 974500.000 1.058408 0.965350 0.546057 1.005174
 975000.000 1.057010 0.964166 0.562549 0.994214
 975500.000 1.055182 0.962822 0.540378 1.003885
 976000.000 1.057740 0.972240 0.520817 1.010507
 976500.000 1.053926 0.963784 0.535011 1.003198
 977000.000 1.054030 0.958732 0.552173 0.998948
 977500.000 1.071387 0.977409 0.541849 1.023137
 978000.000 1.106414 1.008241 0.551144 1.062072
 978500.000 1.080348 0.991546 0.531752 1.033624
 979000.000 1.090847 1.000024 0.533735 1.046411
 979500.000 1.093662 0.989634 0.555365 1.050898
 980000.000 1.097428 1.008684 0.542247 1.047484
 980500.000 1.111155 1.021041 0.536208 1.067374
 981000.000 1.086791 0.993125 0.536578 1.043080
 981500.000 1.116976 1.002824 0.580195 1.073773
 982000.000 1.088980 0.986310 0.557092 1.043358
 982500.000 1.087648 0.973638 0.569453 1.045806
 983000.000 1.073444 0.959545 0.573048 1.027351
 983500.000 1.085197 0.993445 0.540672 1.037326
 984000.000 1.086843 0.990267 0.537712 1.045318
 984500.000 1.084305 0.993755 0.531705 1.039795
 985000.000 1.081410 0.987493 0.539117 1.035908
 985500.000 1.101328 0.998214 0.551845 1.060606
 986000.000 1.062745 0.969660 0.545926 1.010237
 986500.000 1.072888 0.978259 0.536118 1.028477
 987000.000 1.077595 0.982928 0.547342 1.027955
 987500.000 1.062863 0.974806 0.523704 1.017273
 988000.000 1.073591 0.983298 0.535993 1.025198
 988500.000 1.072068 0.977657 0.536927 1.026915
 989000.000 1.075861 0.975823 0.571522 1.017883
 989500.000 1.118648 1.010844 0.573135 1.073526
 990000.000 1.110211 1.002784 0.561302 1.069813
 990500.000 1.126824 1.026053 0.552083 1.087145
 991000.000 1.137899 1.049726 0.520340 1.103154
 991500.000 1.130033 1.035594 0.528586 1.096401
 992000.000 1.123763 1.033984 0.526402 1.086032
 992500.000 1.098526 0.995481 0.547077 1.059832
 993000.000 1.090228 0.994081 0.536976 1.049120
 993500.000 1.088048 0.999217 0.540527 1.037832
 994000.000 1.106220 1.015572 0.544818 1.057937
 994500.000 1.110461 1.014158 0.555758 1.062480
 995000.000 1.107097 1.010130 0.548810 1.062907
 995500.000 1.103485 0.989695 0.570150 1.063386
 996000.000 1.128893 1.022433 0.549912 1.095915
 996500.000 1.125863 1.020839 0.550612 1.090802
 997000.000 1.105715 0.993570 0.575253 1.061657
 997500.000 1.132161 1.031549 0.551881 1.093121
 998000.000 1.081941 0.985801 0.548367 1.033772
 998500.000 1.112476 1.013355 0.566429 1.061826
 999000.000 1.113066 1.014687 0.559102 1.065667
 999500.000 1.107411 1.004880 0.571530 1.056545
1000000.000 1.109981 1.016311 0.555175 1.059721
