51.845 56.712 -125.7645
50.568 51.901 -109.683
54.861 57.968 -132.6045
51.195 49.678 -117.779
48.286 47.922 -119.6855
52.981 50.353 -109.2825
55.287 51.956 -129.414
55.673 55.038 -133.318
50.213 50.926 -117.493
47.403 49.797 -113.1825
45.606 46.517 -106.001
57.017 62.249 -134.015
50.865 48.667 -114.443
42.928 47.683 -110.02
46.678 47.483 -122.613
78.596 43.538 -117.254
49.112 45.048 -115.741
62.091 43.588 -103.2665
116.392 46.371 -121.344
47.758 43.517 -96.1685
49.229 41.225 -104.153
44.186 38.472 -106.1025
77.145 42.957 -112.9915
54.806 47.168 -120.1815
72.111 44.849 -114.5395
53.724 55.606 -124.6945
55.626 52.437 -123.8255
52.717 50.76 -126.866
46.364 44.988 -112.58
47.448 49.017 -123.1665
51.312 47.417 -113.5365
52.538 53.927 -122.7365
54.691 58.416 -139.722
49.036 45.16 -109.041
55.713 52.252 -113.407
50.833 44.596 -101.2125
55.247 50.38 -114.1965
59.387 52.679 -131.855
46.178 41.219 -92.8845
55.402 48.242 -114.804
47.722 47.22 -118.1675
48.742 44.915 -118.1595
47.858 44.647 -117.2955
54.662 46.302 -125.663
52.054 50.361 -114.7485
52.955 53.14 -120.9825
54.47 58.362 -133.122
63.197 67.112 -149.1525
64.894 61.719 -144.019
57.728 53.674 -130.9715
55.212 51.843 -135.179
49.525 52.243 -129.412
53.463 49.611 -134.963
72.576 51.474 -135.564
58.756 55.46 -141.598
58.585 58.354 -144.5945
54.409 51.662 -125.6255
48.853 45.95 -109.553
63.979 58.971 -147.366
54.379 49.466 -128.094
49.581 45.763 -113.9575
52.668 51.044 -125.9805
52.718 50.268 -121.485
51.498 50.587 -122.689
58.915 54.879 -129.259
55.014 51.488 -119.863
46.947 45.687 -105.6385
48.111 47.193 -117.2955
83.173 57.767 -137.1105
67.656 49.577 -130.9795
58.182 48.356 -124.5605
61.206 51.418 -138.1075
72.547 52.368 -118.1455
58.205 58.513 -143.9745
56.941 55.085 -141.4535
70.289 52.143 -142.8815
60.028 54.207 -138.159
77.491 51.684 -132.112
58.336 49.398 -126.2905
57.78 53.362 -126.2465
59.205 51.465 -130.225
62.105 49.763 -134.477
67.658 48.776 -137.1555
64.002 59.209 -146.7695
52.838 48.407 -115.6595
61.76 51.873 -138.0475
66.341 62.792 -160.668
69.274 60.524 -157.896
61.947 61.883 -149.742
69.224 68.107 -162.139
67.364 57.343 -155.0905
69.533 65.323 -159.4745
72.954 69.148 -169.751
59.502 55.766 -133.7085
58.142 55.177 -138.755
56.467 52.564 -129.129
47.906 49.098 -115.4035
52.859 51.693 -124.2335
50.777 44.006 -115.2535
40.48 39.272 -93.8415
55.524 51.727 -126.8875
