45.846 42.077 -106.816
104.44 47.102 -120.2465
44.862 44.461 -108.359
61.713 55.546 -134.2965
54.743 51.592 -133.7735
44.582 43.64 -112.1255
47.595 49.023 -126.5275
49.734 44.421 -116.0775
46.229 46.953 -120.58
70.314 47.713 -119.859
46.668 39.138 -111.7635
61.315 54.334 -144.8085
66.458 55.888 -141.491
61.264 59.45 -152.5235
101.81 54.364 -142.854
87.022 56.92 -151.2655
67.293 58.401 -146.55
60.227 50.596 -130.682
45.615 43.225 -116.344
68.824 41.651 -114.429
45.555 43.905 -120.2315
47.402 42.223 -119.2225
50.229 40.138 -121.682
61.028 47.172 -128.9205
53.379 44.386 -120.2005
73.728 42.016 -114.63
55.751 43.358 -121.8835
47.442 47.278 -129.2675
64.815 51.884 -132.655
46.296 49.367 -131.026
61.509 50.563 -139.627
49.967 49.822 -125.8155
37.029 38.578 -95.8905
33.25 34.259 -91.1675
79.133 36.025 -93.007
29.703 28.946 -80.125
40.595 41.642 -112.9495
32.207 36.672 -95.536
108.844 46.22 -107.3355
35.94 38.139 -104.052
41.422 42.33 -117.863
40.028 40.402 -106.5415
46.538 47.532 -124.2505
39.862 40.431 -102.632
54.202 37.099 -108.93
57.321 41.375 -113.194
44.233 45.054 -124.3945
66.493 42.41 -113.9665
53.976 43.407 -113.8275
48.979 49.039 -124.2205
41.315 39.869 -105.6195
41.492 45.652 -111.221
42.451 46.752 -111.5415
44.484 37.526 -96.747
60.501 44.345 -117.7465
51.165 44.665 -116.5285
64.555 44.426 -108.1395
51.824 44.562 -98.9345
41.581 38.783 -102.2625
50.052 36.094 -97.25
86.167 38.148 -106.8765
47.844 49.053 -114.2775
43.976 37.561 -89.298
33.472 31.524 -81.8225
95.263 41.965 -114.3355
52.976 52.165 -122.467
53.923 47.931 -121.967
64.296 38.987 -100.745
49.772 40.184 -111.9455
53.815 48.37 -127.318
47.21 44.861 -111.5995
69.958 43.339 -104.372
38.467 34.881 -95.829
52.548 40.629 -104.982
40.669 37.731 -106.2255
76.527 37.378 -99.112
41.916 40.911 -106.9775
51.498 44.655 -129.4755
50.719 43.011 -118.7995
52.384 49.232 -132.03
97.434 48.775 -129.9695
49.239 45.128 -120.945
54.288 53.246 -142.95
55.475 51.042 -132.0785
56.38 51.981 -134.2015
54.334 47.927 -131.2605
52.101 48.9 -125.059
46.482 48.701 -131.747
69.438 61.468 -162.3015
66.326 60.383 -159.982
68.295 61.893 -166.501
98.918 59.087 -158.2
61.569 44.628 -109.9685
49.15 47.454 -119.778
79.75 59.886 -151.544
55.01 62.978 -149.002
48.105 53.361 -121.7235
48.146 51.307 -112.922
40.467 42.728 -105.0025
53.791 43.392 -111.0855
63.741 46.61 -108.7445
