      22    1.573    0.095
      23    2.367    0.182
      24    1.010    0.080
      25    0.655    0.087
      26    1.547    0.201
      27    0.609    0.076
      28    0.429    0.069
      29    1.886    0.144
      30    0.967    0.126
      31    1.752    0.156
      32    0.693    0.088
      33    0.724    0.116
      34    0.239    0.079
      35    1.311    0.192
      36    0.993    0.105
      37    1.483    0.152
      38    1.936    0.223
      39    1.273    0.147
      40    1.614    0.188
      41    2.353    0.240
      42    2.821    0.239
