 750000.000    6.125  684.577
 750500.000    6.121  684.958
 751000.000    5.989  700.068
 751500.000    6.149  681.874
 752000.000    6.267  669.029
 752500.000    6.043  693.828
 753000.000    6.190  677.322
 753500.000    6.326  662.815
 754000.000    6.338  661.548
 754500.000    5.997  699.189
 755000.000    6.099  687.492
 755500.000    6.243  671.576
 756000.000    6.224  673.698
 756500.000    6.175  679.064
 757000.000    6.163  680.327
 757500.000    6.512  643.886
 758000.000    6.436  651.451
 758500.000    6.094  688.023
 759000.000    6.171  679.458
 759500.000    6.313  664.167
 760000.000    6.026  695.851
 760500.000    6.324  663.048
 761000.000    6.181  678.381
 761500.000    6.268  668.970
 762000.000    6.174  679.100
 762500.000    6.294  666.220
 763000.000    6.213  674.866
 763500.000    6.264  669.420
 764000.000    6.200  676.256
 764500.000    6.313  664.164
 765000.000    6.101  687.306
 765500.000    6.103  686.989
 766000.000    6.312  664.283
 766500.000    6.155  681.177
 767000.000    6.193  677.011
 767500.000    6.003  698.449
 768000.000    6.130  684.019
 768500.000    6.198  676.514
 769000.000    6.155  681.239
 769500.000    6.339  661.410
 770000.000    6.256  670.203
 770500.000    6.094  688.021
 771000.000    6.267  669.049
 771500.000    6.233  672.663
 772000.000    6.372  658.024
 772500.000    6.287  666.936
 773000.000    6.078  689.888
 773500.000    6.349  660.395
 774000.000    6.361  659.158
 774500.000    6.247  671.158
 775000.000    6.383  656.935
 775500.000    6.234  672.598
 776000.000    6.031  695.180
 776500.000    6.395  655.697
 777000.000    6.103  687.053
 777500.000    6.148  682.015
 778000.000    6.199  676.401
 778500.000    5.923  707.854
 779000.000    6.139  683.052
 779500.000    6.295  666.046
 780000.000    5.980  701.125
 780500.000    6.108  686.483
 781000.000    6.437  651.415
 781500.000    6.191  677.232
 782000.000    6.085  689.019
 782500.000    6.091  688.363
 783000.000    6.161  680.516
 783500.000    6.062  691.699
 784000.000    6.196  676.726
 784500.000    6.134  683.552
 785000.000    6.047  693.383
 785500.000    6.302  665.339
 786000.000    6.360  659.264
 786500.000    6.082  689.374
 787000.000    6.119  685.178
 787500.000    6.271  668.629
 788000.000    6.106  686.680
 788500.000    6.230  672.977
 789000.000    6.399  655.210
 789500.000    6.187  677.718
 790000.000    6.085  689.034
 790500.000    6.208  675.383
 791000.000    6.342  661.182
 791500.000    6.487  646.397
 792000.000    6.248  671.029
 792500.000    6.379  657.320
 793000.000    6.287  666.945
 793500.000    6.212  674.935
 794000.000    6.171  679.487
 794500.000    6.319  663.512
 795000.000    6.243  671.659
 795500.000    6.499  645.127
 796000.000    6.440  651.099
 796500.000    6.218  674.267
 797000.000    6.361  659.147
 797500.000    6.284  667.217
 798000.000    6.326  662.804
 798500.000    6.241  671.824
 799000.000    6.433  651.736
 799500.000    6.324  663.061
 800000.000    6.184  678.062
 800500.000    6.349  660.385
 801000.000    6.417  653.414
 801500.000    6.175  679.012
 802000.000    6.173  679.201
 802500.000    6.434  651.666
 803000.000    6.234  672.643
 803500.000    6.291  666.526
 804000.000    6.460  649.083
 804500.000    6.154  681.278
 805000.000    6.195  676.796
 805500.000    6.503  644.721
 806000.000    6.285  667.118
 806500.000    6.425  652.614
 807000.000    6.189  677.448
 807500.000    6.317  663.729
 808000.000    6.418  653.325
 808500.000    6.083  689.302
 809000.000    6.373  657.908
 809500.000    6.496  645.457
 810000.000    6.251  670.806
 810500.000    6.295  666.030
 811000.000    6.272  668.543
 811500.000    6.223  673.773
 812000.000    6.360  659.240
 812500.000    6.122  684.885
 813000.000    6.129  684.086
 813500.000    6.232  672.853
 814000.000    6.417  653.417
 814500.000    6.244  671.478
 815000.000    6.159  680.831
 815500.000    6.277  667.982
 816000.000    6.477  647.368
 816500.000    6.471  647.913
 817000.000    6.285  667.174
 817500.000    6.332  662.166
 818000.000    6.349  660.364
 818500.000    6.127  684.305
 819000.000    6.344  660.876
 819500.000    6.194  676.885
 820000.000    6.335  661.816
 820500.000    6.341  661.252
 821000.000    6.153  681.444
 821500.000    6.255  670.333
 822000.000    6.446  650.512
 822500.000    6.415  653.636
 823000.000    6.392  655.997
 823500.000    6.373  657.922
 824000.000    6.110  686.262
 824500.000    6.455  649.564
 825000.000    6.136  683.305
 825500.000    6.169  679.669
 826000.000    6.117  685.449
 826500.000    6.387  656.464
 827000.000    6.354  659.915
 827500.000    6.302  665.298
 828000.000    6.241  671.857
 828500.000    6.307  664.787
 829000.000    6.360  659.317
 829500.000    6.071  690.699
 830000.000    5.975  701.771
 830500.000    6.104  686.863
 831000.000    6.197  676.588
 831500.000    6.217  674.394
 832000.000    6.006  698.112
 832500.000    6.166  680.056
 833000.000    5.906  709.934
 833500.000    6.286  667.065
 834000.000    6.437  651.352
 834500.000    6.340  661.346
 835000.000    6.407  654.435
 835500.000    6.228  673.269
 836000.000    6.309  664.606
 836500.000    6.457  649.368
 837000.000    6.067  691.113
 837500.000    6.453  649.792
 838000.000    6.184  678.052
 838500.000    6.331  662.263
 839000.000    6.234  672.536
 839500.000    6.304  665.149
 840000.000    6.232  672.843
 840500.000    6.225  673.529
 841000.000    6.152  681.573
 841500.000    6.451  649.958
 842000.000    6.144  682.496
 842500.000    6.250  670.900
 843000.000    6.260  669.751
 843500.000    6.216  674.523
 844000.000    6.184  678.062
 844500.000    6.388  656.412
 845000.000    6.113  685.936
 845500.000    6.340  661.297
 846000.000    6.159  680.816
 846500.000    6.329  662.496
 847000.000    6.066  691.258
 847500.000    6.069  690.881
 848000.000    6.039  694.308
 848500.000    6.227  673.367
 849000.000    6.116  685.564
 849500.000    6.125  684.553
 850000.000    6.091  688.362
 850500.000    6.159  680.780
 851000.000    6.330  662.425
 851500.000    6.160  680.704
 852000.000    6.285  667.117
 852500.000    6.252  670.606
 853000.000    6.280  667.626
 853500.000    6.214  674.730
 854000.000    6.306  664.905
 854500.000    6.190  677.381
 855000.000    6.302  665.300
 855500.000    6.023  696.117
 856000.000    6.365  658.764
 856500.000    6.138  683.056
 857000.000    6.306  664.943
 857500.000    6.274  668.296
 858000.000    6.199  676.418
 858500.000    6.240  671.945
 859000.000    6.140  682.891
 859500.000    6.197  676.598
 860000.000    6.202  676.047
 860500.000    5.969  702.454
 861000.000    6.249  670.930
 861500.000    5.990  700.013
 862000.000    5.938  706.168
 862500.000    6.023  696.190
 863000.000    6.085  689.037
 863500.000    6.130  684.047
 864000.000    6.069  690.909
 864500.000    6.243  671.639
 865000.000    6.223  673.827
 865500.000    6.158  680.888
 866000.000    6.223  673.745
 866500.000    6.335  661.847
 867000.000    6.214  674.712
 867500.000    6.036  694.667
 868000.000    6.057  692.215
 868500.000    6.102  687.122
 869000.000    6.432  651.862
 869500.000    6.081  689.490
 870000.000    6.314  664.108
 870500.000    6.236  672.344
 871000.000    6.333  662.108
 871500.000    6.251  670.799
 872000.000    6.374  657.774
 872500.000    6.221  674.001
 873000.000    6.004  698.371
 873500.000    6.154  681.331
 874000.000    6.259  669.925
 874500.000    6.200  676.247
 875000.000    6.188  677.630
 875500.000    6.172  679.295
 876000.000    6.310  664.499
 876500.000    6.198  676.449
 877000.000    6.400  655.132
 877500.000    6.201  676.191
 878000.000    6.049  693.168
 878500.000    6.084  689.155
 879000.000    6.177  678.747
 879500.000    6.069  690.914
 880000.000    6.182  678.262
 880500.000    6.515  643.540
 881000.000    6.393  655.863
 881500.000    6.230  673.039
 882000.000    6.375  657.667
 882500.000    6.355  659.799
 883000.000    6.198  676.525
 883500.000    6.264  669.325
 884000.000    6.312  664.298
 884500.000    6.143  682.590
 885000.000    6.341  661.200
 885500.000    6.299  665.647
 886000.000    6.077  689.991
 886500.000    6.428  652.332
 887000.000    6.320  663.428
 887500.000    6.235  672.486
 888000.000    6.219  674.177
 888500.000    5.993  699.659
 889000.000    6.202  676.067
 889500.000    6.186  677.799
 890000.000    6.368  658.387
 890500.000    6.374  657.852
 891000.000    6.221  673.979
 891500.000    6.189  677.529
 892000.000    6.315  663.993
 892500.000    6.321  663.372
 893000.000    6.417  653.402
 893500.000    6.206  675.602
 894000.000    6.248  671.120
 894500.000    6.377  657.506
 895000.000    6.245  671.448
 895500.000    6.423  652.847
 896000.000    6.303  665.270
 896500.000    6.267  669.008
 897000.000    6.360  659.311
 897500.000    5.938  706.164
 898000.000    6.180  678.447
 898500.000    5.989  700.098
 899000.000    6.243  671.578
 899500.000    5.890  711.839
 900000.000    6.203  675.931
 900500.000    6.180  678.496
 901000.000    6.177  678.755
 901500.000    6.289  666.657
 902000.000    6.172  679.305
 902500.000    6.046  693.456
 903000.000    6.406  654.520
 903500.000    6.270  668.737
 904000.000    6.266  669.195
 904500.000    6.233  672.738
 905000.000    6.359  659.351
 905500.000    6.259  669.900
 906000.000    6.175  679.065
 906500.000    6.368  658.483
 907000.000    6.128  684.224
 907500.000    6.236  672.390
 908000.000    6.234  672.555
 908500.000    6.254  670.482
 909000.000    6.309  664.596
 909500.000    6.161  680.572
 910000.000    6.372  658.036
 910500.000    6.244  671.489
 911000.000    6.311  664.350
 911500.000    6.176  678.933
 912000.000    6.187  677.700
 912500.000    6.120  685.103
 913000.000    6.238  672.211
 913500.000    6.279  667.771
 914000.000    6.310  664.461
 914500.000    6.195  676.804
 915000.000    6.324  663.029
 915500.000    5.948  704.949
 916000.000    6.142  682.672
 916500.000    6.278  667.859
 917000.000    6.500  645.113
 917500.000    6.122  684.926
 918000.000    6.333  662.101
 918500.000    6.279  667.730
 919000.000    6.358  659.496
 919500.000    6.182  678.210
 920000.000    6.166  680.024
 920500.000    6.359  659.388
 921000.000    6.055  692.514
 921500.000    5.996  699.243
 922000.000    6.184  678.002
 922500.000    6.157  680.969
 923000.000    6.174  679.074
 923500.000    6.186  677.795
 924000.000    6.370  658.236
 924500.000    6.238  672.138
 925000.000    6.229  673.133
 925500.000    6.396  655.568
 926000.000    6.461  648.990
 926500.000    6.165  680.119
 927000.000    6.172  679.385
 927500.000    6.159  680.728
 928000.000    6.177  678.821
 928500.000    6.411  653.999
 929000.000    6.173  679.241
 929500.000    5.856  716.045
 930000.000    6.317  663.734
 930500.000    6.227  673.366
 931000.000    6.205  675.733
 931500.000    6.068  690.957
 932000.000    6.153  681.401
 932500.000    5.892  711.596
 933000.000    6.102  687.151
 933500.000    6.058  692.120
 934000.000    6.295  666.095
 934500.000    6.212  674.987
 935000.000    6.199  676.404
 935500.000    6.375  657.723
 936000.000    6.255  670.363
 936500.000    6.344  660.974
 937000.000    6.342  661.163
 937500.000    6.129  684.103
 938000.000    6.481  646.925
 938500.000    6.142  682.707
 939000.000    6.294  666.165
 939500.000    6.363  658.976
 940000.000    6.322  663.248
 940500.000    6.367  658.572
 941000.000    6.147  682.076
 941500.000    6.232  672.854
 942000.000    6.257  670.065
 942500.000    5.996  699.236
 943000.000    6.145  682.331
 943500.000    6.026  695.770
 944000.000    5.905  710.027
 944500.000    6.170  679.585
 945000.000    6.273  668.437
 945500.000    6.004  698.333
 946000.000    6.156  681.057
 946500.000    6.160  680.644
 947000.000    6.024  696.028
 947500.000    6.208  675.402
 948000.000    6.118  685.333
 948500.000    6.195  676.770
 949000.000    6.254  670.407
 949500.000    6.104  686.953
 950000.000    6.087  688.850
 950500.000    6.168  679.807
 951000.000    6.189  677.447
 951500.000    6.053  692.661
 952000.000    6.156  681.119
 952500.000    6.229  673.135
 953000.000    6.290  666.591
 953500.000    6.171  679.442
 954000.000    6.108  686.418
 954500.000    6.114  685.741
 955000.000    6.228  673.267
 955500.000    6.292  666.362
 956000.000    6.241  671.820
 956500.000    6.312  664.252
 957000.000    6.181  678.409
 957500.000    6.019  696.604
 958000.000    6.310  664.441
 958500.000    6.276  668.050
 959000.000    6.052  692.764
 959500.000    6.239  672.021
 960000.000    6.161  680.573
 960500.000    6.477  647.320
 961000.000    6.143  682.539
 961500.000    6.331  662.255
 962000.000    6.285  667.105
 962500.000    6.048  693.277
 963000.000    6.304  665.069
 963500.000    6.335  661.885
 964000.000    6.084  689.192
 964500.000    6.334  662.001
 965000.000    6.300  665.573
 965500.000    6.131  683.858
 966000.000    6.251  670.727
 966500.000    6.503  644.771
 967000.000    6.094  688.004
 967500.000    6.139  683.044
 968000.000    6.089  688.572
 968500.000    6.129  684.079
 969000.000    6.150  681.731
 969500.000    6.303  665.208
 970000.000    6.136  683.383
 970500.000    6.319  663.552
 971000.000    6.023  696.199
 971500.000    6.150  681.737
 972000.000    5.961  703.436
 972500.000    6.156  681.110
 973000.000    6.253  670.559
 973500.000    5.993  699.644
 974000.000    6.231  672.953
 974500.000    6.182  678.238
 975000.000    5.969  702.468
 975500.000    6.229  673.147
 976000.000    6.078  689.850
 976500.000    6.284  667.214
 977000.000    6.395  655.688
 977500.000    6.344  660.893
 978000.000    6.466  648.489
 978500.000    6.627  632.733
 979000.000    6.279  667.779
 979500.000    6.316  663.898
 980000.000    6.283  667.384
 980500.000    6.345  660.864
 981000.000    6.580  637.225
 981500.000    6.207  675.550
 982000.000    6.108  686.502
 982500.000    6.158  680.902
 983000.000    6.236  672.332
 983500.000    6.397  655.497
 984000.000    5.885  712.498
 984500.000    6.131  683.890
 985000.000    6.024  696.040
 985500.000    6.216  674.521
 986000.000    6.395  655.649
 986500.000    6.304  665.133
 987000.000    6.103  687.054
 987500.000    6.117  685.409
 988000.000    6.261  669.714
 988500.000    6.242  671.737
 989000.000    6.098  687.556
 989500.000    6.272  668.524
 990000.000    6.284  667.223
 990500.000    6.434  651.703
 991000.000    6.384  656.805
 991500.000    6.310  664.509
 992000.000    6.062  691.687
 992500.000    6.239  672.046
 993000.000    6.218  674.353
 993500.000    6.132  683.759
 994000.000    6.348  660.523
 994500.000    6.336  661.742
 995000.000    6.336  661.719
 995500.000    6.285  667.178
 996000.000    6.188  677.596
 996500.000    6.077  689.971
 997000.000    6.337  661.650
 997500.000    6.078  689.882
 998000.000    6.000  698.859
 998500.000    6.209  675.332
 999000.000    6.069  690.837
 999500.000    6.274  668.337
1000000.000    6.299  665.654
