       1    1.788    0.102
       2    1.974    0.148
       3    1.082    0.082
       4    0.864    0.094
       5    1.499    0.142
       6    0.327    0.084
       7    0.479    0.074
       8    1.315    0.123
       9    0.752    0.137
      10    2.301    0.169
      11    1.130    0.116
      12    0.862    0.147
      13    0.625    0.077
      14    1.026    0.141
      15    1.248    0.161
      16    1.846    0.129
      17    1.654    0.123
      18    2.118    0.175
      19    1.369    0.202
      20    1.757    0.187
      21    2.807    0.184
