35.384 35.269 -88.0545
34.195 36.895 -93.545
39.296 38.588 -94.344
111.343 38.421 -99.425
60.497 33.931 -97.7215
33.849 32.045 -87.4865
61.113 38.122 -96.8745
60.027 43.636 -104.2015
40.509 34.916 -86.144
84.409 41.998 -106.1805
38.773 39.853 -106.5505
98.785 38.682 -101.402
38.345 39.795 -106.803
35.215 34.751 -100.7745
37.46 33.435 -89.562
39.082 30.814 -88.2395
38.469 32.819 -95.38
76.112 41.364 -102.4375
85.658 37.797 -109.303
46.736 39.502 -112.2225
36.253 38.343 -103.4455
32.066 30.135 -93.387
55.068 32.079 -93.4725
34.207 35.472 -101.8105
39.407 33.846 -95.175
35.12 36.505 -87.776
42.937 25.081 -75.737
24.552 24.154 -71.9825
31.555 32.301 -89.973
31.981 30.831 -92.809
24.665 24.912 -72.392
25.103 24.9 -77.554
26.351 30.139 -78.7465
24.207 26.837 -64.277
28.637 28.187 -72.124
18.027 16.778 -53.4995
25.638 31.764 -81.596
41.567 40.226 -112.216
41.662 38.898 -102.4175
36.263 35.822 -99.683
37.498 36.217 -90.284
34.858 34.093 -97.987
35.682 35.958 -99.3215
39.467 41.119 -106.2175
26.228 22.396 -72.33
34.208 32.468 -93.9725
30.25 26.8 -76.2995
32.425 30.024 -88.217
27.919 27.257 -82.434
31.246 30.997 -86.6215
31.325 29.459 -84.129
27.774 28.339 -81.175
27.115 26.578 -84.139
27.006 27.131 -77.399
35.415 34.214 -101.3035
45.599 41.647 -112.4835
35.969 34.982 -101.2355
37.944 37.076 -98.08
40.455 39.234 -104.933
42.813 41.692 -110.977
55.043 42.693 -111.626
43.599 47.492 -114.7055
56.666 46.078 -127.5125
60.541 42.407 -117.407
36.561 34.221 -102.2235
42.1 43.087 -115.3345
34.376 33.809 -90.4145
52.158 38.63 -90.0725
36.269 34.592 -92.348
36.587 40.533 -100.045
42.173 35.808 -94.13
42.467 41.326 -108.029
41.968 39.872 -105.6775
30.616 31.555 -84.8
38.278 39.997 -102.6815
38.312 38.714 -109.155
41.289 35.162 -103.5645
43.209 44.318 -116.019
37.874 36.254 -105.264
43.861 33.635 -95.1465
32.867 33.782 -96.451
34.02 33.86 -93.91
44.905 36.355 -85.46
32.147 35.752 -83.53
32.048 33.847 -86.409
32.793 32.271 -94.69
32.859 37.613 -100.6135
26.347 31.479 -81.21
32.844 35.398 -91.346
32.832 37.488 -95.842
27.254 31.033 -81.984
28.025 32.364 -87.331
24.171 26.08 -72.0785
25.265 29.522 -75.115
22.878 25.04 -62.981
54.018 33.419 -78.419
24.492 27.643 -79.613
32.964 38.725 -90.219
25.512 31.41 -72.2285
26.014 31.125 -83.18
35.449 45.369 -98.9695
