42.164 41.069 -94.392
35.079 35.503 -79.8245
40.31 36.973 -92.7205
44.619 39.591 -104.539
45.333 47.09 -106.0215
41.423 40.12 -104.0415
41.101 38.064 -102.3215
34.994 29.238 -93.5485
41.893 37.545 -105.316
37.59 40.09 -95.268
35.776 39.313 -96.103
40.711 43.551 -94.3495
41.37 41.237 -99.154
41.292 38.022 -103.28
37.973 34.552 -87.084
40.279 38.671 -100.642
33.721 27.85 -84.208
36.265 37.269 -89.439
34.796 34.311 -82.37
39.723 36.648 -86.769
30.74 28.657 -75.624
31.627 32.197 -79.976
27.112 28.18 -65.267
28.702 29.257 -81.381
32.506 31.843 -82.8
30.539 29.48 -74.7345
35.586 34.37 -89.718
27.26 24.351 -67.9655
22.548 25.337 -51.931
20.857 27.157 -51.938
18.818 19.976 -54.724
18.701 22.905 -50.436
25.088 19.586 -58.145
15.427 14.667 -38.926
25.635 21.235 -56.55
24.153 23.28 -66.135
24.943 23.39 -59.153
15.337 18.609 -39.221
18.575 18.431 -43.5565
16.741 16.412 -40.946
16.8 17.323 -41.943
15.92 13.58 -36.884
17.122 17.549 -40.647
15.061 18.681 -32.2735
19.856 16.953 -46.226
16.885 19.077 -46.673
15.286 14.858 -34.83
23.062 23.338 -50.251
24.221 20.181 -46.716
12.15 13.532 -30.673
20.701 20.87 -56.503
23.805 26.454 -65.728
16.992 16.201 -44.676
15.867 16.922 -40.213
13.171 15.16 -30.588
12.039 11.502 -32.599
12.652 13.899 -31.0085
4.551 5.963 -15.65
5.788 7.364 -16.84
1.84 2.084 -6.106
3.157 4.834 -6.651
2.494 3.866 -13.582
10.781 12.616 -33.162
11.774 13.003 -22.782
14.069 17.663 -35.92
14.364 16.763 -47.841
18.05 17.713 -48.827
16.631 19.892 -44.096
14.469 15.175 -39.207
19.032 23.423 -52.236
23.191 23.897 -50.837
14.921 17.269 -42.865
14.142 15.576 -42.408
17.293 18.137 -50.161
9.265 10.709 -29.362
12.249 12.947 -33.85
16.446 20.503 -45.125
15.871 17.053 -44.391
10.366 13.187 -31.92
10.158 11.534 -34.429
10.967 12.567 -32.927
15.926 16.543 -44.168
19.87 23.686 -52.459
16.49 17.766 -52.291
14.302 13.675 -42.134
19.989 23.627 -55.738
17.365 19.421 -42.6785
19.633 21.488 -54.346
14.77 17.152 -43.594
16.275 19.718 -45.255
18.752 18.677 -45.692
17.954 23.133 -61.5435
17.369 17.274 -50.196
12.501 14.911 -40.151
13.212 14.976 -39.761
12.173 11.394 -26.727
17.518 18.187 -42.815
15.853 16.37 -35.334
11.656 12.174 -28.968
17.121 16.507 -44.291
14.561 13.918 -36.563
