5.042     5.62      5.35      5.267     5.015     5.1225    5.4555    3.6915    
5.62      9.463     5.0355    5.892     4.469     3.537     5.2825    3.1005    
5.35      5.0355    7.740     7.345     4.544     4.994     4.8595    2.707     
5.267     5.892     7.345     9.636     4.12      3.9905    4.8935    2.318     
5.015     4.469     4.544     4.12      8.017     8.5275    9.371     6.72      
5.1225    3.537     4.994     3.9905    8.5275    14.061    7.701     6.1625    
5.4555    5.2825    4.8595    4.8935    9.371     7.701     16.946    6.0015    
3.6915    3.1005    2.707     2.318     6.72      6.1625    6.0015    8.989     
