40.156 45.92 -105.0955
46.83 51.765 -111.7265
33.386 40.036 -85.114
47.257 54.318 -120.9215
30.648 38.593 -86.881
31.779 37.848 -75.019
29.843 36.452 -85.365
33.254 45.049 -90.4135
31.317 40.527 -85.872
37.89 43.975 -99.884
35.237 42.546 -96.397
38.069 40.86 -94.3105
37.218 40.9 -97.768
34.006 38.471 -86.43
34.232 33.984 -80.453
37.371 39.034 -96.327
37.445 43.317 -103.65
39.817 40.844 -101.731
38.562 42.935 -98.513
25.528 29.762 -69.906
25.161 33.615 -67.764
33.421 45.041 -90.444
40.409 45.186 -99.1295
40.02 41.332 -92.999
39.442 42.445 -102.364
41.778 42.129 -98.2625
35.634 34.684 -88.6455
36.743 37.216 -91.749
33.492 36.321 -84.938
43.962 40.609 -98.29
39.266 34.731 -89.209
32.714 31.982 -77.466
35.654 35.871 -80.277
25.164 27.199 -62.375
29.865 30.082 -76.026
33.039 33.601 -87.53
33.63 34.236 -82.751
25.306 23.947 -58.704
29.103 28.337 -73.726
32.623 31.239 -82.4495
36.658 32.404 -82.831
30.615 32.976 -81.958
26.038 32.892 -65.696
23.05 27.73 -61.133
32.417 34.493 -78.302
35.082 38.122 -81.9435
23.709 28.628 -63.8845
23.872 24.403 -56.026
30.56 28.857 -75.85
26.472 27.74 -70.254
22.874 24.917 -54.892
28.04 26.77 -62.931
25.715 25.455 -61.304
30.064 31.143 -74.6095
29.482 31.328 -75.7015
27.154 29.666 -63.721
26.056 27.212 -54.622
32.728 33.122 -80.267
25.373 29.907 -65.999
30.376 37.4 -75.257
24.062 29.355 -69.688
22.93 27.987 -68.825
28.714 32.869 -74.072
28.637 31.455 -77.6385
32.244 39.185 -79.1935
31.533 37.194 -87.8695
34.988 39.85 -87.2765
29.576 37.176 -79.966
31.019 35.05 -76.7765
33.788 35.986 -77.053
37.887 43.736 -99.133
29.777 34.73 -79.257
35.46 41.699 -94.219
29.572 42.615 -86.5305
27.402 34.923 -77.8655
30.256 37.451 -85.54
30.508 36.461 -81.4545
26.793 38.785 -79.16
37.622 44.151 -99.562
49.078 51.973 -113.866
30.313 37.319 -80.2905
27.944 30.726 -76.728
37.26 34.929 -88.393
35.367 39.425 -88.9865
30.151 33.905 -78.025
29.864 36.725 -90.746
30.538 38.445 -78.336
26.778 31.617 -76.8125
31.543 34.718 -85.95
29.358 33.764 -78.3295
30.314 34.037 -82.975
31.392 34.543 -78.222
25.973 31.948 -75.52
26.86 32.224 -78.7325
32.014 39.8 -90.17
35.315 39.11 -86.211
31.265 36.706 -88.789
28.027 37.024 -86.073
30.9 37.505 -85.7275
31.03 37.005 -86.353
29.123 38.548 -83.882
