TRP_lipid
""
WAVELENGTH	FLUORESCENCE
300.0	128.1140594482422
300.5	135.09593200683594
301.0	143.00428771972656
301.5	150.20449829101562
302.0	160.9363555908203
302.5	173.23504638671875
303.0	184.91104125976562
303.5	198.20664978027344
304.0	211.2313995361328
304.5	226.2178955078125
305.0	243.14512634277344
305.5	256.36236572265625
306.0	274.76214599609375
306.5	289.2226867675781
307.0	309.12298583984375
307.5	324.4908752441406
308.0	345.9881591796875
308.5	366.5890808105469
309.0	385.52001953125
309.5	407.0206298828125
310.0	426.69403076171875
310.5	447.28985595703125
311.0	470.909912109375
311.5	493.2314453125
312.0	518.222412109375
312.5	541.7154541015625
313.0	567.96826171875
313.5	592.6514282226562
314.0	620.3746337890625
314.5	651.351806640625
315.0	675.359375
315.5	707.1612548828125
316.0	731.31689453125
316.5	764.2376708984375
317.0	795.330322265625
317.5	824.0130004882812
318.0	853.13134765625
318.5	885.2149047851562
319.0	915.0242309570312
319.5	948.9608764648438
320.0	979.5491333007812
320.5	1013.9057006835938
321.0	1051.7564697265625
321.5	1080.9195556640625
322.0	1119.7401123046875
322.5	1149.3135986328125
323.0	1188.873291015625
323.5	1225.4127197265625
324.0	1259.0069580078125
324.5	1292.9564208984375
325.0	1330.20849609375
325.5	1363.9962158203125
326.0	1401.772705078125
326.5	1436.0645751953125
327.0	1473.657470703125
327.5	1514.765869140625
328.0	1546.125
328.5	1587.5008544921875
329.0	1617.9735107421875
329.5	1658.0185546875
330.0	1691.994873046875
330.5	1728.4212646484375
331.0	1761.78759765625
331.5	1797.4700927734375
332.0	1829.974365234375
332.5	1866.00341796875
333.0	1903.8975830078125
333.5	1932.4716796875
334.0	1969.6136474609375
334.5	2000.40869140625
335.0	2033.9052734375
335.5	2063.6904296875
336.0	2095.264892578125
336.5	2124.140625
337.0	2155.254150390625
337.5	2188.13818359375
338.0	2212.888916015625
338.5	2244.666259765625
339.0	2269.99267578125
339.5	2297.057373046875
340.0	2321.49658203125
340.5	2346.687255859375
341.0	2369.230224609375
341.5	2393.595458984375
342.0	2419.0478515625
342.5	2437.42333984375
343.0	2460.8828125
343.5	2480.422119140625
344.0	2500.290771484375
344.5	2518.40576171875
345.0	2537.805419921875
345.5	2554.09423828125
346.0	2570.879150390625
346.5	2588.040283203125
347.0	2602.461181640625
347.5	2617.69677734375
348.0	2630.09228515625
348.5	2643.32177734375
349.0	2654.032958984375
349.5	2665.648193359375
350.0	2677.511474609375
350.5	2686.114990234375
351.0	2694.996826171875
351.5	2702.4541015625
352.0	2709.802001953125
352.5	2715.654296875
353.0	2720.87744140625
353.5	2724.583740234375
354.0	2729.049560546875
354.5	2732.4677734375
355.0	2734.859619140625
355.5	2736.0869140625
356.0	2736.12548828125
356.5	2736.15283203125
357.0	2736.386474609375
357.5	2736.500732421875
358.0	2734.4091796875
358.5	2732.72509765625
359.0	2730.611572265625
359.5	2728.114013671875
360.0	2724.313720703125
360.5	2720.49951171875
361.0	2715.81787109375
361.5	2709.8798828125
362.0	2703.2568359375
362.5	2695.98486328125
363.0	2687.710205078125
363.5	2680.49658203125
364.0	2672.239501953125
364.5	2663.994384765625
365.0	2652.426025390625
365.5	2640.927001953125
366.0	2630.077392578125
366.5	2618.2333984375
367.0	2607.14501953125
367.5	2592.865966796875
368.0	2578.702392578125
368.5	2565.8486328125
369.0	2550.62646484375
369.5	2537.149658203125
370.0	2520.77783203125
370.5	2505.1357421875
371.0	2486.89013671875
371.5	2469.584228515625
372.0	2453.6005859375
372.5	2435.100830078125
373.0	2417.3896484375
373.5	2396.212890625
374.0	2377.32373046875
374.5	2359.5166015625
375.0	2338.715087890625
375.5	2319.08203125
376.0	2295.608642578125
376.5	2273.338623046875
377.0	2253.0927734375
377.5	2230.11376953125
378.0	2208.93896484375
378.5	2183.41259765625
379.0	2160.5498046875
379.5	2138.9150390625
380.0	2115.022216796875
380.5	2093.31494140625
381.0	2067.32568359375
381.5	2042.19189453125
382.0	2019.4053955078125
382.5	1995.134765625
383.0	1972.7666015625
383.5	1946.148193359375
384.0	1921.356689453125
384.5	1898.73583984375
385.0	1873.3067626953125
385.5	1850.5806884765625
386.0	1823.0211181640625
386.5	1797.91015625
387.0	1774.73876953125
387.5	1750.06982421875
388.0	1727.6634521484375
388.5	1700.861083984375
389.0	1676.459716796875
389.5	1653.8121337890625
390.0	1626.58154296875
390.5	1606.6817626953125
391.0	1580.8570556640625
391.5	1557.283447265625
392.0	1534.4913330078125
392.5	1508.013671875
393.0	1489.407470703125
393.5	1463.0216064453125
394.0	1440.486572265625
394.5	1419.0693359375
395.0	1393.75927734375
395.5	1371.5401611328125
396.0	1351.54345703125
396.5	1326.9017333984375
397.0	1309.1708984375
397.5	1284.900634765625
398.0	1263.7598876953125
398.5	1244.367431640625
399.0	1221.0252685546875
399.5	1200.5889892578125
400.0	1182.0323486328125
400.5	1163.473876953125
401.0	1142.82958984375
401.5	1120.5745849609375
402.0	1100.4971923828125
402.5	1082.8524169921875
403.0	1061.8914794921875
403.5	1043.0472412109375
404.0	1025.739501953125
404.5	1009.373779296875
405.0	990.9454956054688
405.5	970.943603515625
406.0	954.807861328125
406.5	937.0022583007812
407.0	918.3045654296875
407.5	901.49072265625
408.0	886.361083984375
408.5	868.1324462890625
409.0	854.159912109375
409.5	836.7340087890625
410.0	822.2785034179688
410.5	806.6436767578125
411.0	790.4889526367188
411.5	776.6226806640625
412.0	761.75048828125
412.5	746.0410766601562
413.0	731.6630249023438
413.5	718.9555053710938
414.0	703.70849609375
414.5	692.271484375
415.0	677.4983520507812
415.5	665.4334106445312
416.0	652.5806884765625
416.5	639.013916015625
417.0	627.3671875
417.5	614.6990356445312
418.0	601.002197265625
418.5	590.1170654296875
419.0	578.43212890625
419.5	565.5887451171875
420.0	554.1743774414062
420.5	544.0618286132812
421.0	531.9630126953125
421.5	522.9976806640625
422.0	511.19720458984375
422.5	499.891845703125
423.0	491.56842041015625
423.5	480.8125
424.0	471.63970947265625
424.5	461.8253173828125
425.0	451.38812255859375
425.5	442.8376770019531
426.0	433.55169677734375
426.5	423.7798156738281
427.0	415.71331787109375
427.5	406.8105773925781
428.0	397.3614501953125
428.5	389.46893310546875
429.0	381.32855224609375
429.5	372.5944519042969
430.0	365.228759765625
430.5	357.6138000488281
431.0	348.8255920410156
431.5	342.0272521972656
432.0	334.69970703125
432.5	327.0561828613281
433.0	320.6513366699219
433.5	313.616943359375
434.0	305.8396301269531
434.5	299.6581726074219
435.0	292.97161865234375
435.5	286.0579528808594
436.0	280.4134216308594
436.5	274.3394470214844
437.0	268.1314697265625
437.5	263.0925598144531
438.0	257.388427734375
438.5	251.31088256835938
439.0	246.7139434814453
439.5	241.51535034179688
440.0	235.69247436523438
440.5	230.81515502929688
441.0	225.87152099609375
441.5	220.71432495117188
442.0	216.47019958496094
442.5	211.8138427734375
443.0	206.6907196044922
443.5	202.75120544433594
444.0	198.1751708984375
444.5	193.6976776123047
445.0	189.25018310546875
445.5	185.59054565429688
446.0	181.57131958007812
446.5	177.1285400390625
447.0	173.55914306640625
447.5	169.8321990966797
448.0	165.70767211914062
448.5	162.6488494873047
449.0	159.1969451904297
449.5	155.38031005859375
450.0	152.2204132080078
