39.746 35.404 -99.2615
39.298 39.277 -102.239
38.194 40.921 -102.072
37.739 35.631 -95.13
42.98 39.978 -110.453
41.28 37.227 -106.442
31.617 30.771 -80.1515
27.826 26.495 -65.5775
24.0 23.631 -64.0265
28.816 30.379 -79.476
23.436 25.844 -65.497
26.124 28.926 -69.893
27.99 26.423 -74.727
31.036 31.445 -74.1535
31.539 31.922 -80.158
28.874 28.118 -73.7795
35.272 31.917 -89.5045
38.385 36.989 -83.6875
38.367 35.823 -98.599
40.814 35.098 -101.157
37.275 31.786 -93.662
38.893 34.108 -92.7585
39.127 33.096 -98.2715
30.421 28.115 -77.8155
31.84 30.341 -84.027
32.16 33.617 -78.776
32.11 27.958 -72.336
34.576 32.042 -92.141
28.091 25.366 -68.717
33.314 30.488 -82.2085
33.579 28.273 -82.0025
33.182 33.868 -85.566
31.276 34.004 -84.0825
39.883 38.895 -101.674
35.376 34.076 -87.726
36.385 34.83 -89.9655
35.633 31.328 -82.747
38.516 34.186 -90.1425
39.062 36.6 -97.2705
39.886 41.239 -102.052
38.294 42.254 -109.1995
37.961 36.941 -92.69
35.716 37.397 -94.049
41.368 42.108 -108.716
40.463 40.732 -106.85
34.259 40.488 -84.6035
38.566 37.436 -95.735
40.046 43.233 -100.1415
34.023 33.459 -86.63
49.437 46.29 -114.774
35.488 34.554 -89.921
32.294 34.875 -95.483
31.215 31.687 -86.275
46.599 41.421 -113.55
40.305 39.466 -103.597
40.942 42.193 -105.861
42.743 41.152 -105.124
46.745 43.454 -116.2835
49.268 41.747 -117.622
45.504 42.051 -115.442
45.518 46.647 -113.91
34.775 39.583 -89.112
37.979 34.147 -94.436
39.025 38.734 -98.744
37.993 35.411 -100.4105
43.439 40.329 -103.0895
42.079 41.182 -107.423
41.661 43.476 -112.26
39.66 37.526 -99.196
40.469 35.574 -102.4865
50.961 43.155 -118.3685
46.855 41.287 -110.9735
41.759 41.051 -105.45
46.638 42.385 -115.1795
49.905 44.118 -119.2205
43.029 42.682 -109.4105
37.965 39.813 -92.5865
33.869 35.151 -86.626
38.376 39.386 -99.444
34.252 32.489 -89.395
40.238 40.254 -92.15
33.151 35.099 -89.5185
30.38 31.916 -79.941
38.478 37.299 -95.741
37.723 38.821 -93.178
36.944 37.554 -93.118
41.424 37.475 -101.5715
32.583 33.322 -81.12
35.677 39.795 -85.0375
39.863 37.531 -98.8215
40.291 34.574 -106.6195
44.922 41.622 -114.854
40.379 40.633 -110.422
48.43 49.061 -121.879
31.687 34.094 -86.623
42.235 44.349 -103.278
38.911 38.087 -101.4545
36.386 34.996 -93.103
36.687 34.896 -90.0795
41.183 36.709 -104.495
37.347 32.392 -88.667
