22.873 24.474 -51.43
22.798 19.671 -52.4215
22.056 17.912 -55.969
38.435 36.378 -90.7095
33.994 35.19 -84.9675
23.698 21.218 -58.594
28.54 22.766 -62.02
33.316 30.153 -70.865
32.361 30.523 -85.376
31.146 28.993 -78.1875
32.545 31.619 -77.679
28.274 26.082 -69.762
29.55 26.851 -74.039
33.349 27.904 -77.8225
30.664 23.543 -75.223
35.223 31.786 -86.914
30.26 25.887 -79.5665
33.386 23.292 -78.4905
38.635 34.461 -88.4235
34.312 31.478 -82.989
40.697 30.26 -91.3565
40.678 30.419 -97.9305
44.307 36.016 -106.8125
45.161 37.213 -103.562
48.52 38.825 -106.5765
60.592 50.992 -137.839
46.177 37.154 -101.076
33.811 29.277 -80.618
39.482 31.951 -83.2345
38.759 29.812 -83.8425
53.206 37.324 -100.3905
52.793 46.186 -120.695
41.438 35.489 -104.237
40.041 31.657 -88.0805
34.261 27.278 -76.412
38.563 31.519 -89.529
45.551 38.104 -109.9745
45.137 32.488 -88.793
47.124 38.1 -112.0015
35.003 27.57 -80.6545
33.718 30.825 -85.1435
31.685 26.319 -79.6125
41.58 36.096 -100.495
34.208 28.305 -86.357
41.596 34.605 -103.986
48.651 42.998 -117.978
38.468 35.097 -90.9295
33.637 25.505 -87.659
35.98 26.604 -83.314
38.382 40.131 -95.9485
36.695 31.657 -86.6225
39.667 37.283 -101.019
48.468 48.733 -118.4275
39.142 35.432 -84.6825
52.884 51.051 -113.3875
44.905 37.33 -109.9105
44.271 36.103 -92.4935
38.225 35.753 -88.3975
34.488 31.597 -84.003
31.279 28.144 -79.2165
23.764 21.448 -51.831
27.003 22.312 -60.069
25.639 20.818 -59.567
26.523 20.081 -61.9355
33.542 26.463 -87.1445
43.14 27.583 -91.318
46.927 32.563 -92.337
36.283 20.393 -70.875
37.563 25.682 -83.7675
30.596 21.596 -61.644
34.548 23.753 -75.723
26.945 16.678 -50.6095
34.734 28.382 -66.312
24.427 21.381 -55.0145
25.301 22.288 -60.66
30.174 23.355 -74.612
29.65 21.223 -68.537
31.613 21.796 -62.7465
30.947 22.462 -56.267
37.701 29.974 -67.641
32.593 26.611 -69.4125
35.225 27.048 -69.942
35.805 27.084 -75.9965
36.14 28.04 -82.291
37.732 30.298 -82.489
40.755 30.965 -86.6765
42.742 30.85 -92.0285
40.889 33.255 -92.605
34.852 27.61 -71.527
35.337 28.186 -70.714
37.916 34.051 -90.659
42.76 47.911 -104.563
38.502 30.749 -78.6655
37.421 26.532 -62.469
36.672 26.381 -75.93
48.338 36.908 -107.9305
52.521 39.533 -107.805
48.804 37.618 -96.568
40.283 32.195 -86.9175
41.714 32.136 -90.1395
49.643 37.809 -91.054
