72.808 65.687 -163.4085
62.672 60.676 -138.606
70.239 68.278 -154.302
72.122 70.087 -166.064
66.8 65.292 -150.0835
76.195 69.057 -162.026
67.851 61.318 -148.5975
70.974 66.766 -158.9155
62.09 57.936 -140.272
72.854 70.814 -168.183
72.081 73.128 -165.0125
70.447 69.573 -156.048
71.622 73.344 -157.1815
75.183 74.072 -171.6365
77.455 68.165 -171.4485
77.445 75.217 -168.077
76.572 75.19 -178.9455
72.045 65.238 -165.3595
82.297 76.953 -178.1285
74.029 66.613 -158.1365
66.825 62.915 -151.1115
61.129 54.329 -130.6415
68.57 62.741 -151.8145
73.987 64.055 -159.9405
67.868 61.603 -154.6595
67.888 58.67 -140.8115
49.382 43.164 -106.507
65.862 54.865 -131.973
63.023 49.58 -125.0225
54.607 46.009 -109.1845
59.796 53.476 -119.1725
56.14 48.803 -127.7245
58.021 56.55 -131.7795
59.672 51.943 -134.534
47.515 43.837 -103.095
40.293 35.874 -87.38
35.968 33.277 -82.7635
51.728 46.468 -116.538
53.713 45.392 -114.052
48.79 43.199 -114.7825
56.453 52.36 -119.1105
60.21 48.289 -118.627
59.653 56.259 -148.4935
68.36 59.359 -142.4535
62.815 51.671 -133.2275
59.4 52.134 -125.2275
59.595 51.223 -131.463
56.605 54.846 -131.3805
59.854 49.941 -137.5005
51.226 45.46 -123.493
57.195 45.886 -117.6315
56.333 41.538 -105.1595
56.938 44.922 -122.41
56.319 41.119 -109.849
64.081 44.476 -131.4645
55.483 44.998 -128.5355
41.58 36.228 -98.0475
43.803 35.654 -96.335
40.468 35.571 -94.1535
54.015 45.268 -117.3475
66.924 57.402 -145.4985
59.72 49.609 -144.7
73.875 70.059 -156.814
60.71 50.38 -142.728
63.366 53.25 -133.3925
56.457 48.492 -133.3685
55.29 50.133 -117.6725
60.233 57.773 -126.3295
66.621 61.584 -147.8745
67.7 62.243 -167.2365
55.5 47.886 -140.073
56.691 52.695 -141.702
64.413 56.91 -146.114
61.459 56.966 -144.8045
66.829 59.419 -156.148
61.475 52.391 -147.2255
71.848 62.746 -168.822
67.254 58.351 -149.6005
75.278 66.66 -173.8425
82.003 68.059 -183.6455
80.479 75.594 -189.1435
85.997 73.654 -182.7355
75.527 69.331 -155.3885
62.373 59.413 -140.5215
59.071 52.916 -128.2945
62.548 61.109 -134.404
64.054 66.617 -150.7035
68.651 66.707 -153.775
75.911 68.01 -162.679
65.64 55.969 -136.7845
80.069 69.345 -170.883
56.569 46.22 -128.0675
58.621 52.336 -131.7085
58.586 52.407 -140.3225
54.835 50.331 -121.8185
59.38 54.325 -128.6415
71.049 65.251 -159.456
77.248 73.361 -168.5325
73.572 67.247 -157.6925
67.546 64.621 -156.389
58.248 58.697 -134.785
