 750000.000   28.722
 750500.000   27.271
 751000.000   26.862
 751500.000   27.572
 752000.000   27.561
 752500.000   29.758
 753000.000   28.340
 753500.000   28.670
 754000.000   28.032
 754500.000   27.871
 755000.000   28.686
 755500.000   28.875
 756000.000   28.768
 756500.000   28.434
 757000.000   26.216
 757500.000   28.047
 758000.000   27.072
 758500.000   28.171
 759000.000   27.370
 759500.000   27.596
 760000.000   27.630
 760500.000   27.910
 761000.000   27.528
 761500.000   28.763
 762000.000   27.588
 762500.000   28.682
 763000.000   27.111
 763500.000   28.289
 764000.000   27.373
 764500.000   27.221
 765000.000   27.542
 765500.000   28.006
 766000.000   28.163
 766500.000   27.915
 767000.000   28.544
 767500.000   27.838
 768000.000   28.184
 768500.000   28.789
 769000.000   27.009
 769500.000   28.203
 770000.000   28.039
 770500.000   28.173
 771000.000   27.829
 771500.000   28.185
 772000.000   27.650
 772500.000   27.635
 773000.000   26.960
 773500.000   27.019
 774000.000   27.785
 774500.000   27.780
 775000.000   27.579
 775500.000   27.783
 776000.000   26.653
 776500.000   26.860
 777000.000   28.383
 777500.000   27.390
 778000.000   27.562
 778500.000   28.271
 779000.000   28.346
 779500.000   28.086
 780000.000   27.896
 780500.000   28.533
 781000.000   28.042
 781500.000   27.356
 782000.000   28.516
 782500.000   27.941
 783000.000   27.184
 783500.000   26.476
 784000.000   27.692
 784500.000   27.968
 785000.000   27.390
 785500.000   27.380
 786000.000   28.120
 786500.000   27.429
 787000.000   27.919
 787500.000   28.030
 788000.000   27.131
 788500.000   26.875
 789000.000   27.262
 789500.000   28.389
 790000.000   27.488
 790500.000   27.945
 791000.000   27.375
 791500.000   27.440
 792000.000   27.108
 792500.000   28.018
 793000.000   26.975
 793500.000   27.826
 794000.000   26.769
 794500.000   28.089
 795000.000   27.451
 795500.000   27.662
 796000.000   27.633
 796500.000   28.166
 797000.000   27.648
 797500.000   29.307
 798000.000   29.171
 798500.000   28.084
 799000.000   29.868
 799500.000   29.603
 800000.000   28.203
 800500.000   28.350
 801000.000   29.181
 801500.000   28.827
 802000.000   29.464
 802500.000   28.184
 803000.000   29.262
 803500.000   28.421
 804000.000   29.083
 804500.000   29.866
 805000.000   29.153
 805500.000   29.824
 806000.000   27.855
 806500.000   28.112
 807000.000   29.590
 807500.000   28.434
 808000.000   28.410
 808500.000   28.659
 809000.000   29.371
 809500.000   28.953
 810000.000   28.884
 810500.000   29.607
 811000.000   28.783
 811500.000   28.402
 812000.000   28.641
 812500.000   28.821
 813000.000   29.158
 813500.000   29.358
 814000.000   28.227
 814500.000   28.586
 815000.000   28.262
 815500.000   28.942
 816000.000   28.851
 816500.000   29.500
 817000.000   28.612
 817500.000   29.256
 818000.000   27.556
 818500.000   27.869
 819000.000   28.752
 819500.000   28.354
 820000.000   28.220
 820500.000   29.377
 821000.000   28.786
 821500.000   28.231
 822000.000   29.692
 822500.000   28.963
 823000.000   28.868
 823500.000   29.308
 824000.000   29.431
 824500.000   29.292
 825000.000   29.347
 825500.000   28.049
 826000.000   28.170
 826500.000   28.245
 827000.000   29.174
 827500.000   27.970
 828000.000   29.004
 828500.000   28.454
 829000.000   28.691
 829500.000   27.573
 830000.000   29.124
 830500.000   29.166
 831000.000   29.034
 831500.000   27.739
 832000.000   29.473
 832500.000   28.494
 833000.000   28.523
 833500.000   29.863
 834000.000   28.540
 834500.000   29.350
 835000.000   30.339
 835500.000   29.726
 836000.000   28.824
 836500.000   29.520
 837000.000   30.504
 837500.000   29.140
 838000.000   29.934
 838500.000   28.664
 839000.000   30.198
 839500.000   29.928
 840000.000   30.521
 840500.000   28.480
 841000.000   30.118
 841500.000   28.999
 842000.000   30.152
 842500.000   28.814
 843000.000   28.142
 843500.000   29.725
 844000.000   29.455
 844500.000   29.492
 845000.000   29.260
 845500.000   29.408
 846000.000   27.216
 846500.000   29.109
 847000.000   28.535
 847500.000   27.833
 848000.000   28.656
 848500.000   28.947
 849000.000   29.682
 849500.000   29.037
 850000.000   29.216
 850500.000   28.640
 851000.000   28.482
 851500.000   29.295
 852000.000   28.626
 852500.000   28.660
 853000.000   28.395
 853500.000   28.931
 854000.000   28.344
 854500.000   26.985
 855000.000   28.528
 855500.000   27.249
 856000.000   28.130
 856500.000   27.810
 857000.000   28.086
 857500.000   27.089
 858000.000   28.252
 858500.000   27.601
 859000.000   28.396
 859500.000   29.199
 860000.000   28.839
 860500.000   29.136
 861000.000   29.225
 861500.000   29.240
 862000.000   28.831
 862500.000   28.687
 863000.000   29.471
 863500.000   27.676
 864000.000   28.670
 864500.000   29.742
 865000.000   28.841
 865500.000   28.701
 866000.000   28.586
 866500.000   28.262
 867000.000   29.363
 867500.000   29.898
 868000.000   28.458
 868500.000   29.581
 869000.000   28.850
 869500.000   28.682
 870000.000   28.102
 870500.000   27.926
 871000.000   28.587
 871500.000   28.662
 872000.000   28.719
 872500.000   28.960
 873000.000   28.853
 873500.000   27.790
 874000.000   27.936
 874500.000   29.161
 875000.000   28.304
 875500.000   28.230
 876000.000   28.862
 876500.000   28.950
 877000.000   28.224
 877500.000   28.329
 878000.000   28.521
 878500.000   27.894
 879000.000   28.735
 879500.000   28.286
 880000.000   28.698
 880500.000   27.657
 881000.000   28.396
 881500.000   28.223
 882000.000   28.876
 882500.000   28.673
 883000.000   28.989
 883500.000   28.089
 884000.000   27.349
 884500.000   28.744
 885000.000   27.511
 885500.000   28.155
 886000.000   27.342
 886500.000   28.486
 887000.000   28.404
 887500.000   27.736
 888000.000   27.892
 888500.000   27.552
 889000.000   27.172
 889500.000   27.254
 890000.000   27.404
 890500.000   28.297
 891000.000   28.755
 891500.000   28.256
 892000.000   28.986
 892500.000   27.911
 893000.000   28.785
 893500.000   27.642
 894000.000   28.470
 894500.000   28.415
 895000.000   28.626
 895500.000   28.920
 896000.000   29.297
 896500.000   29.226
 897000.000   28.413
 897500.000   29.446
 898000.000   28.392
 898500.000   29.203
 899000.000   26.857
 899500.000   27.972
 900000.000   28.538
 900500.000   29.531
 901000.000   27.912
 901500.000   28.646
 902000.000   28.336
 902500.000   28.668
 903000.000   28.941
 903500.000   29.027
 904000.000   28.138
 904500.000   27.893
 905000.000   28.614
 905500.000   28.647
 906000.000   27.671
 906500.000   28.691
 907000.000   28.463
 907500.000   29.075
 908000.000   29.670
 908500.000   28.936
 909000.000   29.130
 909500.000   29.003
 910000.000   28.654
 910500.000   28.600
 911000.000   28.801
 911500.000   28.652
 912000.000   28.450
 912500.000   29.041
 913000.000   29.425
 913500.000   28.547
 914000.000   28.374
 914500.000   28.560
 915000.000   28.984
 915500.000   29.800
 916000.000   29.041
 916500.000   28.659
 917000.000   27.261
 917500.000   27.625
 918000.000   27.353
 918500.000   28.825
 919000.000   28.322
 919500.000   27.893
 920000.000   28.729
 920500.000   27.305
 921000.000   27.848
 921500.000   27.589
 922000.000   27.748
 922500.000   28.844
 923000.000   28.487
 923500.000   28.307
 924000.000   27.987
 924500.000   28.589
 925000.000   28.081
 925500.000   28.785
 926000.000   29.576
 926500.000   28.263
 927000.000   26.533
 927500.000   26.873
 928000.000   29.874
 928500.000   28.855
 929000.000   28.411
 929500.000   27.224
 930000.000   27.372
 930500.000   27.342
 931000.000   26.923
 931500.000   28.062
 932000.000   28.736
 932500.000   28.380
 933000.000   27.782
 933500.000   28.399
 934000.000   27.539
 934500.000   29.778
 935000.000   28.935
 935500.000   28.869
 936000.000   29.361
 936500.000   29.412
 937000.000   29.416
 937500.000   28.609
 938000.000   29.419
 938500.000   29.089
 939000.000   28.346
 939500.000   28.318
 940000.000   28.769
 940500.000   27.571
 941000.000   28.015
 941500.000   28.339
 942000.000   28.893
 942500.000   28.336
 943000.000   27.270
 943500.000   28.603
 944000.000   27.831
 944500.000   29.129
 945000.000   28.128
 945500.000   28.530
 946000.000   28.702
 946500.000   30.088
 947000.000   29.411
 947500.000   29.232
 948000.000   28.626
 948500.000   28.657
 949000.000   29.295
 949500.000   29.549
 950000.000   29.227
 950500.000   29.305
 951000.000   28.287
 951500.000   29.051
 952000.000   28.622
 952500.000   28.786
 953000.000   29.039
 953500.000   29.329
 954000.000   29.012
 954500.000   28.817
 955000.000   29.048
 955500.000   28.793
 956000.000   28.655
 956500.000   28.378
 957000.000   29.378
 957500.000   29.468
 958000.000   29.171
 958500.000   28.706
 959000.000   28.367
 959500.000   28.569
 960000.000   29.381
 960500.000   26.709
 961000.000   29.291
 961500.000   28.269
 962000.000   28.046
 962500.000   29.117
 963000.000   28.492
 963500.000   28.346
 964000.000   28.355
 964500.000   28.395
 965000.000   28.096
 965500.000   27.857
 966000.000   28.257
 966500.000   29.892
 967000.000   28.850
 967500.000   28.333
 968000.000   28.167
 968500.000   28.753
 969000.000   29.021
 969500.000   28.334
 970000.000   28.015
 970500.000   27.345
 971000.000   29.091
 971500.000   28.798
 972000.000   28.055
 972500.000   28.042
 973000.000   28.356
 973500.000   28.807
 974000.000   27.818
 974500.000   27.467
 975000.000   28.373
 975500.000   28.113
 976000.000   27.532
 976500.000   27.676
 977000.000   28.346
 977500.000   28.485
 978000.000   27.486
 978500.000   28.969
 979000.000   28.945
 979500.000   28.530
 980000.000   28.882
 980500.000   28.559
 981000.000   28.698
 981500.000   27.562
 982000.000   28.404
 982500.000   29.263
 983000.000   28.743
 983500.000   28.705
 984000.000   28.263
 984500.000   28.237
 985000.000   29.251
 985500.000   28.116
 986000.000   29.018
 986500.000   30.004
 987000.000   29.496
 987500.000   29.492
 988000.000   29.017
 988500.000   29.238
 989000.000   27.702
 989500.000   29.250
 990000.000   28.567
 990500.000   29.719
 991000.000   30.155
 991500.000   28.778
 992000.000   27.908
 992500.000   28.926
 993000.000   30.471
 993500.000   29.493
 994000.000   28.326
 994500.000   29.251
 995000.000   29.673
 995500.000   29.984
 996000.000   28.520
 996500.000   29.569
 997000.000   28.436
 997500.000   30.089
 998000.000   28.180
 998500.000   28.838
 999000.000   30.355
 999500.000   29.279
1000000.000   27.580
