BFII_nolipid
""
WAVELENGTH	FLUORESCENCE
300.0	74.52589416503906
300.5	80.35592651367188
301.0	87.00827026367188
301.5	93.2763671875
302.0	101.73851013183594
302.5	111.77333068847656
303.0	121.1467056274414
303.5	132.20460510253906
304.0	142.72280883789062
304.5	154.62106323242188
305.0	168.29928588867188
305.5	178.90960693359375
306.0	193.9871826171875
306.5	205.4979705810547
307.0	221.6212921142578
307.5	234.17977905273438
308.0	251.59463500976562
308.5	268.3898010253906
309.0	283.9062805175781
309.5	301.70806884765625
310.0	318.2581481933594
310.5	335.7034912109375
311.0	355.14996337890625
311.5	373.7327880859375
312.0	394.8953857421875
312.5	414.523193359375
313.0	436.5945739746094
313.5	457.35540771484375
314.0	480.75830078125
314.5	506.8529357910156
315.0	526.8345947265625
315.5	553.5679931640625
316.0	574.1971435546875
316.5	601.9675903320312
317.0	628.160400390625
317.5	652.17333984375
318.0	676.7617797851562
318.5	703.9309692382812
319.0	729.0352783203125
319.5	757.1951904296875
320.0	782.7193603515625
320.5	810.9990844726562
321.0	842.4534301757812
321.5	866.7171630859375
322.0	899.184814453125
322.5	924.2730102539062
323.0	957.2639770507812
323.5	987.6069946289062
324.0	1015.3643188476562
324.5	1044.2044677734375
325.0	1075.5859375
325.5	1104.436767578125
326.0	1136.205078125
326.5	1164.834716796875
327.0	1196.927490234375
327.5	1232.0565185546875
328.0	1258.2987060546875
328.5	1293.14599609375
329.0	1319.404052734375
329.5	1354.1998291015625
330.0	1382.5640869140625
330.5	1413.512451171875
331.0	1442.2257080078125
331.5	1472.7681884765625
332.0	1500.2618408203125
332.5	1529.4215087890625
333.0	1561.620361328125
333.5	1585.207275390625
334.0	1615.2904052734375
334.5	1640.4862060546875
335.0	1667.366455078125
335.5	1691.749267578125
336.0	1717.75
336.5	1741.228271484375
337.0	1766.2498779296875
337.5	1793.096435546875
338.0	1813.0262451171875
338.5	1839.5899658203125
339.0	1860.4510498046875
339.5	1882.325439453125
340.0	1901.95458984375
340.5	1922.7027587890625
341.0	1940.968017578125
341.5	1960.9674072265625
342.0	1982.099365234375
342.5	1996.5093994140625
343.0	2015.069580078125
343.5	2029.8255615234375
344.0	2045.90625
344.5	2059.613525390625
345.0	2073.961669921875
345.5	2085.7255859375
346.0	2098.6162109375
346.5	2111.865478515625
347.0	2121.1572265625
347.5	2132.1123046875
348.0	2141.00732421875
348.5	2150.220458984375
349.0	2157.641845703125
349.5	2165.431396484375
350.0	2173.101806640625
350.5	2178.989990234375
351.0	2183.8701171875
351.5	2188.658935546875
352.0	2193.394287109375
352.5	2197.054931640625
353.0	2200.89404296875
353.5	2203.15771484375
354.0	2205.419921875
354.5	2207.00537109375
355.0	2207.77294921875
355.5	2207.40625
356.0	2206.65087890625
356.5	2205.458740234375
357.0	2204.235595703125
357.5	2202.95068359375
358.0	2199.676513671875
358.5	2196.13134765625
359.0	2192.808837890625
359.5	2188.0517578125
360.0	2183.331298828125
360.5	2178.316650390625
361.0	2172.98291015625
361.5	2165.931396484375
362.0	2158.33251953125
362.5	2151.456298828125
363.0	2143.15673828125
363.5	2136.25048828125
364.0	2127.23486328125
364.5	2118.619140625
365.0	2108.767822265625
365.5	2097.400634765625
366.0	2087.461181640625
366.5	2076.0146484375
367.0	2064.9638671875
367.5	2051.908935546875
368.0	2039.44677734375
368.5	2027.6754150390625
369.0	2014.4471435546875
369.5	2001.6298828125
370.0	1987.8336181640625
370.5	1974.93701171875
371.0	1958.6253662109375
371.5	1943.237060546875
372.0	1928.2003173828125
372.5	1911.7672119140625
373.0	1896.364501953125
373.5	1878.1417236328125
374.0	1860.9073486328125
374.5	1844.7548828125
375.0	1826.4893798828125
375.5	1809.57861328125
376.0	1789.2158203125
376.5	1770.6055908203125
377.0	1753.4462890625
377.5	1734.3074951171875
378.0	1716.857666015625
378.5	1695.438720703125
379.0	1675.718505859375
379.5	1658.00439453125
380.0	1638.4854736328125
380.5	1620.8486328125
381.0	1599.291748046875
381.5	1579.042724609375
382.0	1560.623779296875
382.5	1539.9420166015625
383.0	1520.787841796875
383.5	1499.1597900390625
384.0	1478.6773681640625
384.5	1460.2833251953125
385.0	1439.6937255859375
385.5	1421.05029296875
386.0	1398.0855712890625
386.5	1377.95068359375
387.0	1359.68798828125
387.5	1339.298095703125
388.0	1320.781494140625
388.5	1298.5687255859375
389.0	1278.26708984375
389.5	1259.9886474609375
390.0	1238.6187744140625
390.5	1221.900634765625
391.0	1200.824951171875
391.5	1181.103515625
392.0	1163.462890625
392.5	1142.9410400390625
393.0	1127.43798828125
393.5	1107.1285400390625
394.0	1088.43994140625
394.5	1071.582275390625
395.0	1052.1156005859375
395.5	1034.2528076171875
396.0	1017.9356689453125
396.5	998.9151611328125
397.0	984.2467041015625
397.5	965.1351318359375
398.0	947.8345947265625
398.5	932.2578125
399.0	913.6195678710938
399.5	897.129638671875
400.0	882.2273559570312
400.5	867.9630126953125
401.0	851.98193359375
401.5	834.8090209960938
402.0	819.56298828125
402.5	805.58203125
403.0	788.8646240234375
403.5	774.25244140625
404.0	760.696044921875
404.5	747.7036743164062
405.0	733.54248046875
405.5	718.464599609375
406.0	705.6051635742188
406.5	691.379150390625
407.0	676.9677124023438
407.5	663.951904296875
408.0	652.3797607421875
408.5	638.5911865234375
409.0	628.285888671875
409.5	614.7081909179688
410.0	603.8125610351562
410.5	591.6317138671875
411.0	577.911865234375
411.5	567.3699951171875
412.0	555.96142578125
412.5	543.5059814453125
413.0	531.8248291015625
413.5	521.6996459960938
414.0	510.0840759277344
414.5	501.834228515625
415.0	490.58880615234375
415.5	481.40869140625
416.0	471.60052490234375
416.5	460.89404296875
417.0	451.99517822265625
417.5	442.5187683105469
418.0	432.17388916015625
418.5	424.02069091796875
419.0	415.0675048828125
419.5	405.3113098144531
420.0	396.4612121582031
420.5	388.79364013671875
421.0	380.07763671875
421.5	373.35382080078125
422.0	364.5722351074219
422.5	356.06805419921875
423.0	349.8088684082031
423.5	341.6034240722656
424.0	334.9486999511719
424.5	327.603515625
425.0	319.6907043457031
425.5	313.254638671875
426.0	306.5310974121094
426.5	299.3388671875
427.0	293.37188720703125
427.5	286.63323974609375
428.0	279.7093811035156
428.5	274.2533874511719
429.0	268.2508544921875
429.5	261.8978576660156
430.0	256.76104736328125
430.5	251.16729736328125
431.0	245.09263610839844
431.5	240.17608642578125
432.0	234.8610076904297
432.5	229.14036560058594
433.0	224.35211181640625
433.5	219.35433959960938
434.0	213.9303436279297
434.5	209.6557159423828
435.0	205.0064239501953
435.5	200.11978149414062
436.0	196.12057495117188
436.5	191.67677307128906
437.0	187.0850372314453
437.5	183.2943572998047
438.0	179.36520385742188
438.5	174.8168182373047
439.0	171.31248474121094
439.5	167.35321044921875
440.0	163.1436767578125
440.5	159.65109252929688
441.0	155.96856689453125
441.5	152.2099151611328
442.0	148.9940643310547
442.5	145.5587158203125
443.0	141.90391540527344
443.5	138.78567504882812
444.0	135.26620483398438
444.5	132.03976440429688
445.0	128.7766571044922
445.5	126.3282470703125
446.0	123.60383605957031
446.5	120.40352630615234
447.0	117.86891174316406
447.5	114.9910888671875
448.0	112.17652130126953
448.5	109.7628173828125
449.0	107.29871368408203
449.5	104.63986206054688
450.0	102.48552703857422
