TRP_lipid
""
WAVELENGTH	FLUORESCENCE
300.0	99.1067886352539
300.5	106.05239868164062
301.0	113.67997741699219
301.5	120.66943359375
302.0	131.1259307861328
302.5	143.14614868164062
303.0	154.57916259765625
303.5	167.75775146484375
304.0	180.53184509277344
304.5	195.11814880371094
305.0	211.94171142578125
305.5	225.2847137451172
306.0	243.51417541503906
306.5	257.84075927734375
307.0	277.6863098144531
307.5	293.24359130859375
308.0	314.8348083496094
308.5	335.63897705078125
309.0	354.9915771484375
309.5	376.9329528808594
310.0	397.4762268066406
310.5	418.85986328125
311.0	443.4083251953125
311.5	466.4990539550781
312.0	492.5557556152344
312.5	516.7821044921875
313.0	544.1220703125
313.5	569.8934936523438
314.0	598.6182250976562
314.5	631.1045532226562
315.0	655.8809204101562
315.5	689.504150390625
316.0	714.746337890625
316.5	749.3221435546875
317.0	781.8256225585938
317.5	811.6329956054688
318.0	842.11328125
318.5	875.8250732421875
319.0	907.1924438476562
319.5	942.050537109375
320.0	974.0911254882812
320.5	1009.423583984375
321.0	1048.88232421875
321.5	1078.371826171875
322.0	1118.2947998046875
322.5	1148.6812744140625
323.0	1189.7174072265625
323.5	1227.528076171875
324.0	1261.8421630859375
324.5	1296.7255859375
325.0	1335.1231689453125
325.5	1370.4161376953125
326.0	1409.1024169921875
326.5	1444.5941162109375
327.0	1483.5933837890625
327.5	1526.6812744140625
328.0	1558.725830078125
328.5	1601.405029296875
329.0	1632.226806640625
329.5	1673.8876953125
330.0	1708.3902587890625
330.5	1745.99853515625
331.0	1780.1920166015625
331.5	1817.3138427734375
332.0	1850.4954833984375
332.5	1887.0010986328125
333.0	1925.8809814453125
333.5	1954.676513671875
334.0	1993.115966796875
334.5	2024.4971923828125
335.0	2058.340576171875
335.5	2088.670654296875
336.0	2120.984130859375
336.5	2150.09765625
337.0	2181.325439453125
337.5	2214.742431640625
338.0	2239.104736328125
338.5	2271.066650390625
339.0	2296.9140625
339.5	2325.52783203125
340.0	2350.114990234375
340.5	2376.132568359375
341.0	2399.504638671875
341.5	2423.613037109375
342.0	2450.234130859375
342.5	2468.518798828125
343.0	2492.227294921875
343.5	2511.21533203125
344.0	2531.18212890625
344.5	2548.236083984375
345.0	2566.868896484375
345.5	2582.837646484375
346.0	2600.239990234375
346.5	2617.962646484375
347.0	2631.9521484375
347.5	2646.145263671875
348.0	2658.220458984375
348.5	2671.260498046875
349.0	2682.219482421875
349.5	2692.966796875
350.0	2704.8193359375
350.5	2712.77880859375
351.0	2721.682373046875
351.5	2728.237060546875
352.0	2735.401123046875
352.5	2740.990478515625
353.0	2746.232177734375
353.5	2749.996337890625
354.0	2754.3896484375
354.5	2758.0517578125
355.0	2760.24658203125
355.5	2762.59326171875
356.0	2763.23779296875
356.5	2763.758056640625
357.0	2763.701904296875
357.5	2761.892822265625
358.0	2760.325439453125
358.5	2757.959228515625
359.0	2755.45703125
359.5	2752.678466796875
360.0	2748.939697265625
360.5	2744.5078125
361.0	2739.683837890625
361.5	2733.89990234375
362.0	2727.52099609375
362.5	2721.639892578125
363.0	2713.638916015625
363.5	2705.76708984375
364.0	2696.3095703125
364.5	2687.31982421875
365.0	2676.797607421875
365.5	2666.66748046875
366.0	2657.048828125
366.5	2645.28369140625
367.0	2633.493408203125
367.5	2619.52734375
368.0	2605.095947265625
368.5	2591.41162109375
369.0	2576.23828125
369.5	2562.964599609375
370.0	2545.969970703125
370.5	2531.0302734375
371.0	2512.12060546875
371.5	2494.66015625
372.0	2477.693359375
372.5	2458.997314453125
373.0	2442.065673828125
373.5	2419.51220703125
374.0	2400.80224609375
374.5	2382.722900390625
375.0	2361.74755859375
375.5	2343.04541015625
376.0	2319.2734375
376.5	2297.143798828125
377.0	2276.04931640625
377.5	2252.8486328125
378.0	2231.732421875
378.5	2206.73095703125
379.0	2183.051025390625
379.5	2161.689208984375
380.0	2137.916259765625
380.5	2115.617919921875
381.0	2088.92919921875
381.5	2063.898193359375
382.0	2041.5697021484375
382.5	2016.512939453125
383.0	1993.858154296875
383.5	1966.2191162109375
384.0	1940.417724609375
384.5	1917.516357421875
385.0	1892.606689453125
385.5	1870.1279296875
386.0	1842.2987060546875
386.5	1818.17431640625
387.0	1794.8487548828125
387.5	1770.1307373046875
388.0	1747.452392578125
388.5	1720.4700927734375
389.0	1695.7626953125
389.5	1672.98291015625
390.0	1646.707763671875
390.5	1626.13623046875
391.0	1599.21484375
391.5	1574.7547607421875
392.0	1552.3204345703125
392.5	1525.513671875
393.0	1505.759033203125
393.5	1479.6158447265625
394.0	1456.851806640625
394.5	1435.836669921875
395.0	1411.022705078125
395.5	1388.25732421875
396.0	1367.996826171875
396.5	1343.7677001953125
397.0	1325.2457275390625
397.5	1300.86181640625
398.0	1278.6663818359375
398.5	1259.16259765625
399.0	1235.6851806640625
399.5	1214.418212890625
400.0	1195.3189697265625
400.5	1176.0228271484375
401.0	1155.2835693359375
401.5	1132.87939453125
402.0	1112.5670166015625
402.5	1094.2310791015625
403.0	1072.5650634765625
403.5	1053.24462890625
404.0	1035.7261962890625
404.5	1018.4456176757812
405.0	999.651611328125
405.5	979.3224487304688
406.0	962.83447265625
406.5	944.9828491210938
407.0	925.7782592773438
407.5	908.1115112304688
408.0	892.3451538085938
408.5	873.636474609375
409.0	860.3391723632812
409.5	842.2609252929688
410.0	827.4774169921875
410.5	811.5230102539062
411.0	794.6754760742188
411.5	780.5211791992188
412.0	764.7180786132812
412.5	748.787109375
413.0	733.9047241210938
413.5	720.4223022460938
414.0	704.5762939453125
414.5	693.1798706054688
415.0	677.9155883789062
415.5	665.9845581054688
416.0	652.5250854492188
416.5	638.4677124023438
417.0	626.756103515625
417.5	614.02099609375
418.0	600.5189819335938
418.5	589.3565063476562
419.0	577.4413452148438
419.5	564.5050048828125
420.0	553.214111328125
420.5	542.8831176757812
421.0	530.6372680664062
421.5	521.5286865234375
422.0	509.4066162109375
422.5	497.88250732421875
423.0	489.2009582519531
423.5	478.0273132324219
424.0	468.9366149902344
424.5	458.9826965332031
425.0	448.494140625
425.5	439.9346008300781
426.0	430.8732604980469
426.5	420.9541931152344
427.0	412.96136474609375
427.5	404.6155700683594
428.0	395.056884765625
428.5	387.19561767578125
429.0	378.9000244140625
429.5	369.98980712890625
430.0	362.468017578125
430.5	354.3847351074219
431.0	345.7436218261719
431.5	339.00439453125
432.0	331.7645263671875
432.5	324.25482177734375
433.0	317.8582458496094
433.5	311.05621337890625
434.0	303.2401428222656
434.5	297.1383972167969
435.0	290.6520690917969
435.5	283.7691650390625
436.0	278.22137451171875
436.5	272.41436767578125
437.0	266.09368896484375
437.5	260.8995361328125
438.0	255.0745391845703
438.5	249.22866821289062
439.0	244.27728271484375
439.5	239.07212829589844
440.0	233.41891479492188
440.5	228.7632598876953
441.0	223.94497680664062
441.5	218.34689331054688
442.0	213.93753051757812
442.5	209.38995361328125
443.0	204.27194213867188
443.5	200.0841064453125
444.0	195.44134521484375
444.5	190.84652709960938
445.0	186.31362915039062
445.5	182.63328552246094
446.0	178.598876953125
446.5	174.18927001953125
447.0	170.66244506835938
447.5	166.86854553222656
448.0	163.05535888671875
448.5	159.79026794433594
449.0	156.15576171875
449.5	152.2197723388672
450.0	149.10227966308594
