      22    2.863    0.229
      23    2.202    0.251
      24    0.856    0.172
      25    0.885    0.135
      26    2.151    0.251
      27    1.512    0.179
      28    0.519    0.087
      29    2.371    0.197
      30    1.406    0.157
      31    1.096    0.184
      32    0.920    0.129
      33    0.894    0.181
      34    0.253    0.097
      35    1.131    0.187
      36    0.891    0.134
      37    0.872    0.160
      38    1.564    0.263
      39    0.950    0.147
      40    1.250    0.119
      41    2.164    0.149
      42    1.924    0.162
