 750000.000    0.940
 750500.000    0.935
 751000.000    0.667
 751500.000   -1.573
 752000.000   -2.627
 752500.000   -1.140
 753000.000    1.286
 753500.000   -0.011
 754000.000   -3.239
 754500.000   -0.025
 755000.000   -2.714
 755500.000   -2.169
 756000.000   -2.279
 756500.000   -3.692
 757000.000   -0.528
 757500.000   -1.761
 758000.000   -1.152
 758500.000   -1.915
 759000.000    0.152
 759500.000   -2.180
 760000.000   -0.535
 760500.000   -2.091
 761000.000   -2.632
 761500.000   -1.676
 762000.000   -1.236
 762500.000   -1.601
 763000.000   -2.018
 763500.000   -1.394
 764000.000   -1.395
 764500.000   -2.792
 765000.000   -5.505
 765500.000   -4.036
 766000.000   -0.542
 766500.000    1.804
 767000.000   -2.375
 767500.000   -2.357
 768000.000   -0.189
 768500.000   -0.531
 769000.000   -4.804
 769500.000   -0.029
 770000.000   -4.105
 770500.000    1.021
 771000.000   -0.114
 771500.000   -2.716
 772000.000   -1.502
 772500.000    0.773
 773000.000    2.056
 773500.000   -2.192
 774000.000   -2.547
 774500.000   -3.498
 775000.000   -4.125
 775500.000   -2.897
 776000.000   -3.000
 776500.000   -3.594
 777000.000   -2.998
 777500.000   -2.112
 778000.000   -3.935
 778500.000   -1.848
 779000.000   -1.328
 779500.000   -3.500
 780000.000   -2.647
 780500.000   -2.104
 781000.000   -4.558
 781500.000   -1.420
 782000.000   -1.495
 782500.000   -3.690
 783000.000   -2.824
 783500.000   -0.031
 784000.000    1.628
 784500.000   -3.786
 785000.000   -2.987
 785500.000   -1.431
 786000.000    0.512
 786500.000   -3.850
 787000.000    0.235
 787500.000   -2.031
 788000.000   -3.679
 788500.000    0.152
 789000.000   -2.473
 789500.000   -2.804
 790000.000   -1.312
 790500.000   -1.243
 791000.000   -0.185
 791500.000   -3.321
 792000.000   -5.259
 792500.000   -4.359
 793000.000   -1.151
 793500.000   -5.252
 794000.000   -4.638
 794500.000   -3.408
 795000.000   -3.583
 795500.000   -4.126
 796000.000   -3.086
 796500.000   -3.333
 797000.000   -3.410
 797500.000   -1.683
 798000.000   -0.631
 798500.000   -1.672
 799000.000   -4.354
 799500.000   -3.859
 800000.000   -3.170
 800500.000   -0.114
 801000.000   -1.848
 801500.000   -3.518
 802000.000   -2.908
 802500.000   -2.107
 803000.000   -2.821
 803500.000   -1.862
 804000.000   -1.158
 804500.000   -0.123
 805000.000    0.067
 805500.000   -2.473
 806000.000   -3.418
 806500.000   -0.370
 807000.000   -2.292
 807500.000   -2.306
 808000.000    0.150
 808500.000   -0.464
 809000.000   -1.704
 809500.000   -1.674
 810000.000   -1.781
 810500.000   -2.215
 811000.000   -2.375
 811500.000   -0.822
 812000.000   -1.867
 812500.000   -2.645
 813000.000   -4.643
 813500.000   -2.022
 814000.000   -1.511
 814500.000   -1.071
 815000.000   -3.521
 815500.000   -3.158
 816000.000    1.091
 816500.000   -1.340
 817000.000   -3.259
 817500.000   -0.397
 818000.000   -3.333
 818500.000   -1.679
 819000.000   -1.754
 819500.000   -2.991
 820000.000   -3.058
 820500.000   -3.766
 821000.000   -2.377
 821500.000   -3.158
 822000.000    0.308
 822500.000   -0.971
 823000.000   -0.987
 823500.000   -0.888
 824000.000   -3.347
 824500.000   -2.054
 825000.000   -3.860
 825500.000    0.489
 826000.000    0.397
 826500.000   -1.946
 827000.000   -1.505
 827500.000   -2.975
 828000.000   -3.420
 828500.000   -3.253
 829000.000   -3.674
 829500.000   -0.476
 830000.000   -1.328
 830500.000   -0.787
 831000.000   -0.118
 831500.000    0.493
 832000.000   -2.560
 832500.000   -1.750
 833000.000   -1.859
 833500.000   -1.222
 834000.000   -1.044
 834500.000    0.849
 835000.000   -4.806
 835500.000    0.771
 836000.000    1.110
 836500.000   -1.090
 837000.000   -3.695
 837500.000   -4.455
 838000.000   -0.377
 838500.000   -3.324
 839000.000   -0.714
 839500.000   -4.549
 840000.000   -4.732
 840500.000   -2.964
 841000.000   -0.542
 841500.000   -1.495
 842000.000   -4.980
 842500.000    0.860
 843000.000    0.922
 843500.000   -0.716
 844000.000   -0.460
 844500.000    0.580
 845000.000   -5.846
 845500.000   -2.803
 846000.000   -0.639
 846500.000   -1.399
 847000.000   -2.726
 847500.000   -1.853
 848000.000   -1.933
 848500.000    0.519
 849000.000    0.846
 849500.000   -0.888
 850000.000    2.233
 850500.000   -1.497
 851000.000   -1.765
 851500.000   -2.982
 852000.000    1.719
 852500.000   -2.201
 853000.000   -0.281
 853500.000   -1.944
 854000.000   -1.761
 854500.000   -2.036
 855000.000   -3.763
 855500.000   -3.953
 856000.000   -2.799
 856500.000   -3.067
 857000.000   -2.384
 857500.000   -1.926
 858000.000   -2.465
 858500.000   -3.422
 859000.000   -1.587
 859500.000   -3.509
 860000.000   -4.813
 860500.000   -2.453
 861000.000   -0.187
 861500.000   -2.015
 862000.000   -2.109
 862500.000   -1.325
 863000.000    0.695
 863500.000   -5.683
 864000.000   -1.924
 864500.000   -2.027
 865000.000   -3.571
 865500.000   -1.213
 866000.000   -1.688
 866500.000    0.159
 867000.000   -3.154
 867500.000    0.762
 868000.000   -2.804
 868500.000   -1.851
 869000.000   -4.382
 869500.000   -3.402
 870000.000    0.512
 870500.000   -2.272
 871000.000   -0.622
 871500.000    0.945
 872000.000   -2.785
 872500.000   -3.486
 873000.000   -2.448
 873500.000   -1.578
 874000.000   -0.796
 874500.000   -2.249
 875000.000    1.481
 875500.000   -2.274
 876000.000   -2.121
 876500.000   -0.634
 877000.000   -0.366
 877500.000   -1.926
 878000.000   -1.333
 878500.000   -2.629
 879000.000   -1.584
 879500.000   -2.465
 880000.000   -0.208
 880500.000   -0.721
 881000.000    0.313
 881500.000   -3.667
 882000.000    0.674
 882500.000   -2.895
 883000.000   -2.888
 883500.000   -0.093
 884000.000   -1.949
 884500.000   -2.098
 885000.000    0.498
 885500.000   -2.027
 886000.000   -0.194
 886500.000   -0.015
 887000.000   -0.380
 887500.000   -1.243
 888000.000   -1.931
 888500.000   -2.632
 889000.000    0.418
 889500.000   -1.757
 890000.000   -1.761
 890500.000   -3.039
 891000.000   -1.408
 891500.000   -1.312
 892000.000   -5.055
 892500.000   -3.394
 893000.000   -1.001
 893500.000    2.248
 894000.000    0.159
 894500.000   -2.281
 895000.000   -2.535
 895500.000    2.164
 896000.000    1.128
 896500.000    0.159
 897000.000   -2.542
 897500.000    3.021
 898000.000   -2.639
 898500.000   -2.797
 899000.000   -3.585
 899500.000   -1.758
 900000.000   -2.629
 900500.000   -4.554
 901000.000   -1.149
 901500.000   -1.419
 902000.000   -1.490
 902500.000   -3.149
 903000.000   -0.954
 903500.000   -2.544
 904000.000   -1.759
 904500.000   -0.455
 905000.000   -1.411
 905500.000   -1.232
 906000.000   -1.759
 906500.000   -1.057
 907000.000   -2.616
 907500.000   -0.363
 908000.000   -0.191
 908500.000   -3.482
 909000.000   -4.378
 909500.000   -1.253
 910000.000   -1.669
 910500.000   -0.102
 911000.000   -0.434
 911500.000   -3.248
 912000.000    0.945
 912500.000    0.250
 913000.000   -1.238
 913500.000    1.818
 914000.000   -1.074
 914500.000    0.780
 915000.000    1.197
 915500.000   -0.535
 916000.000   -2.277
 916500.000   -0.611
 917000.000   -2.439
 917500.000   -1.486
 918000.000   -3.165
 918500.000   -1.678
 919000.000   -4.377
 919500.000   -3.154
 920000.000   -1.074
 920500.000    0.842
 921000.000    0.253
 921500.000    1.192
 922000.000   -1.321
 922500.000    0.610
 923000.000   -2.286
 923500.000    1.359
 924000.000    1.980
 924500.000    0.219
 925000.000    1.884
 925500.000   -0.292
 926000.000   -0.453
 926500.000   -2.742
 927000.000   -2.100
 927500.000   -4.558
 928000.000   -1.241
 928500.000    0.152
 929000.000    0.567
 929500.000   -0.109
 930000.000   -0.639
 930500.000   -3.325
 931000.000    0.326
 931500.000   -0.888
 932000.000   -0.893
 932500.000   -2.462
 933000.000   -1.928
 933500.000   -3.946
 934000.000   -0.801
 934500.000   -5.161
 935000.000   -0.171
 935500.000    0.234
 936000.000   -0.636
 936500.000   -2.017
 937000.000   -0.982
 937500.000   -1.236
 938000.000    0.512
 938500.000   -0.198
 939000.000   -4.024
 939500.000   -2.196
 940000.000   -0.798
 940500.000    0.418
 941000.000    2.592
 941500.000   -3.152
 942000.000   -2.104
 942500.000    0.420
 943000.000   -1.161
 943500.000   -2.370
 944000.000   -2.623
 944500.000   -1.757
 945000.000   -1.316
 945500.000   -2.558
 946000.000   -2.900
 946500.000   -1.564
 947000.000   -1.931
 947500.000   -1.761
 948000.000   -0.018
 948500.000   -0.451
 949000.000   -1.062
 949500.000   -2.540
 950000.000    0.159
 950500.000   -1.930
 951000.000   -1.055
 951500.000    1.634
 952000.000   -0.533
 952500.000    0.228
 953000.000   -0.547
 953500.000   -3.252
 954000.000    0.232
 954500.000   -0.904
 955000.000   -2.466
 955500.000    1.635
 956000.000   -0.549
 956500.000   -0.803
 957000.000   -3.349
 957500.000   -4.379
 958000.000    1.891
 958500.000   -0.902
 959000.000   -2.304
 959500.000   -0.295
 960000.000   -2.022
 960500.000   -0.531
 961000.000   -1.589
 961500.000   -4.826
 962000.000   -0.207
 962500.000   -2.464
 963000.000   -4.041
 963500.000   -4.552
 964000.000   -2.895
 964500.000   -4.465
 965000.000   -0.114
 965500.000   -3.158
 966000.000    0.764
 966500.000   -3.599
 967000.000   -3.942
 967500.000   -1.946
 968000.000   -1.758
 968500.000   -0.373
 969000.000   -2.120
 969500.000    0.065
 970000.000   -2.563
 970500.000    0.333
 971000.000   -1.319
 971500.000   -0.897
 972000.000   -4.813
 972500.000   -0.040
 973000.000   -4.393
 973500.000   -1.766
 974000.000   -2.553
 974500.000   -1.325
 975000.000   -2.797
 975500.000   -0.024
 976000.000   -1.497
 976500.000   -3.323
 977000.000   -2.455
 977500.000   -3.779
 978000.000   -2.711
 978500.000   -1.151
 979000.000   -4.897
 979500.000   -0.638
 980000.000   -1.415
 980500.000   -1.076
 981000.000   -1.403
 981500.000   -0.382
 982000.000   -2.212
 982500.000    0.924
 983000.000    0.851
 983500.000   -1.679
 984000.000   -3.397
 984500.000   -0.018
 985000.000    1.813
 985500.000   -4.107
 986000.000   -2.025
 986500.000   -0.608
 987000.000    0.251
 987500.000   -0.443
 988000.000   -0.957
 988500.000   -0.877
 989000.000   -0.008
 989500.000   -1.332
 990000.000   -1.578
 990500.000   -2.018
 991000.000   -2.991
 991500.000   -1.745
 992000.000   -0.185
 992500.000   -1.853
 993000.000   -3.766
 993500.000   -3.420
 994000.000   -0.632
 994500.000    0.407
 995000.000   -0.895
 995500.000    3.903
 996000.000   -2.089
 996500.000   -0.893
 997000.000   -0.111
 997500.000   -3.071
 998000.000   -0.641
 998500.000   -2.359
 999000.000   -1.319
 999500.000   -2.444
1000000.000   -1.761
