 750000.000    6.491  682.044
 750500.000    6.510  680.083
 751000.000    6.561  674.760
 751500.000    6.394  692.383
 752000.000    6.452  686.212
 752500.000    6.087  727.405
 753000.000    6.435  688.011
 753500.000    6.448  686.585
 754000.000    6.338  698.562
 754500.000    6.486  682.590
 755000.000    6.499  681.193
 755500.000    6.460  685.379
 756000.000    6.453  686.127
 756500.000    6.744  656.512
 757000.000    6.334  699.042
 757500.000    6.437  687.774
 758000.000    6.471  684.155
 758500.000    6.564  674.518
 759000.000    6.450  686.413
 759500.000    6.623  668.491
 760000.000    6.380  693.940
 760500.000    6.481  683.134
 761000.000    6.391  692.718
 761500.000    6.226  711.080
 762000.000    6.547  676.297
 762500.000    6.375  694.495
 763000.000    6.354  696.765
 763500.000    6.393  692.516
 764000.000    6.281  704.884
 764500.000    6.319  700.684
 765000.000    6.287  704.221
 765500.000    6.507  680.357
 766000.000    6.516  679.444
 766500.000    6.580  672.849
 767000.000    6.643  666.428
 767500.000    6.301  702.690
 768000.000    6.409  690.838
 768500.000    6.416  690.026
 769000.000    6.572  673.644
 769500.000    6.549  676.040
 770000.000    6.305  702.151
 770500.000    6.529  678.146
 771000.000    6.368  695.303
 771500.000    6.243  709.231
 772000.000    6.729  657.937
 772500.000    6.528  678.183
 773000.000    6.694  661.368
 773500.000    6.372  694.874
 774000.000    6.473  683.927
 774500.000    6.421  689.526
 775000.000    6.623  668.535
 775500.000    6.705  660.291
 776000.000    6.537  677.250
 776500.000    6.657  665.099
 777000.000    6.304  702.287
 777500.000    6.547  676.293
 778000.000    6.414  690.272
 778500.000    6.440  687.537
 779000.000    6.292  703.642
 779500.000    6.437  687.813
 780000.000    6.505  680.658
 780500.000    6.539  677.080
 781000.000    6.570  673.904
 781500.000    6.470  684.331
 782000.000    6.586  672.233
 782500.000    6.474  683.918
 783000.000    6.480  683.233
 783500.000    6.560  674.898
 784000.000    6.287  704.191
 784500.000    6.407  691.013
 785000.000    6.633  667.433
 785500.000    6.496  681.601
 786000.000    6.508  680.252
 786500.000    6.640  666.805
 787000.000    6.356  696.585
 787500.000    6.411  690.592
 788000.000    6.515  679.600
 788500.000    6.397  692.086
 789000.000    6.653  665.520
 789500.000    6.539  677.041
 790000.000    6.437  687.815
 790500.000    6.315  701.147
 791000.000    6.543  676.704
 791500.000    6.428  688.723
 792000.000    6.380  693.951
 792500.000    6.478  683.462
 793000.000    6.369  695.169
 793500.000    6.541  676.840
 794000.000    6.550  675.923
 794500.000    6.389  692.933
 795000.000    6.381  693.841
 795500.000    6.617  669.084
 796000.000    6.439  687.605
 796500.000    6.600  670.861
 797000.000    6.389  692.936
 797500.000    6.385  693.362
 798000.000    6.533  677.661
 798500.000    6.528  678.241
 799000.000    6.404  691.300
 799500.000    6.625  668.273
 800000.000    6.534  677.615
 800500.000    6.534  677.566
 801000.000    6.540  677.010
 801500.000    6.643  666.465
 802000.000    6.579  672.961
 802500.000    6.495  681.657
 803000.000    6.881  643.446
 803500.000    6.648  665.986
 804000.000    6.599  670.937
 804500.000    6.643  666.482
 805000.000    6.488  682.376
 805500.000    6.757  655.208
 806000.000    6.749  655.998
 806500.000    6.782  652.839
 807000.000    6.473  684.027
 807500.000    6.669  663.832
 808000.000    6.742  656.688
 808500.000    6.764  654.580
 809000.000    6.841  647.171
 809500.000    6.513  679.810
 810000.000    6.660  664.799
 810500.000    6.659  664.850
 811000.000    6.553  675.672
 811500.000    6.604  670.396
 812000.000    6.420  689.609
 812500.000    6.664  664.414
 813000.000    6.577  673.175
 813500.000    6.354  696.742
 814000.000    6.724  658.407
 814500.000    6.291  703.782
 815000.000    6.302  702.518
 815500.000    6.400  691.738
 816000.000    6.712  659.636
 816500.000    6.398  692.008
 817000.000    6.584  672.440
 817500.000    6.781  652.865
 818000.000    6.578  673.111
 818500.000    6.572  673.637
 819000.000    6.383  693.582
 819500.000    6.714  659.402
 820000.000    6.506  680.526
 820500.000    6.553  675.633
 821000.000    6.389  692.994
 821500.000    6.369  695.183
 822000.000    6.485  682.732
 822500.000    6.439  687.582
 823000.000    6.349  697.346
 823500.000    6.682  662.610
 824000.000    6.580  672.904
 824500.000    6.759  655.050
 825000.000    6.636  667.186
 825500.000    6.796  651.435
 826000.000    6.805  650.567
 826500.000    6.746  656.295
 827000.000    6.438  687.745
 827500.000    6.479  683.370
 828000.000    6.515  679.621
 828500.000    6.751  655.769
 829000.000    6.519  679.169
 829500.000    6.865  644.928
 830000.000    6.597  671.076
 830500.000    6.389  693.026
 831000.000    6.612  669.561
 831500.000    6.509  680.235
 832000.000    6.472  684.085
 832500.000    6.665  664.226
 833000.000    6.477  683.536
 833500.000    6.367  695.403
 834000.000    6.436  687.897
 834500.000    6.528  678.182
 835000.000    6.473  683.933
 835500.000    6.413  690.412
 836000.000    6.667  664.029
 836500.000    6.614  669.362
 837000.000    6.448  686.593
 837500.000    6.294  703.470
 838000.000    6.613  669.464
 838500.000    6.434  688.150
 839000.000    6.680  662.783
 839500.000    6.701  660.746
 840000.000    6.556  675.293
 840500.000    6.326  699.902
 841000.000    6.380  693.916
 841500.000    6.420  689.633
 842000.000    6.494  681.785
 842500.000    6.554  675.538
 843000.000    6.474  683.822
 843500.000    6.673  663.485
 844000.000    6.416  690.102
 844500.000    6.481  683.185
 845000.000    6.531  677.890
 845500.000    6.565  674.371
 846000.000    6.454  686.001
 846500.000    6.466  684.751
 847000.000    6.495  681.688
 847500.000    6.587  672.133
 848000.000    6.520  679.028
 848500.000    6.338  698.583
 849000.000    6.569  674.022
 849500.000    6.545  676.483
 850000.000    6.757  655.235
 850500.000    6.626  668.193
 851000.000    6.730  657.862
 851500.000    6.750  655.937
 852000.000    6.540  676.994
 852500.000    6.580  672.883
 853000.000    6.599  670.941
 853500.000    6.521  678.985
 854000.000    6.642  666.594
 854500.000    6.622  668.541
 855000.000    6.512  679.934
 855500.000    6.758  655.106
 856000.000    6.623  668.465
 856500.000    6.375  694.445
 857000.000    6.559  675.008
 857500.000    6.515  679.520
 858000.000    6.599  670.927
 858500.000    6.440  687.432
 859000.000    6.399  691.915
 859500.000    6.450  686.457
 860000.000    6.634  667.359
 860500.000    6.593  671.526
 861000.000    6.410  690.679
 861500.000    6.369  695.121
 862000.000    6.657  665.064
 862500.000    6.514  679.693
 863000.000    6.371  694.963
 863500.000    6.581  672.793
 864000.000    6.328  699.678
 864500.000    6.862  645.182
 865000.000    6.368  695.283
 865500.000    6.362  695.899
 866000.000    6.708  659.998
 866500.000    6.562  674.724
 867000.000    6.630  667.803
 867500.000    6.699  660.894
 868000.000    6.142  720.889
 868500.000    6.625  668.240
 869000.000    6.774  653.589
 869500.000    6.437  687.817
 870000.000    6.363  695.820
 870500.000    6.411  690.623
 871000.000    6.564  674.475
 871500.000    6.594  671.431
 872000.000    6.296  703.235
 872500.000    6.391  692.715
 873000.000    6.298  703.031
 873500.000    6.582  672.616
 874000.000    6.318  700.754
 874500.000    6.253  708.040
 875000.000    6.442  687.279
 875500.000    6.487  682.456
 876000.000    6.622  668.575
 876500.000    6.586  672.283
 877000.000    6.708  660.005
 877500.000    6.504  680.714
 878000.000    6.560  674.861
 878500.000    6.441  687.385
 879000.000    6.433  688.198
 879500.000    6.487  682.500
 880000.000    6.587  672.166
 880500.000    6.470  684.331
 881000.000    6.618  669.012
 881500.000    6.554  675.516
 882000.000    6.411  690.557
 882500.000    6.337  698.663
 883000.000    6.531  677.887
 883500.000    6.403  691.441
 884000.000    6.425  689.050
 884500.000    6.536  677.423
 885000.000    6.668  663.943
 885500.000    6.362  695.894
 886000.000    6.429  688.628
 886500.000    6.645  666.263
 887000.000    6.622  668.563
 887500.000    6.623  668.503
 888000.000    6.418  689.872
 888500.000    6.383  693.591
 889000.000    6.463  685.074
 889500.000    6.289  704.010
 890000.000    6.648  666.015
 890500.000    6.218  712.016
 891000.000    6.432  688.286
 891500.000    6.451  686.363
 892000.000    6.366  695.502
 892500.000    6.054  731.293
 893000.000    6.528  678.213
 893500.000    6.491  682.060
 894000.000    6.536  677.356
 894500.000    6.900  641.622
 895000.000    6.624  668.383
 895500.000    6.574  673.465
 896000.000    6.543  676.705
 896500.000    6.732  657.701
 897000.000    6.467  684.659
 897500.000    6.488  682.416
 898000.000    6.618  669.025
 898500.000    6.539  677.053
 899000.000    6.500  681.125
 899500.000    6.526  678.416
 900000.000    6.401  691.646
 900500.000    6.947  637.281
 901000.000    6.828  648.448
 901500.000    6.770  653.990
 902000.000    6.654  665.347
 902500.000    6.527  678.327
 903000.000    6.675  663.305
 903500.000    6.503  680.870
 904000.000    6.493  681.901
 904500.000    6.575  673.368
 905000.000    6.515  679.588
 905500.000    6.603  670.483
 906000.000    6.640  666.746
 906500.000    6.446  686.791
 907000.000    6.380  693.966
 907500.000    6.444  687.057
 908000.000    6.562  674.743
 908500.000    6.347  697.520
 909000.000    6.445  686.997
 909500.000    6.472  684.073
 910000.000    6.568  674.117
 910500.000    6.511  679.968
 911000.000    6.369  695.117
 911500.000    6.599  670.869
 912000.000    6.479  683.357
 912500.000    6.399  691.905
 913000.000    6.542  676.738
 913500.000    6.492  681.989
 914000.000    6.478  683.446
 914500.000    6.574  673.469
 915000.000    6.739  656.937
 915500.000    6.337  698.676
 916000.000    6.531  677.893
 916500.000    6.332  699.179
 917000.000    6.411  690.616
 917500.000    6.304  702.265
 918000.000    6.425  689.086
 918500.000    6.452  686.204
 919000.000    6.390  692.853
 919500.000    6.470  684.249
 920000.000    6.857  645.685
 920500.000    6.475  683.730
 921000.000    6.384  693.551
 921500.000    6.609  669.900
 922000.000    6.284  704.570
 922500.000    6.341  698.243
 923000.000    6.391  692.728
 923500.000    6.562  674.745
 924000.000    6.553  675.660
 924500.000    6.578  673.042
 925000.000    6.306  702.084
 925500.000    6.589  671.912
 926000.000    6.477  683.591
 926500.000    6.687  662.138
 927000.000    6.401  691.640
 927500.000    6.621  668.641
 928000.000    6.469  684.429
 928500.000    6.541  676.817
 929000.000    6.457  685.663
 929500.000    6.470  684.334
 930000.000    6.411  690.623
 930500.000    6.575  673.405
 931000.000    6.468  684.526
 931500.000    6.502  680.895
 932000.000    6.394  692.385
 932500.000    6.355  696.719
 933000.000    6.319  700.688
 933500.000    6.904  641.312
 934000.000    6.437  687.783
 934500.000    6.473  683.943
 935000.000    6.295  703.345
 935500.000    6.494  681.777
 936000.000    6.646  666.183
 936500.000    6.582  672.629
 937000.000    6.762  654.748
 937500.000    6.321  700.470
 938000.000    6.460  685.366
 938500.000    6.541  676.856
 939000.000    6.545  676.431
 939500.000    6.554  675.551
 940000.000    6.610  669.778
 940500.000    6.534  677.642
 941000.000    6.674  663.423
 941500.000    6.582  672.604
 942000.000    6.589  671.977
 942500.000    6.700  660.851
 943000.000    6.445  687.000
 943500.000    6.619  668.906
 944000.000    6.431  688.476
 944500.000    6.560  674.907
 945000.000    6.500  681.125
 945500.000    6.773  653.645
 946000.000    6.759  655.042
 946500.000    6.346  697.654
 947000.000    6.464  684.930
 947500.000    6.340  698.350
 948000.000    6.798  651.307
 948500.000    6.576  673.258
 949000.000    6.621  668.704
 949500.000    6.618  669.010
 950000.000    6.654  665.412
 950500.000    6.603  670.560
 951000.000    6.567  674.204
 951500.000    6.687  662.080
 952000.000    6.580  672.856
 952500.000    6.654  665.393
 953000.000    6.491  682.130
 953500.000    6.749  655.976
 954000.000    6.650  665.800
 954500.000    6.760  654.986
 955000.000    6.662  664.558
 955500.000    6.475  683.808
 956000.000    6.627  668.116
 956500.000    6.588  672.076
 957000.000    6.971  635.137
 957500.000    6.626  668.222
 958000.000    6.750  655.881
 958500.000    6.700  660.764
 959000.000    6.646  666.205
 959500.000    6.822  648.984
 960000.000    6.636  667.146
 960500.000    6.467  684.637
 961000.000    6.799  651.179
 961500.000    6.860  645.415
 962000.000    6.730  657.896
 962500.000    6.751  655.819
 963000.000    6.648  666.023
 963500.000    6.632  667.588
 964000.000    6.680  662.735
 964500.000    6.451  686.325
 965000.000    6.694  661.447
 965500.000    6.762  654.748
 966000.000    6.490  682.176
 966500.000    6.555  675.448
 967000.000    6.357  696.477
 967500.000    6.603  670.474
 968000.000    6.573  673.590
 968500.000    6.629  667.912
 969000.000    6.462  685.177
 969500.000    6.440  687.516
 970000.000    6.583  672.511
 970500.000    6.686  662.174
 971000.000    6.641  666.639
 971500.000    6.506  680.463
 972000.000    6.426  688.965
 972500.000    6.609  669.935
 973000.000    6.712  659.665
 973500.000    6.591  671.701
 974000.000    6.683  662.530
 974500.000    6.836  647.651
 975000.000    6.442  687.312
 975500.000    6.606  670.253
 976000.000    6.638  666.967
 976500.000    6.436  687.929
 977000.000    6.666  664.194
 977500.000    6.574  673.468
 978000.000    6.719  658.963
 978500.000    6.555  675.439
 979000.000    6.521  678.977
 979500.000    6.752  655.672
 980000.000    6.499  681.221
 980500.000    6.586  672.251
 981000.000    6.671  663.642
 981500.000    6.721  658.711
 982000.000    6.924  639.455
 982500.000    6.540  676.981
 983000.000    6.380  693.985
 983500.000    6.578  673.011
 984000.000    6.333  699.060
 984500.000    6.581  672.741
 985000.000    6.594  671.394
 985500.000    6.591  671.761
 986000.000    6.433  688.191
 986500.000    6.482  683.011
 987000.000    6.400  691.770
 987500.000    6.690  661.791
 988000.000    6.238  709.756
 988500.000    6.322  700.362
 989000.000    6.720  658.794
 989500.000    6.564  674.457
 990000.000    6.532  677.833
 990500.000    6.564  674.462
 991000.000    6.643  666.434
 991500.000    6.346  697.650
 992000.000    6.610  669.821
 992500.000    6.563  674.570
 993000.000    6.619  668.862
 993500.000    6.732  657.678
 994000.000    6.589  671.934
 994500.000    6.603  670.497
 995000.000    6.589  671.919
 995500.000    6.530  678.059
 996000.000    6.446  686.847
 996500.000    6.612  669.611
 997000.000    6.602  670.660
 997500.000    6.763  654.668
 998000.000    6.533  677.744
 998500.000    6.506  680.518
 999000.000    6.525  678.531
 999500.000    6.575  673.358
1000000.000    6.610  669.798
