BFII_nolipid
""
WAVELENGTH	FLUORESCENCE
300.0	67.27986907958984
300.5	72.18523406982422
301.0	77.61138153076172
301.5	82.95411682128906
302.0	90.31597137451172
302.5	98.77916717529297
303.0	106.8353271484375
303.5	116.05238342285156
304.0	124.7006607055664
304.5	134.6683349609375
305.0	146.34048461914062
305.5	155.5253448486328
306.0	168.32693481445312
306.5	178.48741149902344
307.0	192.3932342529297
307.5	203.16366577148438
308.0	218.02133178710938
308.5	232.2127685546875
309.0	245.53309631347656
309.5	260.72686767578125
310.0	275.1505126953125
310.5	289.5667724609375
311.0	306.4063415527344
311.5	322.1695861816406
312.0	340.0922546386719
312.5	356.9115295410156
313.0	375.79644775390625
313.5	393.5062561035156
314.0	413.0850524902344
314.5	435.1501770019531
315.0	452.17449951171875
315.5	474.9026794433594
316.0	492.37493896484375
316.5	516.6224975585938
317.0	538.9328002929688
317.5	559.389404296875
318.0	579.96533203125
318.5	603.3251342773438
319.0	624.9194946289062
319.5	648.5607299804688
320.0	670.4398193359375
320.5	694.7359619140625
321.0	722.2178955078125
321.5	743.1734619140625
322.0	771.4298095703125
322.5	792.5917358398438
323.0	820.9970703125
323.5	847.677734375
324.0	871.2411499023438
324.5	895.1008911132812
325.0	922.0009155273438
325.5	946.5125732421875
326.0	973.8739013671875
326.5	998.20458984375
327.0	1025.2196044921875
327.5	1055.50244140625
328.0	1078.1632080078125
328.5	1108.1160888671875
329.0	1130.3797607421875
329.5	1159.763671875
330.0	1183.6866455078125
330.5	1210.03662109375
331.0	1233.5830078125
331.5	1258.7823486328125
332.0	1282.3255615234375
332.5	1308.3243408203125
333.0	1335.01416015625
333.5	1354.991455078125
334.0	1381.4697265625
334.5	1402.9749755859375
335.0	1426.319091796875
335.5	1447.3792724609375
336.0	1469.617431640625
336.5	1490.1070556640625
337.0	1511.23974609375
337.5	1534.5340576171875
338.0	1551.5223388671875
338.5	1573.6368408203125
339.0	1590.931884765625
339.5	1609.7203369140625
340.0	1626.6357421875
340.5	1644.0616455078125
341.0	1659.713623046875
341.5	1675.4415283203125
342.0	1693.2559814453125
342.5	1705.7467041015625
343.0	1721.86279296875
343.5	1734.5870361328125
344.0	1747.666015625
344.5	1760.178466796875
345.0	1772.514892578125
345.5	1782.568115234375
346.0	1793.29443359375
346.5	1805.1395263671875
347.0	1814.1337890625
347.5	1823.4627685546875
348.0	1831.42529296875
348.5	1839.18017578125
349.0	1846.0770263671875
349.5	1853.5457763671875
350.0	1860.3006591796875
350.5	1864.8262939453125
351.0	1870.6971435546875
351.5	1874.5491943359375
352.0	1878.3662109375
352.5	1880.9976806640625
353.0	1883.3502197265625
353.5	1885.0101318359375
354.0	1886.8148193359375
354.5	1887.6749267578125
355.0	1888.35595703125
355.5	1888.17578125
356.0	1887.7119140625
356.5	1886.676025390625
357.0	1885.563232421875
357.5	1884.1834716796875
358.0	1881.668212890625
358.5	1879.202880859375
359.0	1876.5194091796875
359.5	1873.5902099609375
360.0	1869.8780517578125
360.5	1865.70068359375
361.0	1861.1275634765625
361.5	1855.14697265625
362.0	1849.2567138671875
362.5	1843.1475830078125
363.0	1836.28125
363.5	1829.6407470703125
364.0	1821.901611328125
364.5	1814.0626220703125
365.0	1805.1192626953125
365.5	1796.3668212890625
366.0	1787.9466552734375
366.5	1778.2371826171875
367.0	1769.5068359375
367.5	1758.5313720703125
368.0	1747.7301025390625
368.5	1737.772216796875
369.0	1725.6942138671875
369.5	1715.105224609375
370.0	1702.7152099609375
370.5	1691.51806640625
371.0	1677.6636962890625
371.5	1664.3013916015625
372.0	1651.711181640625
372.5	1637.123046875
373.0	1624.4058837890625
373.5	1608.5684814453125
374.0	1593.505859375
374.5	1579.3558349609375
375.0	1563.9052734375
375.5	1549.7874755859375
376.0	1532.5758056640625
376.5	1516.330810546875
377.0	1501.284423828125
377.5	1484.9150390625
378.0	1469.818115234375
378.5	1451.748046875
379.0	1435.1776123046875
379.5	1420.0615234375
380.0	1402.505126953125
380.5	1387.12353515625
381.0	1368.8443603515625
381.5	1351.798828125
382.0	1335.9044189453125
382.5	1318.1580810546875
383.0	1301.74169921875
383.5	1281.8447265625
384.0	1264.3162841796875
384.5	1248.5606689453125
385.0	1230.341064453125
385.5	1213.972900390625
386.0	1194.6558837890625
386.5	1176.9522705078125
387.0	1161.158935546875
387.5	1143.99267578125
388.0	1128.183349609375
388.5	1109.359619140625
389.0	1091.9730224609375
389.5	1076.7259521484375
390.0	1058.4736328125
390.5	1044.90625
391.0	1026.8359375
391.5	1010.1123657226562
392.0	995.157958984375
392.5	977.286865234375
393.0	963.8968505859375
393.5	946.2338256835938
394.0	930.244384765625
394.5	916.0037231445312
395.0	898.4340209960938
395.5	882.9935302734375
396.0	869.2120971679688
396.5	852.3427734375
397.0	839.9863891601562
397.5	824.3966064453125
398.0	809.5425415039062
398.5	796.3499145507812
399.0	780.647216796875
399.5	766.4564208984375
400.0	753.8103637695312
400.5	741.6270141601562
401.0	728.2672729492188
401.5	713.7691040039062
402.0	700.6993408203125
402.5	688.5391845703125
403.0	674.6250610351562
403.5	661.7928466796875
404.0	650.4850463867188
404.5	639.349609375
405.0	627.02490234375
405.5	614.0654296875
406.0	603.2318725585938
406.5	591.3477783203125
407.0	578.5545654296875
407.5	567.2763061523438
408.0	557.2922973632812
408.5	544.930908203125
409.0	536.41064453125
409.5	524.6558227539062
410.0	514.9967041015625
410.5	504.7029724121094
411.0	493.4821472167969
411.5	484.38568115234375
412.0	474.194091796875
412.5	463.546142578125
413.0	454.3223571777344
413.5	445.79315185546875
414.0	435.5931396484375
414.5	427.99188232421875
415.0	417.94158935546875
415.5	410.0472106933594
416.0	401.4969177246094
416.5	392.2145080566406
417.0	384.6917724609375
417.5	376.5896911621094
418.0	367.5403137207031
418.5	360.5955810546875
419.0	352.9512939453125
419.5	344.5118713378906
420.0	337.42144775390625
420.5	330.8028564453125
421.0	323.1304016113281
421.5	317.43023681640625
422.0	310.13653564453125
422.5	302.6869201660156
423.0	297.1679992675781
423.5	290.1590576171875
424.0	284.6936340332031
424.5	278.6964111328125
425.0	272.2838439941406
425.5	266.928955078125
426.0	261.18096923828125
426.5	254.8773651123047
427.0	249.82351684570312
427.5	244.5509490966797
428.0	239.01080322265625
428.5	234.04071044921875
429.0	228.6060791015625
429.5	223.2304229736328
430.0	218.9259796142578
430.5	213.8525390625
431.0	208.71717834472656
431.5	204.7408905029297
432.0	200.5244140625
432.5	195.6797637939453
433.0	191.66873168945312
433.5	187.1790008544922
434.0	182.59556579589844
434.5	179.14193725585938
435.0	175.17710876464844
435.5	171.261474609375
436.0	167.71395874023438
436.5	164.03086853027344
437.0	160.09938049316406
437.5	157.01319885253906
438.0	153.4791717529297
438.5	149.79266357421875
439.0	146.85968017578125
439.5	143.4925537109375
440.0	140.0734405517578
440.5	137.39634704589844
441.0	134.3288116455078
441.5	130.96932983398438
442.0	128.30133056640625
442.5	125.428955078125
443.0	122.31889343261719
443.5	119.74935150146484
444.0	116.84613037109375
444.5	114.07247924804688
445.0	111.05178833007812
445.5	108.88555908203125
446.0	106.64424896240234
446.5	104.2041015625
447.0	102.02490234375
447.5	99.4958724975586
448.0	97.1211929321289
448.5	95.00196838378906
449.0	92.71157836914062
449.5	90.30155181884766
450.0	88.60137176513672
