 750000.000 0.999275 0.658894 0.811530 0.950989
 750500.000 1.010682 0.624855 0.854476 0.960408
 751000.000 1.002845 0.676110 0.811918 0.946077
 751500.000 0.996713 0.663167 0.816217 0.938549
 752000.000 0.989317 0.667814 0.808131 0.926523
 752500.000 0.993806 0.658967 0.818059 0.933725
 753000.000 0.974597 0.612365 0.825954 0.917871
 753500.000 1.000223 0.646385 0.825483 0.949554
 754000.000 0.999107 0.614648 0.846245 0.950004
 754500.000 0.996426 0.654777 0.820498 0.940095
 755000.000 1.011876 0.619771 0.859015 0.962166
 755500.000 1.003755 0.612753 0.854093 0.953994
 756000.000 1.013581 0.606090 0.870105 0.964502
 756500.000 1.006521 0.647043 0.826895 0.961119
 757000.000 1.000484 0.656421 0.818119 0.949594
 757500.000 1.022018 0.622184 0.862353 0.978915
 758000.000 1.028415 0.629823 0.869936 0.980720
 758500.000 1.042783 0.664859 0.858296 0.998039
 759000.000 1.020138 0.662883 0.828961 0.977125
 759500.000 0.979203 0.673708 0.777370 0.927086
 760000.000 1.000573 0.688274 0.797300 0.944925
 760500.000 0.999583 0.665477 0.812350 0.946340
 761000.000 1.009746 0.664996 0.821993 0.959834
 761500.000 0.997508 0.641668 0.820557 0.951312
 762000.000 0.983861 0.656888 0.792490 0.936175
 762500.000 0.995882 0.637024 0.826630 0.945751
 763000.000 1.002048 0.635953 0.827839 0.958357
 763500.000 0.992909 0.640998 0.812922 0.948692
 764000.000 1.002053 0.595950 0.862909 0.953128
 764500.000 0.998036 0.566256 0.881414 0.945841
 765000.000 1.002403 0.584408 0.876509 0.948589
 765500.000 0.990287 0.594975 0.857770 0.933580
 766000.000 1.000368 0.544705 0.894009 0.951586
 766500.000 0.995049 0.583501 0.857381 0.951141
 767000.000 1.026574 0.607389 0.879990 0.982041
 767500.000 1.006473 0.589517 0.864288 0.965118
 768000.000 1.017129 0.566709 0.903480 0.965229
 768500.000 0.969974 0.594055 0.832227 0.914436
 769000.000 1.011612 0.539095 0.919323 0.954432
 769500.000 1.005191 0.575246 0.884399 0.952759
 770000.000 1.016594 0.549368 0.919152 0.959312
 770500.000 1.015256 0.535864 0.924974 0.958520
 771000.000 0.972070 0.537909 0.861341 0.926600
 771500.000 1.020182 0.532890 0.917334 0.977787
 772000.000 0.986313 0.534186 0.882256 0.939095
 772500.000 1.021622 0.584407 0.894595 0.972414
 773000.000 0.989381 0.501694 0.907749 0.939172
 773500.000 1.001659 0.500616 0.926158 0.947764
 774000.000 0.998626 0.475464 0.934950 0.945679
 774500.000 0.992030 0.460273 0.929094 0.945083
 775000.000 0.999009 0.472864 0.941001 0.941782
 775500.000 0.983670 0.481465 0.909316 0.936242
 776000.000 1.004763 0.462845 0.939403 0.960414
 776500.000 1.003040 0.503741 0.924109 0.951024
 777000.000 0.989117 0.463426 0.925772 0.940685
 777500.000 0.997464 0.490723 0.925197 0.945023
 778000.000 0.997680 0.501691 0.920211 0.944589
 778500.000 0.986653 0.516552 0.904906 0.928056
 779000.000 0.986797 0.526984 0.896985 0.930184
 779500.000 0.967054 0.508983 0.883726 0.911237
 780000.000 0.990281 0.582885 0.870601 0.929308
 780500.000 0.950512 0.567702 0.841112 0.881584
 781000.000 0.947128 0.606942 0.810532 0.876792
 781500.000 0.945410 0.567985 0.828407 0.882459
 782000.000 0.946161 0.580797 0.826817 0.877205
 782500.000 0.967999 0.597822 0.838259 0.902207
 783000.000 0.968838 0.582445 0.849916 0.903158
 783500.000 0.959093 0.573457 0.850349 0.887565
 784000.000 0.981428 0.598825 0.863671 0.906577
 784500.000 0.960878 0.560731 0.862181 0.888144
 785000.000 0.999996 0.566173 0.894180 0.938016
 785500.000 1.023615 0.612535 0.886530 0.966666
 786000.000 0.975686 0.535165 0.881807 0.916483
 786500.000 0.989362 0.523761 0.906809 0.927926
 787000.000 0.974908 0.538022 0.885016 0.910039
 787500.000 0.964986 0.558141 0.874040 0.887091
 788000.000 1.006621 0.574251 0.907442 0.934537
 788500.000 0.963797 0.542968 0.868643 0.899140
 789000.000 0.965501 0.559350 0.859464 0.901571
 789500.000 0.984980 0.528805 0.898142 0.924163
 790000.000 1.018837 0.564353 0.920316 0.954244
 790500.000 0.982242 0.562607 0.878672 0.917066
 791000.000 0.988476 0.570509 0.869489 0.934173
 791500.000 0.972424 0.607125 0.827605 0.915251
 792000.000 0.983912 0.589174 0.855087 0.926210
 792500.000 0.973230 0.556079 0.862978 0.916733
 793000.000 1.018566 0.582453 0.899250 0.962836
 793500.000 0.980311 0.592249 0.862091 0.909977
 794000.000 0.985816 0.594211 0.857496 0.924814
 794500.000 1.024260 0.590036 0.895497 0.973734
 795000.000 0.988571 0.602276 0.847853 0.934320
 795500.000 0.973244 0.629469 0.813081 0.914918
 796000.000 1.003171 0.646308 0.838968 0.943993
 796500.000 0.959534 0.572824 0.843477 0.895449
 797000.000 0.964278 0.589934 0.838414 0.899280
 797500.000 0.983545 0.662439 0.827458 0.900672
 798000.000 0.973559 0.635961 0.810526 0.913365
 798500.000 0.984991 0.567988 0.866033 0.931552
 799000.000 1.007905 0.521075 0.938026 0.938262
 799500.000 0.978245 0.531262 0.885651 0.920494
 800000.000 0.977462 0.557875 0.868828 0.919117
 800500.000 0.981767 0.535481 0.874026 0.936521
 801000.000 1.010910 0.556293 0.898167 0.963179
 801500.000 0.986817 0.566853 0.865375 0.936707
 802000.000 0.975638 0.569267 0.847490 0.928135
 802500.000 0.970398 0.513352 0.882068 0.917481
 803000.000 0.989356 0.512953 0.896206 0.944112
 803500.000 0.991368 0.507659 0.899388 0.948158
 804000.000 0.976415 0.515577 0.884418 0.926692
 804500.000 1.001160 0.507011 0.911882 0.957106
 805000.000 0.983848 0.524838 0.879826 0.941469
 805500.000 0.967753 0.508718 0.873203 0.922937
 806000.000 0.992788 0.489127 0.912939 0.947921
 806500.000 0.974202 0.499345 0.892404 0.923259
 807000.000 0.993227 0.502347 0.906108 0.948481
 807500.000 0.983873 0.491579 0.906148 0.934482
 808000.000 0.991124 0.519575 0.897268 0.943190
 808500.000 0.984285 0.532078 0.884075 0.934310
 809000.000 0.984995 0.476502 0.914867 0.936161
 809500.000 0.996463 0.483870 0.922414 0.949157
 810000.000 1.005797 0.481594 0.926538 0.965842
 810500.000 0.993686 0.472018 0.922296 0.949417
 811000.000 0.973453 0.479155 0.901273 0.923764
 811500.000 0.982431 0.511730 0.899847 0.926686
 812000.000 0.985571 0.536039 0.885378 0.933525
 812500.000 0.961864 0.525579 0.863798 0.909936
 813000.000 0.962277 0.504100 0.871919 0.915202
 813500.000 0.959692 0.589206 0.831960 0.895934
 814000.000 0.952292 0.582898 0.827940 0.887955
 814500.000 0.956653 0.555471 0.838729 0.904630
 815000.000 0.975717 0.575554 0.851162 0.921038
 815500.000 1.029501 0.553817 0.922955 0.980401
 816000.000 1.022109 0.544689 0.910940 0.981283
 816500.000 1.024220 0.518059 0.930547 0.981708
 817000.000 1.010206 0.519035 0.919240 0.962616
 817500.000 1.022294 0.554298 0.915520 0.971980
 818000.000 1.003539 0.520572 0.917417 0.949489
 818500.000 1.016707 0.531087 0.924870 0.964339
 819000.000 1.004087 0.533387 0.902218 0.958061
 819500.000 1.018177 0.521139 0.922505 0.975073
 820000.000 1.039680 0.530233 0.946705 0.992206
 820500.000 1.047422 0.541494 0.941890 1.006883
 821000.000 1.037938 0.551655 0.927643 0.994880
 821500.000 1.035651 0.548465 0.927352 0.992145
 822000.000 1.026056 0.573835 0.910000 0.973752
 822500.000 1.040851 0.567810 0.931635 0.988124
 823000.000 1.013442 0.575270 0.896599 0.958803
 823500.000 1.040550 0.517913 0.960199 0.987560
 824000.000 1.032852 0.528574 0.943946 0.981398
 824500.000 1.002002 0.563811 0.896326 0.941664
 825000.000 1.039755 0.483786 0.973969 0.989705
 825500.000 1.017826 0.551568 0.911904 0.967545
 826000.000 1.022120 0.564141 0.907964 0.973038
 826500.000 1.008941 0.620091 0.859533 0.955309
 827000.000 0.999480 0.565905 0.882470 0.948113
 827500.000 1.014958 0.589446 0.880835 0.967969
 828000.000 1.019031 0.595871 0.876139 0.976813
 828500.000 1.022053 0.586975 0.900254 0.966534
 829000.000 1.031747 0.545346 0.925501 0.987446
 829500.000 1.009830 0.560726 0.895035 0.961256
 830000.000 1.007543 0.555454 0.897050 0.957631
 830500.000 1.022036 0.600296 0.894368 0.963778
 831000.000 1.017492 0.595856 0.896891 0.954528
 831500.000 1.015744 0.601957 0.880879 0.961857
 832000.000 1.029132 0.633503 0.865938 0.983387
 832500.000 1.025568 0.588856 0.899213 0.973778
 833000.000 1.026048 0.631496 0.865824 0.978321
 833500.000 1.030729 0.609720 0.887737 0.982327
 834000.000 1.021522 0.626030 0.866869 0.971411
 834500.000 1.029820 0.646565 0.857239 0.983948
 835000.000 0.986335 0.622836 0.831360 0.930928
 835500.000 0.984871 0.603665 0.843282 0.929734
 836000.000 1.001699 0.596582 0.863425 0.951520
 836500.000 1.005876 0.637393 0.837151 0.957330
 837000.000 1.024335 0.591609 0.890167 0.977817
 837500.000 1.037197 0.633630 0.901205 0.968451
 838000.000 0.983747 0.529515 0.881242 0.937307
 838500.000 1.012672 0.530601 0.908774 0.971392
 839000.000 1.014172 0.506297 0.925775 0.971439
 839500.000 1.005545 0.556118 0.890954 0.958736
 840000.000 1.014877 0.584347 0.886114 0.966070
 840500.000 1.046020 0.536998 0.942710 1.005608
 841000.000 1.046699 0.535496 0.950263 1.000700
 841500.000 1.051072 0.545097 0.953703 1.001412
 842000.000 1.059143 0.542366 0.967645 1.006514
 842500.000 1.042321 0.511359 0.959749 0.995119
 843000.000 1.024478 0.540954 0.929100 0.971212
 843500.000 1.055748 0.555267 0.958061 1.001502
 844000.000 1.032467 0.584835 0.915764 0.975355
 844500.000 1.014887 0.578991 0.881209 0.973771
 845000.000 1.023840 0.564521 0.910504 0.974061
 845500.000 1.035816 0.585831 0.906912 0.990021
 846000.000 1.013169 0.566401 0.899354 0.960924
 846500.000 0.999687 0.555168 0.889389 0.948431
 847000.000 0.999309 0.603202 0.861917 0.943655
 847500.000 1.001518 0.585200 0.876347 0.946378
 848000.000 1.005674 0.618600 0.851147 0.956893
 848500.000 0.973443 0.570271 0.855976 0.915028
 849000.000 0.963051 0.584132 0.829278 0.908859
 849500.000 0.999140 0.537421 0.902991 0.944642
 850000.000 1.001563 0.555350 0.887459 0.954076
 850500.000 1.015716 0.579679 0.890047 0.967031
 851000.000 0.984527 0.611727 0.836009 0.930303
 851500.000 1.018515 0.590719 0.901443 0.955613
 852000.000 1.000193 0.566655 0.876674 0.954525
 852500.000 0.981410 0.587446 0.840162 0.935611
 853000.000 1.004644 0.582935 0.873434 0.957037
 853500.000 1.029305 0.610522 0.882530 0.983533
 854000.000 1.012723 0.600651 0.861159 0.974084
 854500.000 1.021077 0.569539 0.894789 0.979885
 855000.000 0.995955 0.588749 0.862854 0.944833
 855500.000 1.002664 0.597716 0.868439 0.948272
 856000.000 1.011988 0.553703 0.905311 0.960242
 856500.000 1.022220 0.568591 0.910187 0.968572
 857000.000 1.032224 0.577671 0.905681 0.988438
 857500.000 1.010295 0.594676 0.867068 0.967442
 858000.000 0.978860 0.599472 0.830761 0.931021
 858500.000 0.992714 0.617693 0.835636 0.943997
 859000.000 1.002408 0.606644 0.853547 0.955554
 859500.000 0.992900 0.611515 0.835847 0.948215
 860000.000 1.000497 0.598582 0.859727 0.951083
 860500.000 1.026731 0.644764 0.850568 0.984463
 861000.000 1.018854 0.593502 0.887569 0.967524
 861500.000 0.971243 0.578990 0.841554 0.918251
 862000.000 1.015437 0.603339 0.871549 0.968818
 862500.000 1.009799 0.615054 0.858236 0.961524
 863000.000 1.013315 0.611455 0.862280 0.967578
 863500.000 1.020313 0.621006 0.867727 0.971329
 864000.000 0.993287 0.607770 0.855524 0.933773
 864500.000 1.026483 0.629370 0.870237 0.976686
 865000.000 0.990535 0.609240 0.844385 0.937102
 865500.000 0.996848 0.649341 0.829009 0.937291
 866000.000 1.003925 0.659688 0.827587 0.946384
 866500.000 1.012677 0.650951 0.849050 0.952054
 867000.000 0.974068 0.646976 0.798761 0.917073
 867500.000 1.015670 0.641790 0.845786 0.967431
 868000.000 0.991247 0.642300 0.817055 0.940751
 868500.000 1.008765 0.612602 0.873609 0.946963
 869000.000 1.034129 0.678839 0.842331 0.984126
 869500.000 1.008034 0.633835 0.844340 0.957917
 870000.000 1.010487 0.663491 0.838744 0.947870
 870500.000 1.027862 0.718415 0.805715 0.973502
 871000.000 1.012487 0.682831 0.809557 0.963648
 871500.000 1.009147 0.705562 0.782434 0.962670
 872000.000 1.026697 0.743547 0.774814 0.977248
 872500.000 1.012332 0.786173 0.731218 0.947039
 873000.000 1.004632 0.758788 0.751244 0.937253
 873500.000 0.995947 0.746528 0.739676 0.937762
 874000.000 1.004120 0.718728 0.786506 0.938805
 874500.000 1.013274 0.654463 0.854035 0.946441
 875000.000 0.981341 0.708209 0.773312 0.909115
 875500.000 1.022105 0.698418 0.825497 0.959251
 876000.000 1.001314 0.675018 0.825560 0.931698
 876500.000 0.999417 0.699707 0.806087 0.926446
 877000.000 0.998333 0.675638 0.813992 0.935024
 877500.000 0.986089 0.682844 0.798728 0.916788
 878000.000 0.996497 0.675007 0.802783 0.941231
 878500.000 0.998108 0.684513 0.812000 0.929805
 879000.000 1.003918 0.702689 0.808308 0.931970
 879500.000 0.992068 0.688108 0.797876 0.926445
 880000.000 0.992580 0.681557 0.810154 0.921715
 880500.000 1.006528 0.693250 0.810364 0.942821
 881000.000 1.021168 0.729782 0.786429 0.966703
 881500.000 0.995002 0.693956 0.794512 0.931254
 882000.000 1.013303 0.694674 0.827729 0.941201
 882500.000 1.010531 0.685508 0.821145 0.947706
 883000.000 1.018856 0.724631 0.807064 0.948521
 883500.000 0.991357 0.724157 0.772023 0.919324
 884000.000 0.997854 0.675634 0.809808 0.937633
 884500.000 0.999136 0.690492 0.801728 0.936483
 885000.000 1.026729 0.710930 0.819323 0.965210
 885500.000 0.995610 0.681369 0.804727 0.933075
 886000.000 0.996202 0.706710 0.793882 0.924742
 886500.000 1.003018 0.714831 0.795772 0.931587
 887000.000 0.991257 0.692548 0.807921 0.912591
 887500.000 0.981189 0.674310 0.804446 0.907544
 888000.000 0.974898 0.697381 0.770499 0.906004
 888500.000 0.987756 0.719033 0.761942 0.923991
 889000.000 0.983012 0.714011 0.767442 0.913152
 889500.000 0.977878 0.730366 0.730349 0.919592
 890000.000 0.997777 0.776487 0.725597 0.928275
 890500.000 1.016006 0.757213 0.755435 0.959418
 891000.000 1.026582 0.740134 0.791537 0.966133
 891500.000 1.010132 0.716282 0.782183 0.957007
 892000.000 1.002414 0.719327 0.771891 0.946794
 892500.000 0.986576 0.712723 0.751390 0.934936
 893000.000 1.005052 0.706483 0.791615 0.945773
 893500.000 0.981157 0.711429 0.749025 0.926375
 894000.000 0.993735 0.761096 0.726943 0.931292
 894500.000 0.984520 0.726849 0.741902 0.927270
 895000.000 0.963871 0.722452 0.725827 0.899629
 895500.000 0.974542 0.720193 0.729985 0.920819
 896000.000 0.993553 0.719837 0.765169 0.933082
 896500.000 0.994845 0.744540 0.734803 0.940829
 897000.000 0.989466 0.770536 0.707033 0.929765
 897500.000 0.984336 0.730147 0.734754 0.929977
 898000.000 0.980120 0.730723 0.722833 0.929959
 898500.000 0.997257 0.735991 0.752438 0.938722
 899000.000 0.993755 0.758832 0.724734 0.934898
 899500.000 1.001097 0.742216 0.775159 0.923382
 900000.000 0.989335 0.729938 0.755811 0.923854
 900500.000 0.975171 0.731824 0.772070 0.877645
 901000.000 1.007847 0.671146 0.851946 0.924805
 901500.000 0.986377 0.694551 0.797049 0.910049
 902000.000 0.996916 0.726301 0.785501 0.918235
 902500.000 1.000367 0.743622 0.761403 0.932074
 903000.000 1.007346 0.692267 0.828036 0.929846
 903500.000 1.019592 0.709556 0.831818 0.940077
 904000.000 0.984697 0.710208 0.773792 0.914389
 904500.000 0.975999 0.701068 0.767592 0.907995
 905000.000 0.993016 0.698732 0.785406 0.931169
 905500.000 0.983321 0.668673 0.805111 0.915706
 906000.000 0.992539 0.698118 0.779131 0.935871
 906500.000 0.996839 0.728334 0.763104 0.935189
 907000.000 1.006760 0.714193 0.799340 0.937078
 907500.000 0.992445 0.713556 0.767212 0.933873
 908000.000 0.980890 0.688939 0.767417 0.927752
 908500.000 0.998545 0.722438 0.758179 0.947328
 909000.000 0.998536 0.756468 0.727666 0.944674
 909500.000 0.974365 0.738967 0.736703 0.899983
 910000.000 0.981221 0.741581 0.726750 0.920587
 910500.000 1.000553 0.762408 0.728601 0.943444
 911000.000 0.985921 0.769469 0.712143 0.919157
 911500.000 0.992390 0.752926 0.725755 0.935979
 912000.000 1.037651 0.800349 0.750724 0.974318
 912500.000 1.013447 0.783291 0.743670 0.942104
 913000.000 0.997386 0.766583 0.718203 0.941325
 913500.000 1.007325 0.779365 0.725114 0.946682
 914000.000 0.994583 0.753922 0.714302 0.948560
 914500.000 0.989294 0.748520 0.733030 0.927248
 915000.000 0.994518 0.741179 0.732293 0.944741
 915500.000 0.992261 0.770645 0.712033 0.931816
 916000.000 1.011691 0.786933 0.729355 0.946474
 916500.000 0.995595 0.759995 0.736459 0.928685
 917000.000 0.988397 0.767287 0.741654 0.902815
 917500.000 1.006625 0.765651 0.758171 0.930345
 918000.000 0.984643 0.738231 0.753646 0.908886
 918500.000 0.987111 0.743370 0.748786 0.914055
 919000.000 1.019774 0.741581 0.775871 0.963307
 919500.000 1.020480 0.777043 0.745027 0.961196
 920000.000 1.015048 0.759793 0.745886 0.962816
 920500.000 0.997131 0.705793 0.771108 0.946461
 921000.000 1.006225 0.737717 0.765061 0.946273
 921500.000 1.004781 0.717143 0.789051 0.939295
 922000.000 0.996321 0.728685 0.749970 0.944392
 922500.000 0.997916 0.713391 0.769175 0.943989
 923000.000 1.002803 0.718372 0.769966 0.949907
 923500.000 0.976740 0.680023 0.775168 0.919089
 924000.000 0.986643 0.715479 0.756588 0.928760
 924500.000 0.979904 0.708356 0.752762 0.923040
 925000.000 0.984661 0.721080 0.745296 0.929351
 925500.000 0.991870 0.733691 0.737677 0.940820
 926000.000 1.010878 0.726348 0.776539 0.955593
 926500.000 1.024358 0.736930 0.794645 0.961297
 927000.000 1.024654 0.744166 0.773093 0.973845
 927500.000 1.026130 0.750760 0.773922 0.971232
 928000.000 1.013650 0.729420 0.781834 0.954806
 928500.000 1.043487 0.754680 0.793446 0.989258
 929000.000 0.993940 0.709014 0.768815 0.939179
 929500.000 0.992404 0.705766 0.771765 0.935951
 930000.000 0.986600 0.685780 0.783947 0.928382
 930500.000 0.989048 0.721242 0.754798 0.930871
 931000.000 1.000007 0.700312 0.778707 0.950372
 931500.000 1.014362 0.714591 0.782911 0.966575
 932000.000 0.996943 0.691808 0.778196 0.950581
 932500.000 1.001634 0.697533 0.788029 0.948157
 933000.000 1.010182 0.690340 0.796879 0.964027
 933500.000 1.009478 0.719109 0.774638 0.959642
 934000.000 1.020551 0.745160 0.773465 0.964127
 934500.000 0.996602 0.724154 0.758245 0.941858
 935000.000 1.020568 0.751100 0.762657 0.968155
 935500.000 1.013936 0.686276 0.803924 0.968950
 936000.000 1.003408 0.693079 0.783888 0.958549
 936500.000 1.003745 0.690511 0.796195 0.950934
 937000.000 1.011646 0.690558 0.798502 0.965598
 937500.000 1.020214 0.722926 0.779775 0.975192
 938000.000 1.012341 0.734171 0.759873 0.966052
 938500.000 1.006534 0.739990 0.751554 0.955931
 939000.000 1.001366 0.728003 0.756374 0.950461
 939500.000 1.010295 0.748879 0.738009 0.967427
 940000.000 1.007085 0.738131 0.747231 0.961898
 940500.000 0.988748 0.716139 0.749736 0.938236
 941000.000 0.994753 0.709052 0.758674 0.949065
 941500.000 0.997373 0.703442 0.767467 0.951666
 942000.000 1.016046 0.709280 0.782415 0.974395
 942500.000 1.014648 0.685995 0.806058 0.968867
 943000.000 1.015769 0.695334 0.792525 0.975697
 943500.000 0.998196 0.714603 0.757675 0.952923
 944000.000 0.994043 0.711327 0.751599 0.951502
 944500.000 1.014743 0.712243 0.781752 0.970041
 945000.000 1.003990 0.757673 0.721506 0.959870
 945500.000 0.989859 0.736539 0.721663 0.946760
 946000.000 1.044216 0.747041 0.785506 1.002838
 946500.000 1.016684 0.720960 0.770117 0.976948
 947000.000 1.008183 0.728776 0.754999 0.965261
 947500.000 1.029916 0.759916 0.772293 0.973419
 948000.000 1.031322 0.783623 0.742666 0.980629
 948500.000 1.012555 0.732898 0.756409 0.970176
 949000.000 1.036669 0.774408 0.755573 0.989327
 949500.000 1.046339 0.747331 0.781038 1.010509
 950000.000 1.036769 0.734803 0.790082 0.992781
 950500.000 1.032082 0.692080 0.822904 0.987036
 951000.000 1.093372 0.794547 0.820261 1.042493
 951500.000 1.031245 0.753062 0.778632 0.976506
 952000.000 1.020393 0.758649 0.755335 0.967638
 952500.000 1.017875 0.747756 0.766198 0.962258
 953000.000 0.991928 0.757708 0.711609 0.941986
 953500.000 0.974785 0.725089 0.732646 0.915362
 954000.000 1.007796 0.727916 0.798564 0.929375
 954500.000 0.991730 0.674565 0.806765 0.927982
 955000.000 1.045047 0.748170 0.847132 0.952288
 955500.000 1.000167 0.637089 0.866629 0.918552
 956000.000 1.011244 0.653429 0.843083 0.952614
 956500.000 1.027968 0.583929 0.918112 0.964123
 957000.000 1.010426 0.603630 0.873258 0.956542
 957500.000 0.994249 0.607587 0.871647 0.920939
 958000.000 0.982417 0.584386 0.871773 0.910380
 958500.000 0.972355 0.644955 0.830380 0.886256
 959000.000 1.019373 0.709482 0.831868 0.939613
 959500.000 0.999893 0.655569 0.838868 0.930647
 960000.000 0.994286 0.694902 0.788699 0.933956
 960500.000 0.985849 0.629853 0.834412 0.922408
 961000.000 0.978769 0.656738 0.791372 0.926500
 961500.000 0.970117 0.632644 0.826085 0.894202
 962000.000 1.007786 0.576182 0.916176 0.927309
 962500.000 0.988462 0.576827 0.870528 0.929283
 963000.000 0.998580 0.577039 0.889431 0.932880
 963500.000 0.996417 0.617783 0.861397 0.928458
 964000.000 1.000788 0.635367 0.854528 0.932332
 964500.000 1.008301 0.652788 0.844827 0.945239
 965000.000 1.002209 0.607626 0.855935 0.952373
 965500.000 1.000515 0.609143 0.866547 0.938137
 966000.000 0.991311 0.627286 0.857615 0.914552
 966500.000 0.968902 0.656156 0.802263 0.896312
 967000.000 0.985199 0.576916 0.869524 0.923217
 967500.000 1.002067 0.612392 0.858479 0.946713
 968000.000 1.011957 0.560660 0.897298 0.963654
 968500.000 0.995532 0.576925 0.866866 0.947560
 969000.000 1.000525 0.627942 0.847376 0.943263
 969500.000 1.012795 0.602084 0.868727 0.966601
 970000.000 0.985560 0.622045 0.827662 0.933109
 970500.000 0.986031 0.690927 0.779049 0.927478
 971000.000 1.002990 0.695111 0.790878 0.950427
 971500.000 1.001844 0.665780 0.820859 0.943563
 972000.000 0.988123 0.665161 0.811087 0.923294
 972500.000 0.963716 0.691869 0.751443 0.902301
 973000.000 0.973875 0.666781 0.785358 0.914045
 973500.000 0.973513 0.687290 0.775025 0.906876
 974000.000 0.971151 0.680253 0.768908 0.912307
 974500.000 0.960010 0.687466 0.751784 0.897469
 975000.000 0.974618 0.711135 0.750285 0.911657
 975500.000 0.959729 0.710973 0.736029 0.891594
 976000.000 0.948184 0.693559 0.731189 0.884559
 976500.000 0.950784 0.690685 0.737799 0.886897
 977000.000 1.002583 0.711501 0.768769 0.955566
 977500.000 0.991770 0.718378 0.756560 0.937426
 978000.000 0.987757 0.707787 0.757692 0.936092
 978500.000 1.012875 0.723579 0.783735 0.956045
 979000.000 0.966018 0.691787 0.763226 0.897383
 979500.000 0.922134 0.688632 0.716020 0.844846
 980000.000 0.975371 0.664978 0.802213 0.903856
 980500.000 0.970032 0.639115 0.807352 0.906444
 981000.000 1.009310 0.730919 0.778600 0.947077
 981500.000 0.995879 0.713173 0.758521 0.948461
 982000.000 0.994785 0.683344 0.785055 0.946532
 982500.000 0.997183 0.683226 0.788142 0.949095
 983000.000 0.980676 0.685532 0.771648 0.926313
 983500.000 0.978636 0.702333 0.783017 0.899482
 984000.000 1.023160 0.681105 0.857335 0.945931
 984500.000 0.986806 0.712497 0.763700 0.925573
 985000.000 0.961467 0.714378 0.729153 0.898242
 985500.000 0.991171 0.678118 0.794670 0.934610
 986000.000 0.983298 0.614548 0.830796 0.930516
 986500.000 0.972620 0.613788 0.823428 0.914992
 987000.000 0.968808 0.598054 0.826077 0.914935
 987500.000 0.988398 0.643867 0.809550 0.940175
 988000.000 0.971373 0.626459 0.812506 0.913518
 988500.000 0.981678 0.635914 0.810732 0.930435
 989000.000 0.996136 0.657894 0.809121 0.947139
 989500.000 0.980031 0.680516 0.770451 0.929638
 990000.000 0.976561 0.660193 0.785087 0.924730
 990500.000 0.981138 0.648673 0.813602 0.917898
 991000.000 0.978008 0.659713 0.783954 0.929084
 991500.000 0.985221 0.651864 0.798773 0.937206
 992000.000 0.973291 0.596162 0.829489 0.922567
 992500.000 0.966934 0.621880 0.806472 0.912573
 993000.000 0.983470 0.705418 0.765219 0.922634
 993500.000 0.992411 0.650047 0.824849 0.931033
 994000.000 1.000400 0.683719 0.815650 0.932119
 994500.000 1.014180 0.679730 0.815913 0.964043
 995000.000 0.982582 0.650717 0.809048 0.923550
 995500.000 0.998537 0.757179 0.741888 0.932971
 996000.000 1.008170 0.758992 0.762779 0.935368
 996500.000 0.997015 0.756002 0.764817 0.911917
 997000.000 1.002421 0.753557 0.767024 0.923862
 997500.000 0.996576 0.766979 0.767409 0.899529
 998000.000 0.981807 0.770769 0.748031 0.879919
 998500.000 0.995713 0.815267 0.734180 0.882729
 999000.000 0.995408 0.822102 0.709942 0.895435
 999500.000 0.971313 0.803394 0.731975 0.840041
1000000.000 0.994426 0.842674 0.693232 0.887185
