      22    2.066    0.177
      23    2.413    0.209
      24    1.143    0.199
      25    1.076    0.139
      26    2.430    0.192
      27    1.086    0.107
      28    0.715    0.102
      29    1.502    0.190
      30    2.215    0.311
      31    1.911    0.215
      32    0.859    0.274
      33    1.175    0.205
      34    0.473    0.146
      35    1.848    0.258
      36    0.938    0.149
      37    1.273    0.224
      38    1.866    0.384
      39    1.338    0.202
      40    1.434    0.347
      41    1.998    0.417
      42    2.654    0.321
