      64    1.463    0.115
      65    2.298    0.164
      66    0.970    0.079
      67    0.571    0.077
      68    1.449    0.187
      69    0.610    0.084
      70    0.384    0.103
      71    1.589    0.156
      72    0.822    0.259
      73    1.904    0.408
      74    0.994    0.315
      75    1.014    0.258
      76    0.551    0.165
      77    2.103    0.343
      78    1.119    0.347
      79    1.453    0.366
      80    1.963    0.495
      81    1.378    0.379
      82    1.480    0.277
      83    2.282    0.277
      84    2.693    0.239
