 750000.000    0.164
 750500.000    3.900
 751000.000    4.336
 751500.000    5.127
 752000.000    3.987
 752500.000    3.369
 753000.000    5.367
 753500.000    1.804
 754000.000    3.986
 754500.000    5.702
 755000.000    5.383
 755500.000    3.900
 756000.000   -0.714
 756500.000    5.213
 757000.000    2.787
 757500.000    1.992
 758000.000    2.947
 758500.000    3.908
 759000.000    2.769
 759500.000   -0.950
 760000.000    3.993
 760500.000   -0.869
 761000.000    2.171
 761500.000    2.347
 762000.000    5.197
 762500.000    1.642
 763000.000    3.651
 763500.000    6.079
 764000.000    4.075
 764500.000    4.077
 765000.000    1.900
 765500.000    2.327
 766000.000    3.660
 766500.000    4.327
 767000.000    4.166
 767500.000    3.740
 768000.000    2.595
 768500.000    2.702
 769000.000    4.427
 769500.000    4.531
 770000.000    2.769
 770500.000    4.501
 771000.000    2.253
 771500.000    2.262
 772000.000    2.608
 772500.000    2.421
 773000.000    3.468
 773500.000    2.966
 774000.000    0.327
 774500.000    4.939
 775000.000   -0.429
 775500.000    5.915
 776000.000    2.090
 776500.000    5.285
 777000.000    5.379
 777500.000    2.152
 778000.000    4.100
 778500.000    2.070
 779000.000    4.533
 779500.000    4.260
 780000.000    2.171
 780500.000    4.001
 781000.000    2.608
 781500.000    1.461
 782000.000    5.223
 782500.000    7.040
 783000.000    3.992
 783500.000    4.627
 784000.000    3.822
 784500.000    3.412
 785000.000    5.921
 785500.000    1.048
 786000.000    2.696
 786500.000    1.710
 787000.000    1.987
 787500.000    1.715
 788000.000   -0.707
 788500.000   -0.693
 789000.000    0.272
 789500.000    1.380
 790000.000   -0.010
 790500.000    3.215
 791000.000    0.512
 791500.000    2.947
 792000.000    2.945
 792500.000    3.552
 793000.000    1.641
 793500.000    0.691
 794000.000    4.159
 794500.000    2.521
 795000.000    1.383
 795500.000    1.032
 796000.000    2.853
 796500.000    4.869
 797000.000    2.003
 797500.000    2.684
 798000.000    6.267
 798500.000    1.829
 799000.000    1.488
 799500.000    4.521
 800000.000    1.131
 800500.000    1.555
 801000.000    3.653
 801500.000    1.916
 802000.000    1.722
 802500.000    2.162
 803000.000    2.160
 803500.000    3.053
 804000.000    1.736
 804500.000    4.451
 805000.000    3.729
 805500.000    3.030
 806000.000    5.127
 806500.000    3.910
 807000.000    2.171
 807500.000    3.296
 808000.000    1.131
 808500.000    3.135
 809000.000    0.957
 809500.000   -1.492
 810000.000    0.957
 810500.000    3.818
 811000.000    1.653
 811500.000   -1.295
 812000.000    1.749
 812500.000    1.220
 813000.000    4.010
 813500.000    3.218
 814000.000    1.827
 814500.000    3.830
 815000.000    2.961
 815500.000   -0.106
 816000.000    3.726
 816500.000    6.001
 817000.000    5.830
 817500.000    3.917
 818000.000    2.631
 818500.000    1.580
 819000.000    2.178
 819500.000    2.711
 820000.000    2.354
 820500.000    4.180
 821000.000    6.867
 821500.000    2.448
 822000.000    2.185
 822500.000    0.693
 823000.000    4.427
 823500.000    3.387
 824000.000    3.307
 824500.000    2.955
 825000.000    1.625
 825500.000    1.287
 826000.000    3.561
 826500.000    6.091
 827000.000    1.731
 827500.000    2.535
 828000.000    4.780
 828500.000    1.839
 829000.000    3.053
 829500.000   -0.446
 830000.000    4.421
 830500.000    4.971
 831000.000    0.258
 831500.000   -0.950
 832000.000    5.761
 832500.000    3.057
 833000.000    2.441
 833500.000    2.968
 834000.000    3.057
 834500.000    2.529
 835000.000   -0.091
 835500.000    4.897
 836000.000    2.462
 836500.000   -0.074
 837000.000    0.790
 837500.000    1.222
 838000.000    3.227
 838500.000    2.011
 839000.000    1.316
 839500.000    2.961
 840000.000    1.658
 840500.000    4.091
 841000.000    2.693
 841500.000    6.506
 842000.000    1.898
 842500.000    0.947
 843000.000    0.940
 843500.000    2.074
 844000.000    3.644
 844500.000   -0.627
 845000.000    1.291
 845500.000   -1.852
 846000.000    1.387
 846500.000    1.916
 847000.000    1.295
 847500.000    0.681
 848000.000    0.856
 848500.000    0.941
 849000.000    2.404
 849500.000    2.251
 850000.000    2.867
 850500.000    0.950
 851000.000    1.305
 851500.000   -0.450
 852000.000   -0.178
 852500.000   -0.260
 853000.000    2.066
 853500.000   -1.928
 854000.000    0.602
 854500.000   -0.274
 855000.000    0.336
 855500.000    0.867
 856000.000    0.519
 856500.000    1.660
 857000.000    1.383
 857500.000   -1.140
 858000.000   -0.865
 858500.000    0.773
 859000.000    2.066
 859500.000    1.727
 860000.000    0.082
 860500.000    4.599
 861000.000    1.459
 861500.000    1.715
 862000.000    1.376
 862500.000   -0.617
 863000.000    1.129
 863500.000    1.924
 864000.000    2.171
 864500.000    0.239
 865000.000   -0.798
 865500.000    1.467
 866000.000    1.983
 866500.000    2.260
 867000.000    3.884
 867500.000    2.606
 868000.000    5.317
 868500.000    3.628
 869000.000    0.072
 869500.000    2.176
 870000.000    2.599
 870500.000    1.729
 871000.000    3.186
 871500.000    2.168
 872000.000   -0.622
 872500.000    5.308
 873000.000    4.863
 873500.000    1.035
 874000.000    1.818
 874500.000    1.383
 875000.000    0.787
 875500.000    4.604
 876000.000    3.115
 876500.000   -0.076
 877000.000   -0.878
 877500.000    2.343
 878000.000    2.762
 878500.000    2.604
 879000.000    2.436
 879500.000    1.992
 880000.000    1.468
 880500.000    2.066
 881000.000   -0.689
 881500.000    0.324
 882000.000    3.057
 882500.000    1.135
 883000.000    2.789
 883500.000    3.390
 884000.000    0.767
 884500.000    4.359
 885000.000    2.260
 885500.000    1.646
 886000.000    1.224
 886500.000   -0.189
 887000.000    4.852
 887500.000   -0.968
 888000.000   -0.095
 888500.000    2.946
 889000.000   -0.264
 889500.000    3.117
 890000.000   -1.770
 890500.000   -1.770
 891000.000    1.651
 891500.000    2.959
 892000.000    0.074
 892500.000    0.060
 893000.000    0.696
 893500.000   -0.445
 894000.000   -1.761
 894500.000    0.947
 895000.000    2.604
 895500.000    0.088
 896000.000   -0.090
 896500.000    2.775
 897000.000    2.519
 897500.000    3.990
 898000.000    4.263
 898500.000    3.988
 899000.000    0.862
 899500.000    1.376
 900000.000    3.034
 900500.000    1.988
 901000.000    1.823
 901500.000    3.921
 902000.000   -0.086
 902500.000    0.938
 903000.000   -1.662
 903500.000   -1.059
 904000.000   -4.634
 904500.000    0.001
 905000.000   -2.287
 905500.000   -0.187
 906000.000   -2.022
 906500.000   -1.743
 907000.000    1.399
 907500.000   -1.476
 908000.000    1.208
 908500.000   -0.876
 909000.000   -0.106
 909500.000    0.945
 910000.000   -0.201
 910500.000   -1.413
 911000.000    3.731
 911500.000    1.129
 912000.000   -1.905
 912500.000   -2.450
 913000.000   -0.439
 913500.000    2.171
 914000.000   -0.796
 914500.000    1.018
 915000.000   -1.142
 915500.000    1.213
 916000.000    0.416
 916500.000    0.950
 917000.000    0.693
 917500.000    2.597
 918000.000    1.105
 918500.000   -3.151
 919000.000    1.653
 919500.000    0.251
 920000.000    1.972
 920500.000    0.606
 921000.000    4.187
 921500.000    0.957
 922000.000    1.367
 922500.000   -1.145
 923000.000    2.333
 923500.000   -1.321
 924000.000    0.617
 924500.000   -0.446
 925000.000    3.662
 925500.000   -2.350
 926000.000    0.881
 926500.000    2.868
 927000.000    1.646
 927500.000   -0.084
 928000.000    3.644
 928500.000    1.900
 929000.000    2.434
 929500.000    1.222
 930000.000    2.430
 930500.000    2.006
 931000.000    2.523
 931500.000    2.948
 932000.000    0.246
 932500.000    3.026
 933000.000    3.120
 933500.000   -1.124
 934000.000    2.184
 934500.000    1.747
 935000.000   -1.296
 935500.000    0.603
 936000.000    0.336
 936500.000   -0.177
 937000.000    1.919
 937500.000    0.249
 938000.000    3.486
 938500.000    2.180
 939000.000   -0.954
 939500.000   -0.352
 940000.000    2.441
 940500.000   -1.224
 941000.000    2.615
 941500.000    0.613
 942000.000    0.097
 942500.000   -0.505
 943000.000   -0.004
 943500.000    0.604
 944000.000    2.624
 944500.000    1.309
 945000.000    1.914
 945500.000    1.399
 946000.000    1.041
 946500.000   -0.363
 947000.000    2.077
 947500.000    4.006
 948000.000   -0.264
 948500.000    1.392
 949000.000    0.858
 949500.000   -0.013
 950000.000    1.914
 950500.000   -1.660
 951000.000   -1.133
 951500.000    0.952
 952000.000    0.766
 952500.000    3.908
 953000.000   -0.265
 953500.000    2.253
 954000.000    0.698
 954500.000    1.046
 955000.000    0.258
 955500.000    1.488
 956000.000    2.957
 956500.000    0.686
 957000.000   -0.366
 957500.000   -2.008
 958000.000    0.508
 958500.000    0.693
 959000.000   -0.702
 959500.000   -0.350
 960000.000    1.905
 960500.000    1.477
 961000.000    4.343
 961500.000    1.728
 962000.000    2.329
 962500.000    3.658
 963000.000    0.774
 963500.000   -2.171
 964000.000    1.912
 964500.000    1.743
 965000.000    0.420
 965500.000    0.255
 966000.000   -0.868
 966500.000   -1.509
 967000.000   -1.479
 967500.000    1.479
 968000.000    2.001
 968500.000    0.512
 969000.000    1.213
 969500.000    1.909
 970000.000    0.590
 970500.000   -0.338
 971000.000    0.865
 971500.000    2.592
 972000.000    1.651
 972500.000    0.173
 973000.000    4.176
 973500.000    2.430
 974000.000    0.938
 974500.000    0.244
 975000.000    0.606
 975500.000    1.206
 976000.000    1.472
 976500.000    3.740
 977000.000    0.510
 977500.000   -3.864
 978000.000   -1.490
 978500.000   -1.121
 979000.000   -1.223
 979500.000   -2.453
 980000.000    2.521
 980500.000    1.398
 981000.000   -1.923
 981500.000   -0.537
 982000.000    0.780
 982500.000   -0.340
 983000.000    0.684
 983500.000    0.771
 984000.000   -0.631
 984500.000    3.644
 985000.000    3.728
 985500.000   -0.366
 986000.000    1.905
 986500.000   -1.672
 987000.000    3.561
 987500.000    1.820
 988000.000   -0.792
 988500.000    2.867
 989000.000    2.524
 989500.000   -0.955
 990000.000    5.131
 990500.000    2.343
 991000.000    0.185
 991500.000    1.382
 992000.000    1.825
 992500.000    3.055
 993000.000   -1.223
 993500.000   -0.004
 994000.000    0.604
 994500.000    3.216
 995000.000    3.727
 995500.000    0.516
 996000.000    4.375
 996500.000    4.608
 997000.000    1.992
 997500.000    1.823
 998000.000    2.255
 998500.000    2.956
 999000.000    1.130
 999500.000    4.269
1000000.000   -0.714
