TRP_lipid
""
WAVELENGTH	FLUORESCENCE
300.0	113.6215591430664
300.5	120.3773193359375
301.0	127.88524627685547
301.5	135.0619354248047
302.0	145.33172607421875
302.5	157.28433227539062
303.0	168.82037353515625
303.5	182.10240173339844
304.0	194.8462677001953
304.5	209.47315979003906
305.0	225.9765625
305.5	238.9696044921875
306.0	256.8211364746094
306.5	271.1773376464844
307.0	290.5976867675781
307.5	305.5421142578125
308.0	326.8915710449219
308.5	347.0245056152344
309.0	365.70941162109375
309.5	386.97442626953125
310.0	406.5085754394531
310.5	427.0442810058594
311.0	450.42724609375
311.5	472.5159606933594
312.0	497.2161560058594
312.5	520.4450073242188
313.0	546.478759765625
313.5	571.0952758789062
314.0	598.840576171875
314.5	630.0509033203125
315.0	653.3191528320312
315.5	685.4474487304688
316.0	709.405029296875
316.5	742.2513427734375
317.0	773.017333984375
317.5	801.3452758789062
318.0	830.1316528320312
318.5	862.5654907226562
319.0	892.6580200195312
319.5	925.6580810546875
320.0	956.2467651367188
320.5	990.6060791015625
321.0	1028.5582275390625
321.5	1057.1634521484375
322.0	1095.721923828125
322.5	1124.7742919921875
323.0	1164.2548828125
323.5	1200.718017578125
324.0	1233.689208984375
324.5	1266.64794921875
325.0	1303.4412841796875
325.5	1338.12890625
326.0	1375.695068359375
326.5	1409.6883544921875
327.0	1447.5548095703125
327.5	1488.269287109375
328.0	1519.2525634765625
328.5	1560.3558349609375
329.0	1591.0054931640625
329.5	1631.5623779296875
330.0	1664.8685302734375
330.5	1701.5650634765625
331.0	1733.9024658203125
331.5	1769.42822265625
332.0	1801.390869140625
332.5	1836.0169677734375
333.0	1873.6839599609375
333.5	1901.3612060546875
334.0	1938.098876953125
334.5	1968.3250732421875
335.0	2001.6290283203125
335.5	2031.0010986328125
336.0	2062.263427734375
336.5	2090.072509765625
337.0	2119.190185546875
337.5	2152.125244140625
338.0	2175.7138671875
338.5	2205.90234375
339.0	2230.6259765625
339.5	2257.673095703125
340.0	2281.402099609375
340.5	2306.811279296875
341.0	2328.422119140625
341.5	2352.1806640625
342.0	2378.09814453125
342.5	2396.536865234375
343.0	2419.839111328125
343.5	2437.413818359375
344.0	2457.071044921875
344.5	2473.88134765625
345.0	2491.8525390625
345.5	2507.463623046875
346.0	2524.219482421875
346.5	2540.32470703125
347.0	2552.756103515625
347.5	2565.877685546875
348.0	2577.357666015625
348.5	2589.19140625
349.0	2599.7412109375
349.5	2610.535400390625
350.0	2621.499267578125
350.5	2629.189453125
351.0	2637.311767578125
351.5	2644.426025390625
352.0	2651.370361328125
352.5	2656.792724609375
353.0	2662.04296875
353.5	2666.14013671875
354.0	2670.677734375
354.5	2673.950439453125
355.0	2677.11083984375
355.5	2679.196044921875
356.0	2680.5283203125
356.5	2680.901611328125
357.0	2680.97509765625
357.5	2679.69921875
358.0	2677.629150390625
358.5	2675.18408203125
359.0	2672.632568359375
359.5	2670.02880859375
360.0	2666.267578125
360.5	2662.091064453125
361.0	2657.22900390625
361.5	2651.183837890625
362.0	2643.7822265625
362.5	2637.694580078125
363.0	2630.16064453125
363.5	2623.2099609375
364.0	2614.4140625
364.5	2606.468505859375
365.0	2596.048095703125
365.5	2585.9853515625
366.0	2576.111083984375
366.5	2564.628662109375
367.0	2554.3330078125
367.5	2540.58740234375
368.0	2526.30712890625
368.5	2513.8623046875
369.0	2499.623291015625
369.5	2485.659423828125
370.0	2469.822265625
370.5	2454.759521484375
371.0	2435.367919921875
371.5	2418.04248046875
372.0	2402.47119140625
372.5	2383.98779296875
373.0	2366.685302734375
373.5	2345.876953125
374.0	2326.211181640625
374.5	2307.67236328125
375.0	2287.445556640625
375.5	2268.679931640625
376.0	2245.4033203125
376.5	2224.50830078125
377.0	2205.5908203125
377.5	2182.9970703125
378.0	2162.243408203125
378.5	2137.723388671875
379.0	2115.0
379.5	2094.0908203125
380.0	2070.6142578125
380.5	2048.88525390625
381.0	2022.86865234375
381.5	1998.494873046875
382.0	1976.038818359375
382.5	1951.1392822265625
383.0	1929.3912353515625
383.5	1902.8873291015625
384.0	1879.09765625
384.5	1857.41748046875
385.0	1832.567626953125
385.5	1811.1171875
386.0	1784.4403076171875
386.5	1760.4144287109375
387.0	1738.1534423828125
387.5	1714.0731201171875
388.0	1692.5382080078125
388.5	1666.7066650390625
389.0	1642.9010009765625
389.5	1620.974853515625
390.0	1594.46240234375
390.5	1574.5869140625
391.0	1548.8468017578125
391.5	1525.3179931640625
392.0	1503.851806640625
392.5	1478.8621826171875
393.0	1459.545166015625
393.5	1434.934326171875
394.0	1411.8238525390625
394.5	1391.272705078125
395.0	1366.097900390625
395.5	1343.923095703125
396.0	1323.91455078125
396.5	1300.2122802734375
397.0	1282.5108642578125
397.5	1259.7254638671875
398.0	1238.855224609375
398.5	1219.42578125
399.0	1196.7412109375
399.5	1176.77783203125
400.0	1158.8858642578125
400.5	1140.9591064453125
401.0	1120.7613525390625
401.5	1099.0828857421875
402.0	1079.64404296875
402.5	1062.162109375
403.0	1040.833984375
403.5	1022.4058227539062
404.0	1005.4932250976562
404.5	988.6836547851562
405.0	970.7569580078125
405.5	950.7914428710938
406.0	935.199951171875
406.5	918.3140258789062
407.0	899.5440063476562
407.5	882.6629028320312
408.0	867.5792236328125
408.5	849.6273193359375
409.0	836.5654907226562
409.5	819.1132202148438
410.0	804.7896118164062
410.5	789.2623291015625
411.0	773.0076904296875
411.5	759.3427734375
412.0	744.1725463867188
412.5	728.46533203125
413.0	713.9927978515625
413.5	701.4757080078125
414.0	686.0414428710938
414.5	674.9454345703125
415.0	660.073486328125
415.5	648.5624389648438
416.0	636.0321655273438
416.5	622.241455078125
417.0	611.0361938476562
417.5	598.4732666015625
418.0	585.011962890625
418.5	574.3138427734375
419.0	562.5718383789062
419.5	550.0722045898438
420.0	538.301513671875
420.5	528.3026123046875
421.0	516.6624145507812
421.5	508.08404541015625
422.0	496.8407287597656
422.5	485.5994873046875
423.0	477.3171691894531
423.5	466.3054504394531
424.0	457.125
424.5	447.5653381347656
425.0	437.77215576171875
425.5	429.5754089355469
426.0	420.57427978515625
426.5	410.7374267578125
427.0	403.0962829589844
427.5	394.56536865234375
428.0	385.38726806640625
428.5	377.9411315917969
429.0	370.0764465332031
429.5	361.64080810546875
430.0	354.8441467285156
430.5	347.2173767089844
431.0	338.8312072753906
431.5	332.3260192871094
432.0	325.11529541015625
432.5	317.4632263183594
433.0	311.16815185546875
433.5	304.4142761230469
434.0	297.1763000488281
434.5	291.36297607421875
435.0	284.9149475097656
435.5	278.4339904785156
436.0	272.9403991699219
436.5	267.1070251464844
437.0	260.7115783691406
437.5	255.7131805419922
438.0	250.20571899414062
438.5	243.92715454101562
439.0	239.2443084716797
439.5	233.9499969482422
440.0	228.47817993164062
440.5	224.13613891601562
441.0	219.28402709960938
441.5	214.33392333984375
442.0	209.9515380859375
442.5	205.05592346191406
443.0	199.971923828125
443.5	196.1602783203125
444.0	191.82676696777344
444.5	187.47964477539062
445.0	182.99020385742188
445.5	179.37689208984375
446.0	175.48178100585938
446.5	171.2376251220703
447.0	167.82357788085938
447.5	163.85702514648438
448.0	160.07798767089844
448.5	156.8140106201172
449.0	153.3576202392578
449.5	149.58787536621094
450.0	146.71722412109375
