      22    2.013    0.234
      23    2.289    0.308
      24    0.905    0.236
      25    0.736    0.261
      26    1.588    0.385
      27    2.004    0.294
      28    0.632    0.091
      29    1.673    0.205
      30    0.968    0.227
      31    1.394    0.255
      32    0.476    0.134
      33    0.921    0.184
      34    0.754    0.117
      35    1.048    0.285
      36    0.809    0.145
      37    1.517    0.235
      38    1.888    0.255
      39    0.779    0.188
      40    1.191    0.142
      41    1.999    0.338
      42    2.692    0.204
