 750000.000   -1.161
 750500.000   -1.135
 751000.000    2.448
 751500.000    0.253
 752000.000    0.870
 752500.000    4.073
 753000.000    0.508
 753500.000    2.253
 754000.000    0.254
 754500.000    3.678
 755000.000    0.863
 755500.000   -0.248
 756000.000   -1.220
 756500.000   -0.430
 757000.000    3.057
 757500.000   -1.114
 758000.000    2.198
 758500.000   -0.256
 759000.000   -1.197
 759500.000    0.624
 760000.000    0.619
 760500.000    0.011
 761000.000    0.443
 761500.000    1.403
 762000.000    0.537
 762500.000    1.133
 763000.000    4.015
 763500.000    1.648
 764000.000    0.444
 764500.000    2.011
 765000.000    1.497
 765500.000    2.794
 766000.000    1.484
 766500.000    2.182
 767000.000    0.881
 767500.000    2.196
 768000.000    3.225
 768500.000    0.345
 769000.000    3.749
 769500.000    3.568
 770000.000    0.432
 770500.000    2.345
 771000.000    1.236
 771500.000    0.026
 772000.000   -1.300
 772500.000    0.533
 773000.000   -0.439
 773500.000   -1.914
 774000.000    1.566
 774500.000    3.555
 775000.000   -2.180
 775500.000    0.022
 776000.000    0.893
 776500.000    2.714
 777000.000    3.912
 777500.000    2.010
 778000.000    3.055
 778500.000    2.361
 779000.000    1.227
 779500.000    2.083
 780000.000    3.326
 780500.000    2.558
 781000.000   -0.844
 781500.000    0.521
 782000.000    1.926
 782500.000    0.970
 783000.000    1.839
 783500.000    2.283
 784000.000    0.620
 784500.000    4.460
 785000.000    1.838
 785500.000    2.086
 786000.000    0.803
 786500.000    1.398
 787000.000    3.841
 787500.000    5.241
 788000.000   -0.065
 788500.000   -1.724
 789000.000    2.547
 789500.000    4.169
 790000.000    1.845
 790500.000    2.104
 791000.000    1.552
 791500.000    3.129
 792000.000    0.872
 792500.000    5.314
 793000.000   -1.232
 793500.000    2.191
 794000.000    0.173
 794500.000    1.926
 795000.000    2.508
 795500.000    1.758
 796000.000    3.303
 796500.000   -0.164
 797000.000    4.008
 797500.000    2.693
 798000.000    4.964
 798500.000   -0.508
 799000.000    0.972
 799500.000   -1.811
 800000.000    0.373
 800500.000    3.323
 801000.000    2.191
 801500.000    1.034
 802000.000    1.924
 802500.000   -2.162
 803000.000    0.954
 803500.000    3.673
 804000.000    0.860
 804500.000    3.681
 805000.000   -0.783
 805500.000   -1.813
 806000.000    0.287
 806500.000    0.187
 807000.000    1.059
 807500.000   -1.215
 808000.000    1.398
 808500.000   -3.207
 809000.000   -2.425
 809500.000    2.448
 810000.000   -0.767
 810500.000   -0.691
 811000.000   -3.397
 811500.000   -3.137
 812000.000   -0.436
 812500.000   -3.144
 813000.000   -1.648
 813500.000    0.443
 814000.000   -1.218
 814500.000    0.345
 815000.000    0.792
 815500.000    2.185
 816000.000    1.931
 816500.000    2.535
 817000.000    2.196
 817500.000    4.176
 818000.000    0.095
 818500.000   -1.048
 819000.000    2.102
 819500.000   -1.124
 820000.000   -0.162
 820500.000   -1.027
 821000.000    0.533
 821500.000   -1.037
 822000.000    1.660
 822500.000    0.365
 823000.000   -0.338
 823500.000    5.413
 824000.000    0.709
 824500.000    2.775
 825000.000    3.644
 825500.000    2.285
 826000.000    3.060
 826500.000    1.413
 827000.000    1.664
 827500.000   -0.771
 828000.000    1.926
 828500.000    2.285
 829000.000    1.394
 829500.000   -0.703
 830000.000    0.950
 830500.000   -1.727
 831000.000    1.577
 831500.000    2.709
 832000.000    1.202
 832500.000    0.331
 833000.000   -0.853
 833500.000    1.495
 834000.000    0.086
 834500.000    2.961
 835000.000   -0.072
 835500.000    2.709
 836000.000    2.269
 836500.000    1.220
 837000.000    3.158
 837500.000    2.008
 838000.000   -0.003
 838500.000    1.664
 839000.000    3.559
 839500.000   -0.350
 840000.000    2.354
 840500.000    2.256
 841000.000    0.684
 841500.000    1.554
 842000.000    2.352
 842500.000    2.342
 843000.000    0.262
 843500.000   -1.220
 844000.000    2.691
 844500.000    1.639
 845000.000   -2.446
 845500.000    0.343
 846000.000    0.004
 846500.000    0.012
 847000.000    2.789
 847500.000    0.530
 848000.000    1.396
 848500.000    2.194
 849000.000    1.161
 849500.000   -1.373
 850000.000    4.375
 850500.000    0.432
 851000.000   -1.032
 851500.000   -1.823
 852000.000    0.448
 852500.000    6.206
 853000.000   -4.262
 853500.000   -2.338
 854000.000   -0.429
 854500.000    1.131
 855000.000    1.651
 855500.000    1.030
 856000.000   -1.206
 856500.000    1.312
 857000.000    0.865
 857500.000   -1.135
 858000.000    0.425
 858500.000   -0.963
 859000.000    2.448
 859500.000    1.419
 860000.000    1.930
 860500.000    0.597
 861000.000    0.528
 861500.000   -0.335
 862000.000   -0.242
 862500.000   -0.711
 863000.000   -3.376
 863500.000   -0.775
 864000.000    4.175
 864500.000   -1.729
 865000.000    0.870
 865500.000    0.095
 866000.000    3.568
 866500.000    2.171
 867000.000    3.147
 867500.000    0.696
 868000.000    1.392
 868500.000   -0.333
 869000.000    0.539
 869500.000    2.446
 870000.000    0.785
 870500.000    2.276
 871000.000    2.173
 871500.000   -0.090
 872000.000    0.693
 872500.000    1.914
 873000.000    3.215
 873500.000    2.191
 874000.000    2.948
 874500.000    0.443
 875000.000    3.837
 875500.000    0.697
 876000.000   -1.378
 876500.000    5.591
 877000.000    2.191
 877500.000    1.671
 878000.000   -2.169
 878500.000    3.151
 879000.000   -2.544
 879500.000   -0.157
 880000.000    0.610
 880500.000   -0.766
 881000.000    1.839
 881500.000    2.031
 882000.000   -1.028
 882500.000    2.350
 883000.000    2.632
 883500.000    1.751
 884000.000    0.977
 884500.000    0.878
 885000.000    2.526
 885500.000    0.329
 886000.000   -0.441
 886500.000    4.024
 887000.000    0.618
 887500.000    1.674
 888000.000    4.033
 888500.000    1.406
 889000.000    0.432
 889500.000    1.742
 890000.000    1.050
 890500.000    0.956
 891000.000    5.325
 891500.000    2.191
 892000.000   -1.571
 892500.000    1.391
 893000.000    3.660
 893500.000   -0.091
 894000.000   -3.557
 894500.000    2.173
 895000.000    0.427
 895500.000    3.243
 896000.000   -0.595
 896500.000    2.343
 897000.000    2.175
 897500.000    0.597
 898000.000   -2.084
 898500.000    1.298
 899000.000    0.865
 899500.000    1.568
 900000.000    1.204
 900500.000    2.613
 901000.000    2.796
 901500.000   -1.392
 902000.000    0.622
 902500.000    0.881
 903000.000    3.575
 903500.000   -0.514
 904000.000   -0.240
 904500.000    1.397
 905000.000    2.090
 905500.000    1.596
 906000.000    3.919
 906500.000    1.223
 907000.000    1.914
 907500.000    3.403
 908000.000    0.191
 908500.000   -0.959
 909000.000    0.081
 909500.000    0.533
 910000.000    0.267
 910500.000    2.027
 911000.000    3.486
 911500.000   -0.789
 912000.000    0.356
 912500.000    0.523
 913000.000    2.872
 913500.000    2.959
 914000.000    0.704
 914500.000    0.512
 915000.000    3.245
 915500.000   -0.345
 916000.000    1.493
 916500.000    1.834
 917000.000    3.493
 917500.000    2.450
 918000.000    4.877
 918500.000    2.013
 919000.000    0.892
 919500.000    1.664
 920000.000    2.446
 920500.000    0.446
 921000.000    1.930
 921500.000    2.015
 922000.000    2.533
 922500.000   -0.948
 923000.000   -0.340
 923500.000    1.660
 924000.000    0.001
 924500.000    0.619
 925000.000    3.743
 925500.000   -0.501
 926000.000    0.626
 926500.000    1.825
 927000.000    3.049
 927500.000    2.386
 928000.000    2.276
 928500.000    2.711
 929000.000    0.617
 929500.000   -1.101
 930000.000    0.876
 930500.000    2.361
 931000.000    4.004
 931500.000    0.473
 932000.000    3.488
 932500.000    1.493
 933000.000    5.731
 933500.000    4.198
 934000.000    0.800
 934500.000    2.120
 935000.000    1.557
 935500.000    1.830
 936000.000    3.310
 936500.000    0.720
 937000.000    3.488
 937500.000   -1.392
 938000.000    3.307
 938500.000    1.051
 939000.000    1.930
 939500.000    3.302
 940000.000    0.982
 940500.000    0.090
 941000.000    1.151
 941500.000   -0.430
 942000.000    0.881
 942500.000   -0.512
 943000.000    1.926
 943500.000    3.151
 944000.000    0.528
 944500.000    2.631
 945000.000    1.685
 945500.000    2.201
 946000.000   -1.397
 946500.000    4.193
 947000.000    1.575
 947500.000    2.535
 948000.000    0.262
 948500.000   -0.769
 949000.000    0.189
 949500.000    1.082
 950000.000    0.801
 950500.000    4.973
 951000.000    1.073
 951500.000    2.977
 952000.000    0.455
 952500.000    2.720
 953000.000   -1.731
 953500.000    0.768
 954000.000    5.577
 954500.000    4.709
 955000.000    1.075
 955500.000    1.827
 956000.000   -0.689
 956500.000    2.446
 957000.000    0.017
 957500.000    0.093
 958000.000    0.523
 958500.000   -2.004
 959000.000    5.316
 959500.000    0.269
 960000.000   -2.787
 960500.000    3.403
 961000.000   -2.324
 961500.000   -1.811
 962000.000   -0.595
 962500.000    0.460
 963000.000    0.551
 963500.000   -1.793
 964000.000    1.921
 964500.000    2.989
 965000.000    0.704
 965500.000    1.051
 966000.000    0.020
 966500.000    0.805
 967000.000    0.368
 967500.000    1.669
 968000.000    0.175
 968500.000   -3.396
 969000.000    0.798
 969500.000   -2.693
 970000.000    1.151
 970500.000   -1.220
 971000.000    2.540
 971500.000    1.671
 972000.000    1.053
 972500.000    2.537
 973000.000   -0.878
 973500.000    1.568
 974000.000    0.867
 974500.000   -0.254
 975000.000    1.305
 975500.000   -0.423
 976000.000    0.778
 976500.000    3.234
 977000.000    3.071
 977500.000   -0.432
 978000.000    3.392
 978500.000    0.354
 979000.000    2.001
 979500.000    1.589
 980000.000    0.365
 980500.000    1.667
 981000.000   -0.079
 981500.000    3.046
 982000.000    3.255
 982500.000    2.352
 983000.000    2.423
 983500.000    2.255
 984000.000    3.933
 984500.000    0.947
 985000.000    0.867
 985500.000    1.490
 986000.000    0.892
 986500.000    1.919
 987000.000    3.390
 987500.000   -1.373
 988000.000   -0.347
 988500.000    0.012
 989000.000    2.368
 989500.000    2.366
 990000.000   -0.249
 990500.000   -2.329
 991000.000   -0.342
 991500.000    3.236
 992000.000    0.785
 992500.000    2.196
 993000.000    0.441
 993500.000    2.272
 994000.000    3.144
 994500.000   -0.608
 995000.000    1.135
 995500.000    2.434
 996000.000    2.620
 996500.000    2.010
 997000.000    0.194
 997500.000    0.876
 998000.000    2.769
 998500.000    1.224
 999000.000    3.932
 999500.000    3.580
1000000.000   -1.988
