 750000.000    5.822  723.885
 750500.000    6.071  694.200
 751000.000    6.147  685.680
 751500.000    6.132  687.291
 752000.000    6.134  687.119
 752500.000    6.246  674.771
 753000.000    6.167  683.430
 753500.000    6.297  669.327
 754000.000    6.139  686.515
 754500.000    6.221  677.507
 755000.000    6.221  677.509
 755500.000    6.112  689.598
 756000.000    6.143  686.071
 756500.000    6.284  670.701
 757000.000    6.132  687.326
 757500.000    6.019  700.182
 758000.000    6.033  698.633
 758500.000    6.210  678.616
 759000.000    6.045  697.235
 759500.000    6.371  661.569
 760000.000    6.233  676.207
 760500.000    6.347  663.973
 761000.000    6.328  666.039
 761500.000    6.197  680.046
 762000.000    6.181  681.814
 762500.000    6.120  688.597
 763000.000    6.202  679.535
 763500.000    6.284  670.672
 764000.000    6.112  689.566
 764500.000    6.221  677.419
 765000.000    6.257  673.619
 765500.000    6.058  695.656
 766000.000    6.022  699.843
 766500.000    5.981  704.614
 767000.000    6.144  685.955
 767500.000    6.240  675.371
 768000.000    6.146  685.789
 768500.000    6.116  689.079
 769000.000    5.876  717.288
 769500.000    5.915  712.529
 770000.000    5.933  710.374
 770500.000    5.971  705.860
 771000.000    5.978  705.034
 771500.000    5.924  711.478
 772000.000    6.104  690.406
 772500.000    5.927  711.110
 773000.000    6.031  698.811
 773500.000    5.716  737.339
 774000.000    5.940  709.553
 774500.000    6.007  701.616
 775000.000    6.027  699.318
 775500.000    6.244  675.015
 776000.000    6.191  680.776
 776500.000    5.944  709.049
 777000.000    6.164  683.779
 777500.000    6.064  694.965
 778000.000    6.125  688.105
 778500.000    6.321  666.780
 779000.000    6.116  689.069
 779500.000    6.025  699.501
 780000.000    6.077  693.569
 780500.000    6.072  694.097
 781000.000    6.158  684.428
 781500.000    6.062  695.215
 782000.000    5.786  728.352
 782500.000    6.020  700.078
 783000.000    6.149  685.430
 783500.000    5.926  711.238
 784000.000    5.957  707.516
 784500.000    5.854  719.930
 785000.000    6.103  690.545
 785500.000    5.964  706.607
 786000.000    5.861  719.104
 786500.000    6.063  695.168
 787000.000    5.852  720.210
 787500.000    6.050  696.571
 788000.000    5.990  703.621
 788500.000    5.913  712.795
 789000.000    5.994  703.167
 789500.000    6.079  693.325
 790000.000    5.901  714.209
 790500.000    6.035  698.372
 791000.000    6.019  700.225
 791500.000    5.905  713.737
 792000.000    6.043  697.456
 792500.000    6.134  687.125
 793000.000    6.003  702.042
 793500.000    5.931  710.600
 794000.000    6.077  693.492
 794500.000    6.160  684.201
 795000.000    5.983  704.370
 795500.000    6.034  698.511
 796000.000    6.263  672.948
 796500.000    6.000  702.459
 797000.000    6.201  679.621
 797500.000    6.021  699.969
 798000.000    6.190  680.888
 798500.000    5.890  715.548
 799000.000    6.081  693.116
 799500.000    5.792  727.640
 800000.000    5.866  718.444
 800500.000    5.848  720.630
 801000.000    5.945  708.949
 801500.000    5.941  709.377
 802000.000    5.901  714.188
 802500.000    6.154  684.797
 803000.000    6.073  693.930
 803500.000    6.095  691.484
 804000.000    5.997  702.813
 804500.000    6.221  677.419
 805000.000    6.105  690.320
 805500.000    5.752  732.728
 806000.000    6.102  690.667
 806500.000    6.022  699.859
 807000.000    6.073  694.028
 807500.000    6.097  691.223
 808000.000    5.879  716.924
 808500.000    6.120  688.675
 809000.000    6.213  678.312
 809500.000    5.961  707.052
 810000.000    5.916  712.435
 810500.000    5.992  703.397
 811000.000    5.946  708.846
 811500.000    5.964  706.655
 812000.000    6.053  696.325
 812500.000    5.954  707.893
 813000.000    5.971  705.811
 813500.000    5.941  709.375
 814000.000    5.978  704.952
 814500.000    5.938  709.784
 815000.000    6.092  691.863
 815500.000    6.102  690.657
 816000.000    6.125  688.066
 816500.000    6.107  690.102
 817000.000    6.029  699.064
 817500.000    6.097  691.216
 818000.000    6.128  687.748
 818500.000    6.000  702.456
 819000.000    6.085  692.640
 819500.000    6.138  686.616
 820000.000    6.129  687.666
 820500.000    6.286  670.470
 821000.000    6.363  662.362
 821500.000    6.170  683.106
 822000.000    6.029  698.997
 822500.000    6.357  662.951
 823000.000    5.979  704.927
 823500.000    5.963  706.837
 824000.000    6.166  683.510
 824500.000    6.094  691.580
 825000.000    5.884  716.238
 825500.000    6.007  701.565
 826000.000    5.958  707.388
 826500.000    6.134  687.062
 827000.000    5.879  716.887
 827500.000    6.011  701.188
 828000.000    5.900  714.310
 828500.000    6.130  687.540
 829000.000    6.103  690.531
 829500.000    6.241  675.301
 830000.000    6.069  694.435
 830500.000    6.068  694.534
 831000.000    6.238  675.584
 831500.000    5.926  711.235
 832000.000    6.090  692.064
 832500.000    6.083  692.785
 833000.000    5.943  709.202
 833500.000    5.962  706.888
 834000.000    6.018  700.304
 834500.000    6.037  698.095
 835000.000    6.074  693.833
 835500.000    5.824  723.627
 836000.000    5.809  725.567
 836500.000    6.059  695.615
 837000.000    6.053  696.304
 837500.000    6.170  683.054
 838000.000    6.039  697.941
 838500.000    6.108  690.019
 839000.000    5.951  708.191
 839500.000    5.923  711.547
 840000.000    6.019  700.182
 840500.000    6.079  693.242
 841000.000    5.890  715.537
 841500.000    5.922  711.650
 842000.000    6.012  700.969
 842500.000    5.786  728.368
 843000.000    6.043  697.384
 843500.000    6.216  678.047
 844000.000    5.979  704.869
 844500.000    6.389  659.641
 845000.000    5.842  721.417
 845500.000    5.885  716.092
 846000.000    6.232  676.302
 846500.000    6.096  691.407
 847000.000    6.154  684.813
 847500.000    6.054  696.148
 848000.000    5.960  707.134
 848500.000    6.057  695.825
 849000.000    5.899  714.508
 849500.000    5.826  723.458
 850000.000    6.069  694.416
 850500.000    5.897  714.665
 851000.000    5.888  715.833
 851500.000    6.087  692.386
 852000.000    6.044  697.350
 852500.000    6.077  693.543
 853000.000    6.129  687.668
 853500.000    5.974  705.447
 854000.000    6.118  688.903
 854500.000    6.008  701.534
 855000.000    5.991  703.521
 855500.000    5.911  712.951
 856000.000    6.145  685.809
 856500.000    6.282  670.914
 857000.000    6.077  693.480
 857500.000    6.090  692.054
 858000.000    6.173  682.739
 858500.000    5.975  705.416
 859000.000    5.732  735.220
 859500.000    6.055  696.028
 860000.000    5.937  709.891
 860500.000    5.867  718.342
 861000.000    6.083  692.821
 861500.000    6.345  664.217
 862000.000    6.315  667.363
 862500.000    5.837  722.073
 863000.000    6.039  697.839
 863500.000    5.919  712.046
 864000.000    6.239  675.539
 864500.000    5.952  708.061
 865000.000    5.984  704.298
 865500.000    6.138  686.642
 866000.000    6.005  701.891
 866500.000    6.148  685.523
 867000.000    6.092  691.826
 867500.000    5.913  712.781
 868000.000    6.072  694.079
 868500.000    5.872  717.675
 869000.000    6.101  690.796
 869500.000    6.048  696.877
 870000.000    5.943  709.107
 870500.000    5.954  707.860
 871000.000    5.966  706.455
 871500.000    5.889  715.722
 872000.000    6.053  696.222
 872500.000    6.007  701.578
 873000.000    6.034  698.429
 873500.000    6.112  689.552
 874000.000    5.882  716.475
 874500.000    5.936  709.990
 875000.000    6.173  682.785
 875500.000    5.956  707.558
 876000.000    6.013  700.942
 876500.000    6.163  683.899
 877000.000    6.095  691.458
 877500.000    6.426  655.849
 878000.000    5.841  721.592
 878500.000    6.260  673.213
 879000.000    6.008  701.473
 879500.000    5.998  702.644
 880000.000    6.087  692.353
 880500.000    5.969  706.077
 881000.000    5.901  714.200
 881500.000    6.109  689.917
 882000.000    5.914  712.592
 882500.000    6.311  667.762
 883000.000    5.942  709.282
 883500.000    6.248  674.591
 884000.000    5.928  710.978
 884500.000    6.017  700.470
 885000.000    6.084  692.782
 885500.000    6.007  701.628
 886000.000    6.212  678.442
 886500.000    5.926  711.178
 887000.000    6.214  678.266
 887500.000    5.925  711.351
 888000.000    5.971  705.828
 888500.000    6.238  675.648
 889000.000    6.154  684.887
 889500.000    6.250  674.343
 890000.000    6.095  691.519
 890500.000    6.251  674.230
 891000.000    6.134  687.112
 891500.000    5.983  704.374
 892000.000    6.056  695.887
 892500.000    6.008  701.477
 893000.000    6.030  698.907
 893500.000    6.195  680.279
 894000.000    5.846  720.905
 894500.000    6.335  665.259
 895000.000    6.104  690.500
 895500.000    6.110  689.817
 896000.000    5.969  706.021
 896500.000    5.962  706.920
 897000.000    5.986  704.027
 897500.000    6.057  695.771
 898000.000    6.060  695.412
 898500.000    6.128  687.759
 899000.000    5.952  708.062
 899500.000    6.015  700.633
 900000.000    6.087  692.416
 900500.000    6.044  697.352
 901000.000    5.910  713.077
 901500.000    6.065  694.939
 902000.000    6.110  689.730
 902500.000    6.110  689.744
 903000.000    6.349  663.843
 903500.000    6.111  689.672
 904000.000    6.165  683.577
 904500.000    5.991  703.503
 905000.000    6.145  685.894
 905500.000    6.060  695.507
 906000.000    6.222  677.316
 906500.000    5.858  719.474
 907000.000    5.829  723.045
 907500.000    6.027  699.236
 908000.000    6.023  699.732
 908500.000    5.989  703.700
 909000.000    5.975  705.336
 909500.000    6.103  690.557
 910000.000    5.806  725.899
 910500.000    5.878  716.970
 911000.000    6.026  699.411
 911500.000    5.797  726.972
 912000.000    6.093  691.660
 912500.000    6.064  694.997
 913000.000    5.923  711.534
 913500.000    6.057  695.831
 914000.000    5.954  707.834
 914500.000    6.109  689.923
 915000.000    6.126  687.977
 915500.000    6.220  677.611
 916000.000    6.095  691.453
 916500.000    5.977  705.103
 917000.000    6.203  679.461
 917500.000    6.065  694.941
 918000.000    6.014  700.775
 918500.000    6.060  695.515
 919000.000    6.242  675.162
 919500.000    6.123  688.328
 920000.000    5.937  709.875
 920500.000    6.219  677.684
 921000.000    5.972  705.722
 921500.000    6.163  683.875
 922000.000    5.906  713.566
 922500.000    6.125  688.050
 923000.000    5.978  704.967
 923500.000    6.004  701.904
 924000.000    6.026  699.409
 924500.000    6.147  685.579
 925000.000    5.933  710.346
 925500.000    6.026  699.362
 926000.000    6.305  668.396
 926500.000    5.897  714.674
 927000.000    5.992  703.356
 927500.000    5.857  719.550
 928000.000    6.176  682.369
 928500.000    6.040  697.745
 929000.000    5.877  717.068
 929500.000    6.105  690.393
 930000.000    5.902  714.050
 930500.000    5.902  714.100
 931000.000    6.071  694.175
 931500.000    5.989  703.765
 932000.000    5.926  711.190
 932500.000    6.158  684.375
 933000.000    6.033  698.577
 933500.000    5.993  703.294
 934000.000    5.978  704.970
 934500.000    5.917  712.318
 935000.000    5.931  710.545
 935500.000    5.929  710.857
 936000.000    6.116  689.048
 936500.000    6.024  699.621
 937000.000    5.848  720.670
 937500.000    6.062  695.197
 938000.000    6.279  671.210
 938500.000    5.999  702.529
 939000.000    6.090  692.058
 939500.000    6.206  679.096
 940000.000    5.925  711.313
 940500.000    6.009  701.328
 941000.000    6.267  672.451
 941500.000    5.876  717.233
 942000.000    5.993  703.210
 942500.000    6.189  680.924
 943000.000    5.913  712.725
 943500.000    6.093  691.753
 944000.000    6.028  699.150
 944500.000    6.047  696.943
 945000.000    6.045  697.143
 945500.000    5.955  707.679
 946000.000    6.026  699.405
 946500.000    6.056  695.917
 947000.000    6.092  691.851
 947500.000    6.262  673.075
 948000.000    5.941  709.459
 948500.000    6.019  700.203
 949000.000    6.163  683.796
 949500.000    6.037  698.077
 950000.000    5.944  709.065
 950500.000    5.991  703.438
 951000.000    5.959  707.227
 951500.000    6.048  696.876
 952000.000    5.871  717.805
 952500.000    5.821  724.080
 953000.000    5.979  704.883
 953500.000    6.062  695.270
 954000.000    6.160  684.150
 954500.000    5.936  710.006
 955000.000    5.831  722.739
 955500.000    6.089  692.213
 956000.000    6.233  676.186
 956500.000    6.168  683.315
 957000.000    6.001  702.351
 957500.000    5.824  723.703
 958000.000    6.116  689.105
 958500.000    6.162  683.907
 959000.000    6.204  679.374
 959500.000    6.105  690.379
 960000.000    5.991  703.494
 960500.000    6.081  693.070
 961000.000    6.303  668.635
 961500.000    6.114  689.361
 962000.000    6.161  684.111
 962500.000    6.029  699.080
 963000.000    6.054  696.180
 963500.000    6.058  695.730
 964000.000    5.891  715.361
 964500.000    6.039  697.877
 965000.000    5.999  702.572
 965500.000    6.251  674.184
 966000.000    5.859  719.326
 966500.000    6.051  696.525
 967000.000    6.150  685.295
 967500.000    6.051  696.560
 968000.000    6.106  690.213
 968500.000    5.997  702.753
 969000.000    6.182  681.776
 969500.000    6.035  698.356
 970000.000    6.152  685.059
 970500.000    6.199  679.889
 971000.000    6.199  679.830
 971500.000    5.961  707.022
 972000.000    6.111  689.619
 972500.000    5.769  730.490
 973000.000    6.204  679.339
 973500.000    5.868  718.223
 974000.000    5.789  728.033
 974500.000    5.960  707.153
 975000.000    5.913  712.783
 975500.000    5.849  720.618
 976000.000    6.009  701.337
 976500.000    6.081  693.099
 977000.000    6.066  694.734
 977500.000    5.994  703.182
 978000.000    6.143  686.106
 978500.000    5.846  720.950
 979000.000    6.026  699.374
 979500.000    6.122  688.375
 980000.000    6.172  682.875
 980500.000    6.105  690.396
 981000.000    5.930  710.690
 981500.000    6.241  675.351
 982000.000    5.894  715.099
 982500.000    6.144  686.015
 983000.000    6.196  680.248
 983500.000    6.075  693.771
 984000.000    5.926  711.163
 984500.000    5.933  710.341
 985000.000    5.873  717.633
 985500.000    6.197  680.053
 986000.000    6.031  698.793
 986500.000    5.899  714.478
 987000.000    6.124  688.233
 987500.000    5.840  721.677
 988000.000    6.082  692.939
 988500.000    6.034  698.419
 989000.000    5.935  710.099
 989500.000    5.968  706.204
 990000.000    5.975  705.324
 990500.000    6.276  671.501
 991000.000    6.014  700.845
 991500.000    5.900  714.317
 992000.000    6.179  682.092
 992500.000    6.132  687.270
 993000.000    5.966  706.407
 993500.000    6.072  694.049
 994000.000    5.919  712.052
 994500.000    5.992  703.334
 995000.000    6.236  675.862
 995500.000    6.058  695.705
 996000.000    5.938  709.769
 996500.000    6.062  695.201
 997000.000    5.816  724.613
 997500.000    6.035  698.360
 998000.000    5.941  709.394
 998500.000    6.216  678.018
 999000.000    5.867  718.378
 999500.000    5.898  714.575
1000000.000    5.938  709.774
