 750000.000   -3.576
 750500.000    0.627
 751000.000   -1.058
 751500.000   -2.176
 752000.000    1.401
 752500.000   -1.303
 753000.000    0.636
 753500.000    2.459
 754000.000   -1.907
 754500.000    0.361
 755000.000   -1.112
 755500.000    0.374
 756000.000   -1.103
 756500.000   -4.004
 757000.000   -2.086
 757500.000   -0.860
 758000.000    0.611
 758500.000   -1.743
 759000.000   -1.291
 759500.000   -1.381
 760000.000   -2.167
 760500.000   -2.162
 761000.000   -0.499
 761500.000   -3.213
 762000.000   -4.166
 762500.000   -2.159
 763000.000    0.095
 763500.000   -1.138
 764000.000   -0.350
 764500.000   -0.160
 765000.000    0.008
 765500.000    0.171
 766000.000   -0.086
 766500.000   -0.604
 767000.000   -0.002
 767500.000    2.521
 768000.000   -3.482
 768500.000   -0.686
 769000.000   -0.336
 769500.000   -1.899
 770000.000   -1.997
 770500.000   -1.724
 771000.000   -0.680
 771500.000   -1.642
 772000.000   -1.381
 772500.000   -4.503
 773000.000   -1.907
 773500.000    0.427
 774000.000   -2.084
 774500.000   -1.577
 775000.000   -0.691
 775500.000   -3.896
 776000.000   -3.200
 776500.000   -1.901
 777000.000    1.925
 777500.000   -4.087
 778000.000   -2.169
 778500.000   -3.289
 779000.000    0.084
 779500.000   -1.209
 780000.000    0.649
 780500.000   -3.312
 781000.000    0.349
 781500.000   -0.955
 782000.000   -0.696
 782500.000   -3.120
 783000.000   -4.691
 783500.000   -1.470
 784000.000   -3.820
 784500.000    1.831
 785000.000   -1.050
 785500.000    0.617
 786000.000    0.954
 786500.000   -1.140
 787000.000    1.245
 787500.000    0.713
 788000.000   -3.030
 788500.000    0.901
 789000.000    0.615
 789500.000    2.624
 790000.000    2.003
 790500.000    1.305
 791000.000   -0.166
 791500.000   -3.642
 792000.000   -3.539
 792500.000    0.184
 793000.000   -0.065
 793500.000   -2.070
 794000.000   -2.506
 794500.000   -4.597
 795000.000   -1.108
 795500.000    0.093
 796000.000   -3.380
 796500.000   -3.221
 797000.000    0.191
 797500.000    0.280
 798000.000   -2.063
 798500.000   -0.946
 799000.000   -2.943
 799500.000    0.015
 800000.000   -0.338
 800500.000   -0.932
 801000.000   -0.416
 801500.000   -0.340
 802000.000   -2.343
 802500.000   -2.336
 803000.000   -2.602
 803500.000   -2.513
 804000.000   -2.858
 804500.000   -1.206
 805000.000   -3.463
 805500.000   -2.334
 806000.000   -4.696
 806500.000    0.890
 807000.000   -3.126
 807500.000   -1.053
 808000.000   -4.615
 808500.000    0.530
 809000.000    1.305
 809500.000   -0.070
 810000.000   -0.771
 810500.000    0.006
 811000.000    0.698
 811500.000   -2.176
 812000.000   -0.510
 812500.000   -0.349
 813000.000   -3.571
 813500.000   -1.564
 814000.000   -1.053
 814500.000   -1.117
 815000.000   -1.303
 815500.000   -2.606
 816000.000   -1.479
 816500.000   -4.166
 817000.000   -1.291
 817500.000   -0.703
 818000.000    0.168
 818500.000   -0.787
 819000.000    0.431
 819500.000   -1.057
 820000.000   -1.482
 820500.000   -0.011
 821000.000    3.731
 821500.000    0.161
 822000.000   -0.970
 822500.000   -2.194
 823000.000   -0.100
 823500.000    2.258
 824000.000    1.224
 824500.000   -2.615
 825000.000   -1.484
 825500.000   -2.448
 826000.000   -1.319
 826500.000   -0.265
 827000.000    1.658
 827500.000   -2.180
 828000.000    2.870
 828500.000   -3.303
 829000.000    1.195
 829500.000   -2.009
 830000.000   -1.743
 830500.000   -1.497
 831000.000   -3.491
 831500.000   -2.785
 832000.000   -0.281
 832500.000   -0.872
 833000.000    2.232
 833500.000   -0.096
 834000.000   -1.140
 834500.000    1.987
 835000.000   -0.357
 835500.000    0.698
 836000.000    1.215
 836500.000   -2.089
 837000.000   -1.220
 837500.000    0.343
 838000.000   -0.027
 838500.000    0.143
 839000.000    1.197
 839500.000    0.161
 840000.000    4.510
 840500.000   -0.872
 841000.000   -0.448
 841500.000   -1.053
 842000.000    0.415
 842500.000    3.291
 843000.000    1.362
 843500.000   -1.665
 844000.000   -1.573
 844500.000    0.610
 845000.000   -2.453
 845500.000   -1.754
 846000.000   -2.091
 846500.000   -2.167
 847000.000   -2.004
 847500.000   -2.625
 848000.000    1.470
 848500.000   -0.799
 849000.000   -0.185
 849500.000    1.467
 850000.000    1.137
 850500.000   -2.254
 851000.000    1.036
 851500.000   -4.797
 852000.000   -2.180
 852500.000   -1.754
 853000.000   -0.959
 853500.000    0.858
 854000.000    0.947
 854500.000   -1.227
 855000.000   -3.229
 855500.000   -2.441
 856000.000   -2.348
 856500.000   -1.651
 857000.000   -1.227
 857500.000   -0.530
 858000.000   -2.957
 858500.000   -2.270
 859000.000   -1.046
 859500.000   -2.604
 860000.000   -1.305
 860500.000   -1.559
 861000.000   -2.267
 861500.000    0.768
 862000.000    0.617
 862500.000   -2.251
 863000.000   -4.006
 863500.000   -1.211
 864000.000   -1.291
 864500.000   -2.190
 865000.000   -2.009
 865500.000    1.486
 866000.000   -1.577
 866500.000   -2.717
 867000.000   -2.352
 867500.000   -0.453
 868000.000    0.349
 868500.000   -0.957
 869000.000   -1.312
 869500.000    0.255
 870000.000    1.552
 870500.000   -1.999
 871000.000    0.170
 871500.000    0.168
 872000.000   -0.352
 872500.000   -1.033
 873000.000   -0.954
 873500.000    0.872
 874000.000   -2.629
 874500.000   -2.350
 875000.000    1.298
 875500.000    0.070
 876000.000   -0.609
 876500.000   -1.388
 877000.000    0.690
 877500.000    4.265
 878000.000   -1.649
 878500.000    2.957
 879000.000   -0.535
 879500.000    0.079
 880000.000    1.391
 880500.000    1.561
 881000.000   -0.712
 881500.000   -1.381
 882000.000    0.878
 882500.000    2.972
 883000.000   -0.082
 883500.000    1.215
 884000.000    2.178
 884500.000    1.726
 885000.000   -1.385
 885500.000    0.175
 886000.000    2.182
 886500.000    0.271
 887000.000   -0.696
 887500.000   -1.300
 888000.000   -0.164
 888500.000   -1.309
 889000.000   -1.323
 889500.000   -2.180
 890000.000   -0.341
 890500.000   -0.535
 891000.000   -2.263
 891500.000   -0.327
 892000.000   -0.526
 892500.000    0.370
 893000.000    1.220
 893500.000   -1.649
 894000.000    0.698
 894500.000    0.690
 895000.000   -0.867
 895500.000   -1.403
 896000.000    0.546
 896500.000   -0.971
 897000.000    0.351
 897500.000   -2.615
 898000.000   -0.961
 898500.000   -0.792
 899000.000    0.588
 899500.000   -1.553
 900000.000   -0.886
 900500.000    0.510
 901000.000   -1.491
 901500.000    0.244
 902000.000    1.041
 902500.000   -3.033
 903000.000   -0.537
 903500.000    0.952
 904000.000    2.005
 904500.000    1.398
 905000.000   -0.678
 905500.000   -0.794
 906000.000   -1.401
 906500.000   -0.270
 907000.000    3.907
 907500.000    1.820
 908000.000    3.293
 908500.000   -1.665
 909000.000   -0.451
 909500.000    1.380
 910000.000    0.595
 910500.000   -0.448
 911000.000   -3.319
 911500.000    1.302
 912000.000   -0.018
 912500.000   -0.082
 913000.000   -0.867
 913500.000    0.974
 914000.000    0.525
 914500.000    1.220
 915000.000    2.429
 915500.000   -0.874
 916000.000    0.177
 916500.000   -1.919
 917000.000   -0.258
 917500.000    1.121
 918000.000    0.335
 918500.000   -0.513
 919000.000   -1.039
 919500.000   -0.531
 920000.000   -0.441
 920500.000   -1.491
 921000.000   -1.754
 921500.000   -1.649
 922000.000    0.168
 922500.000    0.947
 923000.000   -1.493
 923500.000   -2.004
 924000.000   -2.006
 924500.000   -4.272
 925000.000   -3.229
 925500.000   -1.812
 926000.000   -3.131
 926500.000    1.570
 927000.000   -2.428
 927500.000   -1.653
 928000.000    1.312
 928500.000   -0.082
 929000.000   -1.580
 929500.000    0.619
 930000.000   -1.649
 930500.000   -1.470
 931000.000   -1.837
 931500.000   -1.287
 932000.000    3.208
 932500.000   -1.129
 933000.000   -1.060
 933500.000   -2.091
 934000.000    0.180
 934500.000   -1.392
 935000.000   -1.122
 935500.000   -2.781
 936000.000   -0.365
 936500.000   -0.281
 937000.000    2.186
 937500.000   -0.599
 938000.000   -2.000
 938500.000   -0.601
 939000.000   -1.380
 939500.000   -0.515
 940000.000   -0.088
 940500.000   -1.383
 941000.000   -2.249
 941500.000   -2.262
 942000.000   -1.214
 942500.000   -1.126
 943000.000    0.242
 943500.000   -2.027
 944000.000   -0.620
 944500.000    1.030
 945000.000   -1.035
 945500.000   -2.448
 946000.000    1.374
 946500.000   -0.104
 947000.000   -0.698
 947500.000    1.036
 948000.000   -2.627
 948500.000   -0.952
 949000.000   -2.203
 949500.000   -0.526
 950000.000    1.202
 950500.000   -2.072
 951000.000    0.163
 951500.000   -0.265
 952000.000   -0.856
 952500.000    0.090
 953000.000   -0.769
 953500.000    0.714
 954000.000   -0.948
 954500.000    2.785
 955000.000    0.092
 955500.000   -0.616
 956000.000   -1.300
 956500.000   -1.562
 957000.000    2.358
 957500.000   -2.524
 958000.000   -0.597
 958500.000   -0.176
 959000.000   -1.042
 959500.000   -2.169
 960000.000   -1.032
 960500.000   -0.160
 961000.000   -0.609
 961500.000   -2.680
 962000.000    1.046
 962500.000   -0.340
 963000.000   -1.560
 963500.000    1.660
 964000.000    0.612
 964500.000   -0.691
 965000.000    0.271
 965500.000    3.147
 966000.000    1.845
 966500.000    0.532
 967000.000   -0.437
 967500.000   -1.214
 968000.000   -0.343
 968500.000   -1.390
 969000.000    1.559
 969500.000    1.217
 970000.000    2.352
 970500.000   -0.849
 971000.000    0.702
 971500.000   -1.300
 972000.000   -0.957
 972500.000   -0.952
 973000.000    0.613
 973500.000    1.829
 974000.000   -0.425
 974500.000    2.356
 975000.000   -0.517
 975500.000    3.057
 976000.000   -2.425
 976500.000    0.965
 977000.000   -0.164
 977500.000   -0.084
 978000.000   -1.733
 978500.000   -4.158
 979000.000   -0.689
 979500.000   -0.146
 980000.000   -0.230
 980500.000   -0.425
 981000.000   -0.851
 981500.000   -1.990
 982000.000   -1.733
 982500.000   -1.225
 983000.000   -2.703
 983500.000   -1.915
 984000.000    0.271
 984500.000   -1.908
 985000.000   -1.915
 985500.000   -1.046
 986000.000    0.264
 986500.000   -2.781
 987000.000   -2.343
 987500.000    0.617
 988000.000   -2.602
 988500.000   -1.726
 989000.000   -4.002
 989500.000   -0.524
 990000.000    0.001
 990500.000   -2.345
 991000.000   -2.357
 991500.000   -1.935
 992000.000   -0.093
 992500.000   -1.133
 993000.000   -0.783
 993500.000   -1.736
 994000.000   -2.095
 994500.000   -2.167
 995000.000    0.269
 995500.000   -0.276
 996000.000   -1.821
 996500.000   -0.531
 997000.000    2.351
 997500.000   -0.086
 998000.000    0.702
 998500.000   -2.867
 999000.000   -1.564
 999500.000   -1.062
1000000.000   -2.160
