100.828 93.761 -235.7405
107.141 97.681 -245.7605
90.656 83.297 -217.0895
100.301 91.523 -234.4865
96.926 95.606 -234.8535
98.568 88.444 -224.1495
84.184 78.185 -202.356
91.642 83.692 -218.318
77.646 67.632 -190.6385
91.233 75.544 -214.169
78.293 74.509 -193.5975
83.722 80.544 -196.5185
87.171 74.941 -194.2665
84.33 79.925 -213.6875
89.669 80.248 -214.19
100.734 90.39 -237.249
83.606 89.607 -227.01
94.974 88.673 -225.385
102.887 88.102 -225.584
68.272 70.429 -156.2305
72.532 64.028 -158.355
77.299 72.194 -189.2245
78.184 75.159 -187.419
85.84 78.154 -193.265
80.587 76.491 -192.873
80.561 69.827 -173.997
78.359 67.546 -178.901
79.625 76.158 -184.4585
84.13 74.056 -184.4865
84.497 74.605 -190.664
83.975 83.04 -191.0975
78.986 72.497 -172.757
73.296 64.133 -169.2935
65.845 62.279 -158.2295
71.395 65.611 -157.539
67.833 60.845 -157.8645
68.958 60.723 -158.7145
65.983 56.97 -158.5905
65.69 63.271 -161.37
78.444 74.073 -186.7635
80.405 80.568 -194.783
82.394 85.559 -200.558
79.321 75.433 -175.4295
57.974 56.451 -138.114
73.297 76.381 -176.574
61.496 59.294 -147.663
74.514 71.318 -168.9015
70.809 70.118 -164.1555
74.701 71.461 -177.788
74.837 78.622 -178.343
75.43 74.514 -185.621
89.037 81.245 -196.065
83.999 73.704 -186.821
87.248 80.442 -201.4355
72.952 75.8 -181.319
86.481 79.903 -210.3455
96.41 92.829 -231.224
76.805 68.303 -175.3545
92.938 78.208 -209.0105
79.784 77.084 -191.86
88.922 92.345 -229.8825
74.845 75.401 -197.3825
81.624 79.5 -193.4155
94.988 89.811 -243.129
102.492 95.287 -243.724
101.18 94.491 -232.8565
106.212 103.314 -248.615
100.359 97.654 -250.652
105.529 90.62 -246.7675
102.303 95.031 -240.2635
112.22 101.841 -267.5045
107.242 99.158 -237.7425
99.603 96.146 -249.1095
95.918 102.504 -237.8845
108.038 109.542 -253.236
99.147 99.769 -246.8035
91.055 85.258 -217.296
77.756 77.08 -191.3365
80.399 78.041 -198.7415
99.624 93.887 -227.295
94.605 87.795 -213.0725
92.101 80.274 -196.196
103.408 99.063 -231.2675
94.497 87.912 -224.0335
89.51 89.968 -217.7155
97.435 92.042 -233.713
104.757 100.823 -241.4725
104.079 99.291 -244.2445
106.667 103.286 -250.126
101.557 94.301 -240.999
112.126 103.319 -252.1835
99.568 91.562 -233.1465
73.008 68.575 -172.326
87.964 75.844 -206.3725
86.725 78.219 -190.3445
79.505 73.652 -179.3665
90.897 79.557 -201.7505
97.366 99.434 -229.4945
90.198 90.103 -227.1895
93.445 87.327 -226.8085
100.809 98.121 -245.537
