BFII_nolipid
""
WAVELENGTH	FLUORESCENCE
300.0	68.84754943847656
300.5	74.37102508544922
301.0	80.5750961303711
301.5	86.06868743896484
302.0	93.9656982421875
302.5	103.2865219116211
303.0	112.04090881347656
303.5	122.30120849609375
304.0	131.9374237060547
304.5	143.08204650878906
305.0	155.82626342773438
305.5	165.7013702392578
306.0	179.2801971435547
306.5	189.9849090576172
307.0	204.6815185546875
307.5	216.2874755859375
308.0	232.1253662109375
308.5	247.6558380126953
309.0	262.1268310546875
309.5	279.0626525878906
310.0	294.3780822753906
310.5	310.5868835449219
311.0	328.650390625
311.5	346.113037109375
312.0	365.56634521484375
312.5	383.869384765625
313.0	404.97406005859375
313.5	423.9883728027344
314.0	445.8021240234375
314.5	469.4713439941406
315.0	487.8722839355469
315.5	512.49755859375
316.0	531.0843505859375
316.5	557.3854370117188
317.0	581.4908447265625
317.5	603.6947021484375
318.0	626.4197998046875
318.5	651.4173583984375
319.0	674.4810180664062
319.5	700.3901977539062
320.0	724.208984375
320.5	750.91748046875
321.0	780.4796142578125
321.5	802.6553955078125
322.0	832.4846801757812
322.5	855.360595703125
323.0	885.2127685546875
323.5	913.822998046875
324.0	939.9890747070312
324.5	966.319091796875
325.0	995.8104248046875
325.5	1022.5298461914062
326.0	1052.2127685546875
326.5	1079.132568359375
327.0	1108.75244140625
327.5	1140.5357666015625
328.0	1165.0035400390625
328.5	1197.391357421875
329.0	1221.252197265625
329.5	1252.492919921875
330.0	1278.1748046875
330.5	1306.1239013671875
331.0	1331.891357421875
331.5	1360.42138671875
332.0	1385.6104736328125
332.5	1412.859375
333.0	1441.5726318359375
333.5	1463.29345703125
334.0	1491.95166015625
334.5	1514.9381103515625
335.0	1539.9151611328125
335.5	1562.001708984375
336.0	1586.11669921875
336.5	1607.7489013671875
337.0	1631.028564453125
337.5	1654.771240234375
338.0	1673.3348388671875
338.5	1696.723876953125
339.0	1715.76611328125
339.5	1736.2259521484375
340.0	1753.9437255859375
340.5	1773.2222900390625
341.0	1790.48779296875
341.5	1808.581298828125
342.0	1826.974853515625
342.5	1840.46044921875
343.0	1856.5042724609375
343.5	1869.5137939453125
344.0	1883.7874755859375
344.5	1895.7215576171875
345.0	1908.556884765625
345.5	1919.515869140625
346.0	1931.1876220703125
346.5	1942.617431640625
347.0	1952.29833984375
347.5	1961.9561767578125
348.0	1970.796142578125
348.5	1980.24658203125
349.0	1986.8719482421875
349.5	1993.61083984375
350.0	1999.8604736328125
350.5	2005.3885498046875
351.0	2011.5224609375
351.5	2015.8780517578125
352.0	2020.9786376953125
352.5	2024.0946044921875
353.0	2027.394775390625
353.5	2029.3675537109375
354.0	2030.8697509765625
354.5	2031.7861328125
355.0	2032.67626953125
355.5	2033.2952880859375
356.0	2032.7183837890625
356.5	2031.7864990234375
357.0	2029.6434326171875
357.5	2027.7606201171875
358.0	2025.464599609375
358.5	2021.7530517578125
359.0	2018.1563720703125
359.5	2014.1937255859375
360.0	2010.325927734375
360.5	2005.7919921875
361.0	2001.534912109375
361.5	1995.9229736328125
362.0	1989.274169921875
362.5	1983.002197265625
363.0	1976.4208984375
363.5	1969.9581298828125
364.0	1961.5645751953125
364.5	1954.1414794921875
365.0	1944.033935546875
365.5	1934.9324951171875
366.0	1926.027099609375
366.5	1915.43896484375
367.0	1905.3780517578125
367.5	1893.421142578125
368.0	1882.3250732421875
368.5	1871.476806640625
369.0	1858.5316162109375
369.5	1846.1243896484375
370.0	1832.4427490234375
370.5	1819.6456298828125
371.0	1803.969970703125
371.5	1790.140625
372.0	1776.7191162109375
372.5	1761.4693603515625
373.0	1747.7327880859375
373.5	1730.164794921875
374.0	1714.370849609375
374.5	1699.70458984375
375.0	1683.7484130859375
375.5	1668.3494873046875
376.0	1649.8568115234375
376.5	1632.7879638671875
377.0	1617.1441650390625
377.5	1599.212158203125
378.0	1582.97412109375
378.5	1563.006103515625
379.0	1545.053955078125
379.5	1527.8612060546875
380.0	1510.0076904296875
380.5	1493.2685546875
381.0	1472.5367431640625
381.5	1453.7509765625
382.0	1436.80322265625
382.5	1417.6978759765625
383.0	1400.3607177734375
383.5	1379.6968994140625
384.0	1360.72314453125
384.5	1343.0325927734375
385.0	1324.542724609375
385.5	1306.9656982421875
386.0	1286.326171875
386.5	1267.7054443359375
387.0	1251.282958984375
387.5	1232.1500244140625
388.0	1215.173828125
388.5	1195.623046875
389.0	1177.26025390625
389.5	1160.64208984375
390.0	1140.467529296875
390.5	1125.490478515625
391.0	1105.8934326171875
391.5	1088.229248046875
392.0	1071.7412109375
392.5	1051.840576171875
393.0	1037.4385986328125
393.5	1018.4661254882812
394.0	1001.6529541015625
394.5	985.8793334960938
395.0	967.7611694335938
395.5	951.2758178710938
396.0	935.6114501953125
396.5	917.8134155273438
397.0	904.4998168945312
397.5	887.2632446289062
398.0	871.183349609375
398.5	857.2168579101562
399.0	840.6981201171875
399.5	825.6456909179688
400.0	812.2062377929688
400.5	798.812744140625
401.0	784.0746459960938
401.5	768.0632934570312
402.0	754.0520629882812
402.5	741.3776245117188
403.0	725.80029296875
403.5	711.8712158203125
404.0	700.0230102539062
404.5	687.6467895507812
405.0	674.5470581054688
405.5	660.5810546875
406.0	648.9304809570312
406.5	635.9555053710938
407.0	622.23583984375
407.5	610.5257568359375
408.0	599.6632080078125
408.5	586.6221313476562
409.0	576.7665405273438
409.5	563.952392578125
410.0	554.0877685546875
410.5	543.173095703125
411.0	530.8999633789062
411.5	521.3096923828125
412.0	510.7857666015625
412.5	499.27069091796875
413.0	489.0123596191406
413.5	479.8968811035156
414.0	469.6811218261719
414.5	461.9576721191406
415.0	451.475341796875
415.5	443.1175842285156
416.0	433.77069091796875
416.5	423.71307373046875
417.0	415.6524353027344
417.5	406.7126159667969
418.0	397.4126892089844
418.5	389.6179504394531
419.0	381.05419921875
419.5	372.3531799316406
420.0	364.7754821777344
420.5	357.7652893066406
421.0	349.34490966796875
421.5	342.86822509765625
422.0	334.6163330078125
422.5	326.9161376953125
423.0	321.0061340332031
423.5	313.7767639160156
424.0	307.55975341796875
424.5	301.0495910644531
425.0	294.03411865234375
425.5	288.3451843261719
426.0	282.0810241699219
426.5	275.6371765136719
427.0	270.13116455078125
427.5	264.0441589355469
428.0	257.82257080078125
428.5	252.95516967773438
429.0	247.18316650390625
429.5	241.22349548339844
430.0	236.40869140625
430.5	231.13389587402344
431.0	225.81703186035156
431.5	221.1403350830078
432.0	216.1728515625
432.5	211.20643615722656
433.0	206.87562561035156
433.5	202.179931640625
434.0	197.15744018554688
434.5	193.2189178466797
435.0	188.95114135742188
435.5	184.40243530273438
436.0	180.58155822753906
436.5	176.73526000976562
437.0	172.39964294433594
437.5	168.851806640625
438.0	164.82411193847656
438.5	160.9335479736328
439.0	157.8527069091797
439.5	154.3468780517578
440.0	150.3716583251953
440.5	147.3783721923828
441.0	144.05606079101562
441.5	140.4246826171875
442.0	137.67967224121094
442.5	134.47726440429688
443.0	131.1114044189453
443.5	128.4264678955078
444.0	125.31221008300781
444.5	122.4189224243164
445.0	119.38433074951172
445.5	116.81934356689453
446.0	114.04621124267578
446.5	111.26546478271484
447.0	108.91224670410156
447.5	106.32583618164062
448.0	103.68248748779297
448.5	101.49781036376953
449.0	99.1324462890625
449.5	96.5599365234375
450.0	94.58272552490234
