BFII_lipid
""
WAVELENGTH	FLUORESCENCE
300.0	177.51759338378906
300.5	186.4893035888672
301.0	196.51931762695312
301.5	205.7994842529297
302.0	219.93817138671875
302.5	235.89483642578125
303.0	250.83233642578125
303.5	267.7977294921875
304.0	283.9276428222656
304.5	302.2896423339844
305.0	322.994873046875
305.5	338.952880859375
306.0	360.7521667480469
306.5	377.51666259765625
307.0	400.8540954589844
307.5	418.57989501953125
308.0	442.5635986328125
308.5	464.8224792480469
309.0	485.468017578125
309.5	508.9004821777344
310.0	530.3046875
310.5	551.7258911132812
311.0	576.2380981445312
311.5	598.5422973632812
312.0	623.4982299804688
312.5	646.3290405273438
313.0	671.6707763671875
313.5	694.9915161132812
314.0	720.5968017578125
314.5	748.9901733398438
315.0	770.6286010742188
315.5	799.0741577148438
316.0	820.4585571289062
316.5	849.2463989257812
317.0	876.0264892578125
317.5	899.8750610351562
318.0	924.052001953125
318.5	950.1703491210938
319.0	974.4417724609375
319.5	1001.0071411132812
320.0	1025.240966796875
320.5	1051.891357421875
321.0	1081.5218505859375
321.5	1103.8756103515625
322.0	1133.0465087890625
322.5	1155.6322021484375
323.0	1185.02685546875
323.5	1211.5316162109375
324.0	1235.9254150390625
324.5	1259.9058837890625
325.0	1286.456298828125
325.5	1309.994140625
326.0	1336.26708984375
326.5	1360.0772705078125
327.0	1386.232177734375
327.5	1414.166748046875
328.0	1434.746826171875
328.5	1462.0849609375
329.0	1482.2843017578125
329.5	1508.4736328125
330.0	1530.2784423828125
330.5	1553.4876708984375
331.0	1574.830810546875
331.5	1597.9351806640625
332.0	1618.496826171875
332.5	1640.699951171875
333.0	1664.0662841796875
333.5	1681.3388671875
334.0	1703.923095703125
334.5	1722.0467529296875
335.0	1741.149658203125
335.5	1758.1683349609375
336.0	1776.4986572265625
336.5	1793.1597900390625
337.0	1809.71533203125
337.5	1827.6253662109375
338.0	1840.5675048828125
338.5	1857.4505615234375
339.0	1870.861083984375
339.5	1884.7509765625
340.0	1896.834228515625
340.5	1909.5399169921875
341.0	1920.6517333984375
341.5	1932.0692138671875
342.0	1943.673095703125
342.5	1952.3497314453125
343.0	1962.2730712890625
343.5	1970.643310546875
344.0	1978.638671875
344.5	1986.196044921875
345.0	1993.6629638671875
345.5	1998.97021484375
346.0	2004.9471435546875
346.5	2010.4202880859375
347.0	2014.387451171875
347.5	2018.6954345703125
348.0	2021.9771728515625
348.5	2025.0889892578125
349.0	2026.6356201171875
349.5	2028.145751953125
350.0	2028.70751953125
350.5	2029.1297607421875
351.0	2029.296142578125
351.5	2028.7337646484375
352.0	2027.4422607421875
352.5	2025.963623046875
353.0	2023.6422119140625
353.5	2021.884765625
354.0	2019.2022705078125
354.5	2015.477294921875
355.0	2012.394287109375
355.5	2008.4378662109375
356.0	2003.9287109375
356.5	1998.5240478515625
357.0	1992.27783203125
357.5	1986.5975341796875
358.0	1980.3060302734375
358.5	1972.17578125
359.0	1965.2550048828125
359.5	1957.781005859375
360.0	1950.8218994140625
360.5	1942.0377197265625
361.0	1934.7479248046875
361.5	1924.5313720703125
362.0	1915.2674560546875
362.5	1905.6495361328125
363.0	1894.88671875
363.5	1885.395751953125
364.0	1874.533203125
364.5	1864.665283203125
365.0	1852.16259765625
365.5	1839.4088134765625
366.0	1827.193115234375
366.5	1814.920654296875
367.0	1803.2989501953125
367.5	1789.1361083984375
368.0	1775.541748046875
368.5	1762.703857421875
369.0	1748.208251953125
369.5	1735.08984375
370.0	1720.1331787109375
370.5	1706.4818115234375
371.0	1689.9327392578125
371.5	1673.788330078125
372.0	1658.838623046875
372.5	1643.0213623046875
373.0	1628.31005859375
373.5	1610.542724609375
374.0	1593.6728515625
374.5	1578.732666015625
375.0	1561.6873779296875
375.5	1545.972900390625
376.0	1526.7232666015625
376.5	1509.3160400390625
377.0	1493.49365234375
377.5	1475.35498046875
378.0	1458.620849609375
378.5	1438.9722900390625
379.0	1420.1201171875
379.5	1403.922119140625
380.0	1385.3310546875
380.5	1368.8592529296875
381.0	1349.24072265625
381.5	1331.0479736328125
382.0	1314.368896484375
382.5	1296.261474609375
383.0	1279.2452392578125
383.5	1259.5380859375
384.0	1242.241943359375
384.5	1225.6854248046875
385.0	1207.2891845703125
385.5	1190.7449951171875
386.0	1170.7554931640625
386.5	1152.5489501953125
387.0	1136.5035400390625
387.5	1119.0987548828125
388.0	1103.2813720703125
388.5	1084.3116455078125
389.0	1066.9501953125
389.5	1051.3529052734375
390.0	1031.9229736328125
390.5	1017.74658203125
391.0	998.31787109375
391.5	981.359375
392.0	965.9818115234375
392.5	947.8524169921875
393.0	934.4871215820312
393.5	916.7713012695312
394.0	901.0921020507812
394.5	886.642578125
395.0	869.5651245117188
395.5	854.1809692382812
396.0	840.5185546875
396.5	823.8998413085938
397.0	811.6362915039062
397.5	795.7935180664062
398.0	781.501220703125
398.5	768.5452270507812
399.0	752.87060546875
399.5	738.7282104492188
400.0	726.1072387695312
400.5	713.8330688476562
401.0	700.545166015625
401.5	685.9254760742188
402.0	672.767333984375
402.5	661.2062377929688
403.0	647.547119140625
403.5	635.118896484375
404.0	623.8569946289062
404.5	612.7569580078125
405.0	600.5899658203125
405.5	587.32373046875
406.0	576.5736694335938
406.5	565.0289916992188
407.0	553.1614379882812
407.5	542.6751708984375
408.0	532.9136962890625
408.5	521.6249389648438
409.0	513.0599365234375
409.5	501.9735107421875
410.0	492.7906494140625
410.5	482.8053283691406
411.0	472.13348388671875
411.5	463.2199401855469
412.0	453.7868957519531
412.5	443.7430419921875
413.0	434.9237365722656
413.5	426.9607849121094
414.0	417.86297607421875
414.5	410.8657531738281
415.0	401.8495178222656
415.5	394.2261047363281
416.0	385.7204895019531
416.5	376.8265686035156
417.0	369.3967590332031
417.5	361.5889587402344
418.0	353.17657470703125
418.5	346.7168273925781
419.0	339.3410339355469
419.5	331.6829528808594
420.0	324.40869140625
420.5	318.18707275390625
421.0	310.83697509765625
421.5	305.55084228515625
422.0	298.2969665527344
422.5	291.22174072265625
423.0	286.04351806640625
423.5	279.48583984375
424.0	274.3060607910156
424.5	268.1328125
425.0	261.8108215332031
425.5	256.5853271484375
426.0	251.17405700683594
426.5	245.1774444580078
427.0	240.4686279296875
427.5	235.15484619140625
428.0	229.4840545654297
428.5	225.12973022460938
429.0	220.17079162597656
429.5	215.02560424804688
430.0	210.77029418945312
430.5	206.0966339111328
431.0	201.0290985107422
431.5	196.88040161132812
432.0	192.50106811523438
432.5	187.84913635253906
433.0	184.12939453125
433.5	180.15890502929688
434.0	175.97166442871094
434.5	172.70506286621094
435.0	168.9732208251953
435.5	165.06884765625
436.0	161.67417907714844
436.5	158.18223571777344
437.0	154.1459197998047
437.5	151.1692352294922
438.0	147.801513671875
438.5	144.3081512451172
439.0	141.3511199951172
439.5	138.39593505859375
440.0	135.13613891601562
440.5	132.4917449951172
441.0	129.5379180908203
441.5	126.1273422241211
442.0	123.49100494384766
442.5	120.6987533569336
443.0	117.84136962890625
443.5	115.41796875
444.0	112.7346420288086
444.5	110.17552185058594
445.0	107.63257598876953
445.5	105.29328155517578
446.0	102.82225036621094
446.5	100.37084197998047
447.0	98.30634307861328
447.5	96.01497650146484
448.0	93.7210464477539
448.5	91.87709045410156
449.0	89.8875961303711
449.5	87.57440948486328
450.0	85.75306701660156
