TRP_nolipid
""
WAVELENGTH	FLUORESCENCE
300.0	102.0640869140625
300.5	109.3433837890625
301.0	117.30377197265625
301.5	124.6313705444336
302.0	135.4476776123047
302.5	147.71742248535156
303.0	159.46592712402344
303.5	173.036865234375
304.0	186.12786865234375
304.5	201.08609008789062
305.0	218.45892333984375
305.5	231.70220947265625
306.0	249.9764862060547
306.5	264.4945983886719
307.0	284.7206726074219
307.5	300.29754638671875
308.0	321.3146057128906
308.5	341.6728515625
309.0	360.8888854980469
309.5	383.2240295410156
310.0	403.89044189453125
310.5	425.61737060546875
311.0	450.0169982910156
311.5	472.5012512207031
312.0	498.1609802246094
312.5	522.1143798828125
313.0	548.9424438476562
313.5	574.4133911132812
314.0	602.5825805664062
314.5	634.4469604492188
315.0	659.1334228515625
315.5	692.7317504882812
316.0	717.8515014648438
316.5	751.970947265625
317.0	784.2405395507812
317.5	814.0283813476562
318.0	843.562255859375
318.5	876.5263671875
319.0	907.3682250976562
319.5	941.1881103515625
320.0	972.5545654296875
320.5	1007.1978149414062
321.0	1045.977294921875
321.5	1075.1456298828125
322.0	1114.690673828125
322.5	1144.544677734375
323.0	1184.724853515625
323.5	1221.2183837890625
324.0	1255.1685791015625
324.5	1289.595703125
325.0	1327.7098388671875
325.5	1362.480224609375
326.0	1401.0272216796875
326.5	1435.849853515625
327.0	1474.421875
327.5	1515.95068359375
328.0	1547.5626220703125
328.5	1589.6497802734375
329.0	1620.3734130859375
329.5	1662.2044677734375
330.0	1696.066650390625
330.5	1733.044921875
331.0	1767.14453125
331.5	1803.7359619140625
332.0	1836.9368896484375
332.5	1872.6358642578125
333.0	1911.0050048828125
333.5	1939.0263671875
334.0	1976.947021484375
334.5	2007.8031005859375
335.0	2040.9859619140625
335.5	2070.4482421875
336.0	2103.474853515625
336.5	2131.27685546875
337.0	2161.794189453125
337.5	2195.244384765625
338.0	2219.51708984375
338.5	2251.0390625
339.0	2277.621337890625
339.5	2305.8203125
340.0	2329.50830078125
340.5	2354.841552734375
341.0	2377.847900390625
341.5	2403.465087890625
342.0	2429.448486328125
342.5	2448.221923828125
343.0	2471.79296875
343.5	2491.157958984375
344.0	2511.3251953125
344.5	2528.979736328125
345.0	2547.831298828125
345.5	2564.118896484375
346.0	2581.10302734375
346.5	2597.664306640625
347.0	2611.552001953125
347.5	2626.7529296875
348.0	2639.26025390625
348.5	2653.212646484375
349.0	2663.90673828125
349.5	2675.92333984375
350.0	2687.421875
350.5	2696.516845703125
351.0	2705.320556640625
351.5	2712.954345703125
352.0	2719.987060546875
352.5	2725.73779296875
353.0	2731.26318359375
353.5	2735.493896484375
354.0	2740.585693359375
354.5	2745.428466796875
355.0	2748.24365234375
355.5	2749.9150390625
356.0	2751.09765625
356.5	2752.05419921875
357.0	2751.718017578125
357.5	2751.491943359375
358.0	2750.740234375
358.5	2749.679931640625
359.0	2746.79296875
359.5	2743.622314453125
360.0	2740.385986328125
360.5	2736.1708984375
361.0	2732.1201171875
361.5	2725.224609375
362.0	2719.48388671875
362.5	2713.57080078125
363.0	2705.906005859375
363.5	2698.12158203125
364.0	2689.29248046875
364.5	2681.35546875
365.0	2670.0908203125
365.5	2658.5732421875
366.0	2648.5673828125
366.5	2636.66015625
367.0	2625.788330078125
367.5	2611.607421875
368.0	2597.4482421875
368.5	2584.37646484375
369.0	2570.311767578125
369.5	2556.016357421875
370.0	2540.775634765625
370.5	2526.2705078125
371.0	2508.1484375
371.5	2490.673828125
372.0	2473.6455078125
372.5	2455.128173828125
373.0	2437.629638671875
373.5	2416.599365234375
374.0	2396.925048828125
374.5	2378.168212890625
375.0	2357.08984375
375.5	2337.052490234375
376.0	2313.144775390625
376.5	2290.3310546875
377.0	2270.149169921875
377.5	2247.44384765625
378.0	2226.492919921875
378.5	2200.899169921875
379.0	2176.84619140625
379.5	2155.52294921875
380.0	2131.487548828125
380.5	2109.382568359375
381.0	2083.236328125
381.5	2058.681640625
382.0	2036.4039306640625
382.5	2011.6357421875
383.0	1988.9632568359375
383.5	1961.9454345703125
384.0	1936.5155029296875
384.5	1913.5054931640625
385.0	1888.240234375
385.5	1865.3984375
386.0	1837.68359375
386.5	1812.508056640625
387.0	1789.5421142578125
387.5	1764.4190673828125
388.0	1741.300048828125
388.5	1713.9425048828125
389.0	1689.4056396484375
389.5	1666.8743896484375
390.0	1640.2132568359375
390.5	1619.8382568359375
391.0	1594.0953369140625
391.5	1569.37744140625
392.0	1546.88232421875
392.5	1520.9493408203125
393.0	1501.1107177734375
393.5	1475.8294677734375
394.0	1452.743408203125
394.5	1432.1134033203125
395.0	1406.5255126953125
395.5	1383.7508544921875
396.0	1362.8687744140625
396.5	1337.832763671875
397.0	1320.1142578125
397.5	1295.959716796875
398.0	1273.8885498046875
398.5	1254.216796875
399.0	1230.9801025390625
399.5	1209.939697265625
400.0	1190.89013671875
400.5	1172.32177734375
401.0	1152.2774658203125
401.5	1131.044189453125
402.0	1110.503662109375
402.5	1092.3577880859375
403.0	1070.6029052734375
403.5	1051.5201416015625
404.0	1034.526611328125
404.5	1017.23876953125
405.0	998.690673828125
405.5	978.9076538085938
406.0	962.5972900390625
406.5	944.4508666992188
407.0	925.391357421875
407.5	908.1094970703125
408.0	892.3211669921875
408.5	873.9257202148438
409.0	860.0613403320312
409.5	842.2734985351562
410.0	827.6461791992188
410.5	811.8092041015625
411.0	794.7237548828125
411.5	781.0084228515625
412.0	765.8079223632812
412.5	749.5455932617188
413.0	735.0247192382812
413.5	722.1493530273438
414.0	706.8848876953125
414.5	695.0401611328125
415.0	680.3627319335938
415.5	668.277587890625
416.0	655.1179809570312
416.5	641.2232666015625
417.0	629.8582763671875
417.5	616.8867797851562
418.0	603.9426879882812
418.5	592.9467163085938
419.0	580.4588012695312
419.5	568.2676391601562
420.0	556.8179931640625
420.5	546.6632690429688
421.0	534.6109619140625
421.5	525.542724609375
422.0	513.6890258789062
422.5	502.0070495605469
423.0	493.40673828125
423.5	482.1705627441406
424.0	473.204345703125
424.5	463.6932067871094
425.0	452.88916015625
425.5	444.4920959472656
426.0	435.4337463378906
426.5	425.688720703125
427.0	417.5208435058594
427.5	408.6852111816406
428.0	399.5697937011719
428.5	392.0434265136719
429.0	383.5992736816406
429.5	374.94158935546875
430.0	367.6436767578125
430.5	359.8554382324219
431.0	351.3206481933594
431.5	344.5757141113281
432.0	337.41046142578125
432.5	329.261962890625
433.0	322.9071350097656
433.5	315.8639831542969
434.0	308.2101135253906
434.5	302.08636474609375
435.0	295.43682861328125
435.5	288.2099609375
436.0	282.444091796875
436.5	276.3800964355469
437.0	269.7287292480469
437.5	264.67486572265625
438.0	258.9007568359375
438.5	252.810546875
439.0	247.83827209472656
439.5	242.3306121826172
440.0	236.451171875
440.5	231.7012481689453
441.0	226.57302856445312
441.5	221.1087188720703
442.0	216.55007934570312
442.5	211.8636474609375
443.0	206.6823272705078
443.5	202.48179626464844
444.0	197.5876922607422
444.5	192.93572998046875
445.0	188.57540893554688
445.5	184.77093505859375
446.0	180.63980102539062
446.5	176.32125854492188
447.0	172.72349548339844
447.5	168.95216369628906
448.0	164.8282470703125
448.5	161.52032470703125
449.0	157.95704650878906
449.5	154.19650268554688
450.0	150.99392700195312
