      22    1.531    0.102
      23    1.999    0.121
      24    0.967    0.084
      25    0.695    0.097
      26    1.578    0.146
      27    1.509    0.153
      28    0.439    0.075
      29    1.136    0.139
      30    1.026    0.157
      31    1.664    0.182
      32    0.784    0.103
      33    0.745    0.127
      34    0.249    0.071
      35    1.222    0.164
      36    0.803    0.115
      37    1.122    0.156
      38    1.594    0.220
      39    1.375    0.178
      40    1.288    0.221
      41    1.806    0.235
      42    2.636    0.230
