 750000.000    1.490
 750500.000    1.820
 751000.000    0.356
 751500.000    2.263
 752000.000    3.140
 752500.000   -0.166
 753000.000   -1.050
 753500.000    4.615
 754000.000    3.147
 754500.000    3.232
 755000.000    1.048
 755500.000    0.521
 756000.000    2.620
 756500.000    2.020
 757000.000    0.076
 757500.000    2.262
 758000.000    3.051
 758500.000    2.111
 759000.000   -1.648
 759500.000    2.618
 760000.000    3.490
 760500.000    3.138
 761000.000   -0.173
 761500.000    2.008
 762000.000    1.495
 762500.000   -0.789
 763000.000    2.088
 763500.000    0.521
 764000.000   -0.083
 764500.000    3.745
 765000.000    2.709
 765500.000    0.452
 766000.000    3.500
 766500.000    3.481
 767000.000    2.693
 767500.000    3.241
 768000.000    0.434
 768500.000    4.185
 769000.000    0.349
 769500.000    0.704
 770000.000    7.135
 770500.000    2.620
 771000.000    5.662
 771500.000    1.656
 772000.000   -1.128
 772500.000    2.427
 773000.000    5.143
 773500.000    2.448
 774000.000    3.301
 774500.000    1.585
 775000.000    1.932
 775500.000    4.024
 776000.000    3.578
 776500.000    2.615
 777000.000    4.006
 777500.000    1.055
 778000.000    3.220
 778500.000   -0.943
 779000.000    1.750
 779500.000    1.401
 780000.000   -0.436
 780500.000    0.863
 781000.000   -1.291
 781500.000    0.874
 782000.000    3.294
 782500.000    2.968
 783000.000    1.577
 783500.000    0.783
 784000.000    3.747
 784500.000    0.086
 785000.000    2.448
 785500.000    3.655
 786000.000    3.749
 786500.000    0.947
 787000.000    4.537
 787500.000    0.973
 788000.000    0.872
 788500.000    1.046
 789000.000    3.648
 789500.000    1.142
 790000.000   -0.155
 790500.000    0.452
 791000.000    2.106
 791500.000    0.350
 792000.000    1.289
 792500.000   -0.177
 793000.000    1.555
 793500.000    2.354
 794000.000    2.082
 794500.000    3.834
 795000.000    2.079
 795500.000   -1.161
 796000.000    2.778
 796500.000    2.703
 797000.000    3.135
 797500.000    3.809
 798000.000    1.832
 798500.000   -1.490
 799000.000    0.704
 799500.000    1.649
 800000.000    0.961
 800500.000    0.251
 801000.000    0.691
 801500.000    5.736
 802000.000    4.164
 802500.000    3.908
 803000.000    0.876
 803500.000    1.557
 804000.000    2.510
 804500.000    2.599
 805000.000    0.439
 805500.000    3.041
 806000.000    2.088
 806500.000    0.351
 807000.000    1.648
 807500.000    0.343
 808000.000   -0.258
 808500.000    3.394
 809000.000    4.512
 809500.000    2.008
 810000.000    5.243
 810500.000    0.698
 811000.000    3.401
 811500.000   -0.950
 812000.000    2.090
 812500.000    2.434
 813000.000    2.977
 813500.000    1.300
 814000.000    2.267
 814500.000    2.095
 815000.000    0.964
 815500.000    2.530
 816000.000   -2.267
 816500.000    3.479
 817000.000    4.182
 817500.000    3.115
 818000.000    2.265
 818500.000    0.959
 819000.000    4.272
 819500.000    4.718
 820000.000    2.010
 820500.000    4.780
 821000.000    3.383
 821500.000    3.660
 822000.000   -0.182
 822500.000    4.459
 823000.000    1.646
 823500.000    7.575
 824000.000    0.956
 824500.000    1.822
 825000.000    1.199
 825500.000    3.043
 826000.000    2.088
 826500.000    2.606
 827000.000    2.863
 827500.000    1.921
 828000.000    4.439
 828500.000   -0.423
 829000.000    3.406
 829500.000    2.686
 830000.000    4.285
 830500.000    1.060
 831000.000    1.488
 831500.000    0.615
 832000.000    2.269
 832500.000    3.502
 833000.000    0.619
 833500.000    2.530
 834000.000    0.952
 834500.000    4.095
 835000.000    1.316
 835500.000    1.043
 836000.000    2.869
 836500.000    2.015
 837000.000    0.961
 837500.000    1.752
 838000.000    0.862
 838500.000    2.274
 839000.000    2.700
 839500.000    3.220
 840000.000    1.928
 840500.000    2.265
 841000.000    4.093
 841500.000    4.070
 842000.000   -0.090
 842500.000    2.856
 843000.000    2.006
 843500.000    4.615
 844000.000    1.988
 844500.000    2.253
 845000.000    2.611
 845500.000    2.086
 846000.000    1.639
 846500.000    0.963
 847000.000    0.943
 847500.000    1.117
 848000.000    0.604
 848500.000    4.356
 849000.000    2.258
 849500.000    0.510
 850000.000    1.032
 850500.000    2.086
 851000.000    0.782
 851500.000   -0.626
 852000.000    3.121
 852500.000    0.241
 853000.000    3.658
 853500.000    3.145
 854000.000    2.429
 854500.000    2.515
 855000.000    1.644
 855500.000    5.142
 856000.000    2.783
 856500.000    1.382
 857000.000   -0.247
 857500.000    1.649
 858000.000    4.620
 858500.000    1.206
 859000.000    2.255
 859500.000    1.837
 860000.000    0.004
 860500.000    1.930
 861000.000    4.618
 861500.000    1.128
 862000.000    0.856
 862500.000    1.625
 863000.000    0.152
 863500.000    3.027
 864000.000    2.427
 864500.000    2.340
 865000.000    4.249
 865500.000   -0.709
 866000.000    2.338
 866500.000    2.256
 867000.000    1.028
 867500.000   -0.540
 868000.000    3.289
 868500.000    1.816
 869000.000    3.820
 869500.000    2.938
 870000.000    3.562
 870500.000    4.691
 871000.000    0.010
 871500.000    0.166
 872000.000   -1.145
 872500.000    1.197
 873000.000    2.948
 873500.000   -0.446
 874000.000    1.999
 874500.000    3.555
 875000.000    4.858
 875500.000    3.816
 876000.000    1.557
 876500.000    0.253
 877000.000   -0.957
 877500.000    1.216
 878000.000    2.013
 878500.000    0.436
 879000.000    0.535
 879500.000    3.041
 880000.000    2.022
 880500.000    1.816
 881000.000    0.251
 881500.000    2.185
 882000.000    1.392
 882500.000    0.450
 883000.000    0.959
 883500.000    4.180
 884000.000    1.383
 884500.000    0.450
 885000.000    1.030
 885500.000   -1.390
 886000.000    0.185
 886500.000   -0.253
 887000.000    2.349
 887500.000    4.714
 888000.000   -1.555
 888500.000    2.102
 889000.000   -0.347
 889500.000    5.484
 890000.000    1.903
 890500.000   -1.067
 891000.000    2.698
 891500.000    3.999
 892000.000    2.004
 892500.000    3.825
 893000.000   -1.404
 893500.000    1.543
 894000.000    0.347
 894500.000    1.728
 895000.000    0.794
 895500.000   -1.035
 896000.000    0.448
 896500.000    3.231
 897000.000   -1.286
 897500.000    4.451
 898000.000    3.321
 898500.000   -0.851
 899000.000    1.055
 899500.000   -0.256
 900000.000    2.702
 900500.000    3.412
 901000.000    0.881
 901500.000    1.410
 902000.000    3.392
 902500.000    2.547
 903000.000    2.803
 903500.000    2.265
 904000.000   -0.265
 904500.000    0.620
 905000.000    0.773
 905500.000    1.211
 906000.000    5.394
 906500.000    4.622
 907000.000    3.651
 907500.000    4.349
 908000.000    3.225
 908500.000    1.740
 909000.000    2.107
 909500.000    3.225
 910000.000    2.528
 910500.000    0.862
 911000.000    2.249
 911500.000    2.413
 912000.000    1.115
 912500.000    1.657
 913000.000   -0.265
 913500.000    5.841
 914000.000    1.724
 914500.000    1.641
 915000.000    3.481
 915500.000    0.088
 916000.000    1.030
 916500.000    2.856
 917000.000    3.208
 917500.000    2.608
 918000.000    0.508
 918500.000   -0.278
 919000.000   -0.428
 919500.000    2.095
 920000.000    1.032
 920500.000    3.575
 921000.000    2.872
 921500.000    2.622
 922000.000    0.271
 922500.000    2.806
 923000.000    4.613
 923500.000    2.267
 924000.000    2.798
 924500.000    3.224
 925000.000    6.347
 925500.000    3.291
 926000.000   -0.436
 926500.000    1.209
 927000.000    3.568
 927500.000   -0.526
 928000.000    1.562
 928500.000    2.780
 929000.000    1.390
 929500.000    3.216
 930000.000    2.954
 930500.000    4.599
 931000.000    3.640
 931500.000    0.317
 932000.000    1.032
 932500.000    2.698
 933000.000    3.213
 933500.000    2.869
 934000.000    2.602
 934500.000    2.084
 935000.000    2.530
 935500.000    5.040
 936000.000    4.418
 936500.000    0.865
 937000.000    0.677
 937500.000    3.293
 938000.000    2.084
 938500.000    0.711
 939000.000    3.222
 939500.000    1.392
 940000.000    1.751
 940500.000    2.948
 941000.000    2.968
 941500.000    2.524
 942000.000    3.035
 942500.000    2.862
 943000.000    3.917
 943500.000    2.602
 944000.000    2.618
 944500.000    0.794
 945000.000    0.526
 945500.000    3.371
 946000.000    1.303
 946500.000    3.995
 947000.000   -0.095
 947500.000    1.039
 948000.000   -0.448
 948500.000    2.157
 949000.000    3.557
 949500.000    4.352
 950000.000    4.164
 950500.000    2.595
 951000.000    4.689
 951500.000   -0.707
 952000.000   -0.436
 952500.000    2.066
 953000.000    0.155
 953500.000    1.107
 954000.000    2.608
 954500.000    4.357
 955000.000    3.037
 955500.000    1.312
 956000.000    5.413
 956500.000    5.493
 957000.000    2.530
 957500.000    0.766
 958000.000    2.271
 958500.000    4.517
 959000.000    1.036
 959500.000    3.648
 960000.000    2.940
 960500.000    3.552
 961000.000    0.438
 961500.000    3.119
 962000.000    0.762
 962500.000    2.067
 963000.000    0.860
 963500.000    1.298
 964000.000    4.512
 964500.000    2.012
 965000.000    2.613
 965500.000    0.530
 966000.000   -0.968
 966500.000    2.265
 967000.000    0.084
 967500.000    4.082
 968000.000   -0.090
 968500.000   -0.097
 969000.000    3.390
 969500.000   -2.006
 970000.000    1.224
 970500.000    2.608
 971000.000    3.907
 971500.000    5.733
 972000.000    5.033
 972500.000    2.345
 973000.000    2.867
 973500.000    2.432
 974000.000    4.941
 974500.000    3.992
 975000.000    2.956
 975500.000    3.387
 976000.000    1.813
 976500.000   -2.262
 977000.000    2.002
 977500.000    4.693
 978000.000    3.834
 978500.000    1.827
 979000.000    0.691
 979500.000    3.218
 980000.000    1.048
 980500.000    1.296
 981000.000    2.434
 981500.000    2.090
 982000.000    2.271
 982500.000    1.289
 983000.000    3.215
 983500.000    1.815
 984000.000    5.988
 984500.000   -0.627
 985000.000    3.566
 985500.000    3.037
 986000.000    4.084
 986500.000    4.081
 987000.000    3.720
 987500.000    1.110
 988000.000    3.484
 988500.000    2.762
 989000.000    3.568
 989500.000    2.947
 990000.000    1.041
 990500.000    2.068
 991000.000   -1.234
 991500.000    0.517
 992000.000    2.787
 992500.000   -0.279
 993000.000    2.860
 993500.000    4.600
 994000.000    5.131
 994500.000    5.562
 995000.000    1.206
 995500.000    1.570
 996000.000    3.637
 996500.000    3.394
 997000.000    2.152
 997500.000    2.785
 998000.000    6.595
 998500.000    2.760
 999000.000   -0.345
 999500.000    4.959
1000000.000    3.312
