 750000.000   -2.100
 750500.000   -1.914
 751000.000   -0.436
 751500.000    4.003
 752000.000   -1.234
 752500.000   -2.182
 753000.000   -1.742
 753500.000    2.688
 754000.000   -2.363
 754500.000   -0.879
 755000.000    3.037
 755500.000   -0.798
 756000.000   -2.256
 756500.000   -0.255
 757000.000   -2.343
 757500.000   -0.343
 758000.000   -0.961
 758500.000   -0.956
 759000.000   -0.879
 759500.000    2.700
 760000.000    0.354
 760500.000    0.780
 761000.000    0.258
 761500.000    0.088
 762000.000    1.660
 762500.000    3.140
 763000.000    1.976
 763500.000    0.704
 764000.000    1.133
 764500.000    0.517
 765000.000   -2.875
 765500.000    0.956
 766000.000    0.171
 766500.000    0.624
 767000.000    0.340
 767500.000   -1.816
 768000.000    1.589
 768500.000    2.164
 769000.000    0.414
 769500.000    0.878
 770000.000    1.057
 770500.000    0.329
 771000.000    0.241
 771500.000   -1.144
 772000.000   -0.177
 772500.000   -0.436
 773000.000   -0.515
 773500.000    1.039
 774000.000   -2.526
 774500.000   -1.227
 775000.000    0.345
 775500.000   -1.387
 776000.000   -0.265
 776500.000   -0.446
 777000.000    1.831
 777500.000    0.187
 778000.000   -0.178
 778500.000    4.542
 779000.000   -1.490
 779500.000   -1.394
 780000.000    0.265
 780500.000   -3.475
 781000.000   -1.468
 781500.000   -1.923
 782000.000    0.966
 782500.000   -2.448
 783000.000   -1.648
 783500.000   -1.300
 784000.000   -1.378
 784500.000    0.854
 785000.000    2.349
 785500.000   -2.517
 786000.000    0.862
 786500.000   -0.959
 787000.000   -1.651
 787500.000    0.338
 788000.000   -0.184
 788500.000    0.269
 789000.000    0.959
 789500.000   -1.124
 790000.000   -0.343
 790500.000   -0.180
 791000.000    0.365
 791500.000   -1.119
 792000.000   -0.444
 792500.000   -0.001
 793000.000   -0.966
 793500.000   -3.218
 794000.000    1.115
 794500.000   -2.262
 795000.000    0.606
 795500.000    0.505
 796000.000    0.253
 796500.000   -0.350
 797000.000   -0.354
 797500.000    2.326
 798000.000    1.541
 798500.000   -1.307
 799000.000    0.693
 799500.000    0.354
 800000.000    0.519
 800500.000    1.303
 801000.000    0.237
 801500.000    0.785
 802000.000    1.293
 802500.000    0.517
 803000.000    0.604
 803500.000   -1.843
 804000.000    0.340
 804500.000    0.262
 805000.000    0.872
 805500.000    4.095
 806000.000    2.885
 806500.000   -0.892
 807000.000   -0.439
 807500.000    1.296
 808000.000    0.789
 808500.000    0.964
 809000.000   -0.436
 809500.000    1.114
 810000.000    2.526
 810500.000   -0.517
 811000.000    0.173
 811500.000   -0.869
 812000.000   -0.963
 812500.000   -1.309
 813000.000    1.378
 813500.000   -0.785
 814000.000    3.032
 814500.000    0.776
 815000.000    1.121
 815500.000    0.074
 816000.000    1.797
 816500.000    1.728
 817000.000   -0.803
 817500.000    0.496
 818000.000    1.832
 818500.000    1.389
 819000.000   -1.323
 819500.000   -0.709
 820000.000   -0.272
 820500.000    1.901
 821000.000    0.858
 821500.000    1.559
 822000.000    1.742
 822500.000    1.816
 823000.000    1.546
 823500.000    0.945
 824000.000    0.947
 824500.000    0.066
 825000.000    3.452
 825500.000    0.336
 826000.000    2.590
 826500.000   -0.524
 827000.000    2.270
 827500.000    2.003
 828000.000   -0.885
 828500.000    2.876
 829000.000    3.035
 829500.000    0.180
 830000.000   -0.271
 830500.000    1.383
 831000.000    2.357
 831500.000   -0.189
 832000.000    0.775
 832500.000   -0.961
 833000.000    0.968
 833500.000    1.735
 834000.000   -1.578
 834500.000    1.995
 835000.000   -0.350
 835500.000   -2.698
 836000.000   -1.222
 836500.000   -1.229
 837000.000    0.074
 837500.000    0.599
 838000.000   -0.608
 838500.000    3.827
 839000.000   -0.258
 839500.000   -0.789
 840000.000    2.081
 840500.000    1.124
 841000.000    0.869
 841500.000   -2.003
 842000.000    0.077
 842500.000   -1.816
 843000.000   -0.957
 843500.000    2.780
 844000.000    0.246
 844500.000    1.382
 845000.000   -1.745
 845500.000    1.310
 846000.000    0.956
 846500.000   -2.253
 847000.000   -0.441
 847500.000   -0.601
 848000.000    0.602
 848500.000    2.703
 849000.000    2.088
 849500.000   -0.523
 850000.000   -0.004
 850500.000   -1.740
 851000.000    0.159
 851500.000    1.034
 852000.000    0.856
 852500.000    0.698
 853000.000    1.390
 853500.000    4.356
 854000.000   -0.161
 854500.000    1.195
 855000.000    0.510
 855500.000    3.486
 856000.000   -0.626
 856500.000   -1.048
 857000.000   -1.568
 857500.000    0.595
 858000.000    2.445
 858500.000   -0.964
 859000.000   -0.097
 859500.000   -1.133
 860000.000    2.349
 860500.000   -0.526
 861000.000   -3.312
 861500.000    1.562
 862000.000   -2.184
 862500.000   -0.867
 863000.000   -0.704
 863500.000    0.856
 864000.000   -1.220
 864500.000    1.832
 865000.000   -1.062
 865500.000   -0.629
 866000.000    0.867
 866500.000   -0.427
 867000.000   -1.300
 867500.000    0.611
 868000.000   -0.966
 868500.000   -2.187
 869000.000    0.586
 869500.000    0.526
 870000.000   -4.104
 870500.000   -3.309
 871000.000   -0.276
 871500.000   -2.459
 872000.000   -3.058
 872500.000   -3.663
 873000.000   -1.051
 873500.000   -2.524
 874000.000   -1.238
 874500.000   -2.105
 875000.000   -2.272
 875500.000   -1.307
 876000.000   -2.102
 876500.000   -2.018
 877000.000   -2.077
 877500.000   -2.350
 878000.000   -1.903
 878500.000   -0.264
 879000.000   -0.434
 879500.000   -1.578
 880000.000   -2.279
 880500.000   -4.010
 881000.000   -0.707
 881500.000   -1.133
 882000.000   -4.025
 882500.000   -1.838
 883000.000   -4.707
 883500.000   -2.528
 884000.000   -4.098
 884500.000   -4.547
 885000.000   -5.239
 885500.000   -2.178
 886000.000   -0.883
 886500.000   -1.923
 887000.000   -3.295
 887500.000   -1.577
 888000.000   -2.789
 888500.000   -2.524
 889000.000   -0.262
 889500.000   -1.050
 890000.000   -2.169
 890500.000    0.441
 891000.000   -0.693
 891500.000    1.493
 892000.000   -1.044
 892500.000   -1.649
 893000.000    0.077
 893500.000   -1.479
 894000.000   -5.670
 894500.000   -1.754
 895000.000    1.039
 895500.000   -4.900
 896000.000   -1.319
 896500.000   -3.156
 897000.000   -2.361
 897500.000   -2.258
 898000.000   -2.363
 898500.000   -4.361
 899000.000   -4.187
 899500.000   -0.354
 900000.000   -1.841
 900500.000   -2.437
 901000.000   -2.609
 901500.000   -1.575
 902000.000   -2.547
 902500.000   -3.660
 903000.000   -0.519
 903500.000   -1.653
 904000.000   -1.059
 904500.000   -4.265
 905000.000   -3.660
 905500.000   -4.013
 906000.000    0.768
 906500.000   -0.787
 907000.000   -4.102
 907500.000   -1.830
 908000.000   -0.966
 908500.000   -2.439
 909000.000   -1.946
 909500.000   -2.359
 910000.000   -3.924
 910500.000   -1.229
 911000.000   -3.053
 911500.000   -1.683
 912000.000   -3.850
 912500.000   -2.633
 913000.000   -3.323
 913500.000   -2.276
 914000.000   -0.702
 914500.000   -2.006
 915000.000   -2.625
 915500.000   -2.881
 916000.000   -3.578
 916500.000   -0.893
 917000.000   -0.890
 917500.000   -1.319
 918000.000   -0.521
 918500.000   -2.350
 919000.000   -3.392
 919500.000    2.022
 920000.000   -2.448
 920500.000   -1.759
 921000.000   -3.671
 921500.000   -3.577
 922000.000   -0.618
 922500.000   -1.570
 923000.000   -3.065
 923500.000   -1.738
 924000.000   -1.145
 924500.000   -3.138
 925000.000   -2.632
 925500.000   -0.961
 926000.000    1.896
 926500.000   -2.698
 927000.000   -2.180
 927500.000   -1.495
 928000.000   -0.452
 928500.000   -0.180
 929000.000   -2.185
 929500.000    0.519
 930000.000   -0.274
 930500.000   -3.825
 931000.000    1.557
 931500.000   -0.003
 932000.000    0.162
 932500.000   -0.798
 933000.000    0.256
 933500.000    0.429
 934000.000    1.477
 934500.000   -0.883
 935000.000    0.689
 935500.000   -1.332
 936000.000    2.515
 936500.000    0.689
 937000.000    1.119
 937500.000    0.961
 938000.000    1.128
 938500.000    2.613
 939000.000    2.434
 939500.000    1.296
 940000.000   -1.995
 940500.000   -3.305
 941000.000   -0.272
 941500.000   -0.349
 942000.000   -0.613
 942500.000    1.573
 943000.000   -1.408
 943500.000   -0.695
 944000.000    0.084
 944500.000    3.390
 945000.000    2.263
 945500.000   -0.251
 946000.000   -0.267
 946500.000   -1.490
 947000.000    0.764
 947500.000    1.131
 948000.000    0.601
 948500.000   -0.100
 949000.000   -1.759
 949500.000   -0.372
 950000.000    1.401
 950500.000    1.900
 951000.000   -0.439
 951500.000    0.501
 952000.000    0.077
 952500.000   -0.517
 953000.000   -0.015
 953500.000    1.632
 954000.000    0.340
 954500.000   -1.224
 955000.000   -0.446
 955500.000    3.557
 956000.000   -2.279
 956500.000    2.251
 957000.000    0.198
 957500.000    0.072
 958000.000   -0.602
 958500.000    1.641
 959000.000   -1.225
 959500.000   -1.486
 960000.000   -0.365
 960500.000   -0.020
 961000.000    0.688
 961500.000    2.173
 962000.000   -0.003
 962500.000    0.084
 963000.000    0.001
 963500.000   -0.870
 964000.000   -1.655
 964500.000   -2.870
 965000.000   -0.189
 965500.000   -0.783
 966000.000   -1.053
 966500.000   -0.881
 967000.000   -1.227
 967500.000   -0.624
 968000.000    1.034
 968500.000    1.990
 969000.000    1.563
 969500.000    1.912
 970000.000    2.606
 970500.000    0.340
 971000.000   -0.872
 971500.000    1.818
 972000.000   -0.450
 972500.000    0.155
 973000.000   -0.448
 973500.000    1.298
 974000.000    0.941
 974500.000    0.851
 975000.000    0.427
 975500.000    0.862
 976000.000    4.710
 976500.000    4.526
 977000.000    0.152
 977500.000    3.484
 978000.000   -4.698
 978500.000   -2.088
 979000.000   -0.015
 979500.000    1.037
 980000.000   -1.821
 980500.000    0.001
 981000.000   -0.615
 981500.000    1.030
 982000.000   -1.397
 982500.000   -1.924
 983000.000    1.053
 983500.000    1.653
 984000.000   -1.397
 984500.000    1.917
 985000.000   -0.877
 985500.000   -1.568
 986000.000   -0.269
 986500.000    1.653
 987000.000    0.013
 987500.000   -0.350
 988000.000    1.914
 988500.000   -0.888
 989000.000    3.048
 989500.000    0.604
 990000.000    1.644
 990500.000   -0.178
 991000.000   -1.577
 991500.000   -0.276
 992000.000    1.470
 992500.000   -0.182
 993000.000   -1.844
 993500.000    2.523
 994000.000    1.733
 994500.000   -0.364
 995000.000    0.077
 995500.000    0.434
 996000.000    1.465
 996500.000    0.876
 997000.000    1.649
 997500.000    0.343
 998000.000    1.044
 998500.000   -1.144
 999000.000   -1.218
 999500.000   -0.523
1000000.000    1.394
