 750000.000    2.698
 750500.000    2.949
 751000.000    6.166
 751500.000    4.336
 752000.000    6.350
 752500.000    0.523
 753000.000    3.218
 753500.000    3.532
 754000.000    3.745
 754500.000    3.200
 755000.000    2.084
 755500.000    1.468
 756000.000    1.305
 756500.000    4.501
 757000.000    3.202
 757500.000    4.436
 758000.000    5.298
 758500.000    1.291
 759000.000    2.251
 759500.000    0.523
 760000.000    3.050
 760500.000    2.597
 761000.000    4.959
 761500.000    1.726
 762000.000    3.208
 762500.000    2.595
 763000.000    1.729
 763500.000    1.369
 764000.000    3.208
 764500.000    5.113
 765000.000    3.547
 765500.000    1.717
 766000.000    4.778
 766500.000    2.936
 767000.000    1.206
 767500.000    2.079
 768000.000    1.213
 768500.000   -0.723
 769000.000   -0.207
 769500.000    1.635
 770000.000    1.568
 770500.000   -0.354
 771000.000   -0.796
 771500.000    0.255
 772000.000    0.001
 772500.000    1.396
 773000.000    4.606
 773500.000    0.159
 774000.000   -0.029
 774500.000    1.025
 775000.000    1.390
 775500.000    2.003
 776000.000    2.684
 776500.000    0.422
 777000.000    2.856
 777500.000    3.287
 778000.000    1.195
 778500.000   -0.806
 779000.000    3.113
 779500.000    2.070
 780000.000    1.900
 780500.000    2.702
 781000.000    2.255
 781500.000    1.123
 782000.000    2.775
 782500.000    3.302
 783000.000    4.515
 783500.000    2.448
 784000.000    1.025
 784500.000    3.192
 785000.000   -1.058
 785500.000    1.115
 786000.000    2.526
 786500.000    3.903
 787000.000    1.823
 787500.000    1.291
 788000.000    1.121
 788500.000    0.177
 789000.000    0.927
 789500.000    2.067
 790000.000    1.112
 790500.000    2.168
 791000.000   -1.227
 791500.000   -1.241
 792000.000    1.742
 792500.000   -0.018
 793000.000   -0.555
 793500.000    1.190
 794000.000    0.430
 794500.000    0.585
 795000.000   -0.446
 795500.000   -0.522
 796000.000   -0.457
 796500.000    0.844
 797000.000    0.684
 797500.000    0.945
 798000.000    1.206
 798500.000    0.601
 799000.000    1.548
 799500.000   -0.361
 800000.000   -0.361
 800500.000   -0.107
 801000.000    0.681
 801500.000    0.336
 802000.000    0.075
 802500.000    3.027
 803000.000   -0.017
 803500.000   -0.524
 804000.000    2.505
 804500.000    0.950
 805000.000    2.941
 805500.000    4.586
 806000.000    1.903
 806500.000    1.458
 807000.000    1.555
 807500.000    1.722
 808000.000    2.517
 808500.000    3.736
 809000.000    1.737
 809500.000    3.909
 810000.000    2.003
 810500.000    4.239
 811000.000    3.215
 811500.000    1.218
 812000.000    3.456
 812500.000    1.309
 813000.000    3.392
 813500.000    4.336
 814000.000    0.432
 814500.000    0.741
 815000.000    4.248
 815500.000    5.477
 816000.000    1.997
 816500.000    1.389
 817000.000    1.476
 817500.000    3.825
 818000.000    1.380
 818500.000   -0.450
 819000.000    0.862
 819500.000    1.119
 820000.000    0.940
 820500.000    0.766
 821000.000    2.865
 821500.000   -0.249
 822000.000    0.959
 822500.000    0.878
 823000.000   -1.234
 823500.000   -0.279
 824000.000    0.867
 824500.000   -0.256
 825000.000    1.747
 825500.000    2.615
 826000.000    1.824
 826500.000    1.296
 827000.000    3.387
 827500.000    0.780
 828000.000    1.997
 828500.000    1.211
 829000.000    3.561
 829500.000    1.626
 830000.000    2.438
 830500.000    0.271
 831000.000    1.227
 831500.000   -1.389
 832000.000   -0.435
 832500.000   -1.825
 833000.000    1.330
 833500.000    2.246
 834000.000    2.264
 834500.000   -1.062
 835000.000    0.872
 835500.000    2.090
 836000.000    0.865
 836500.000    0.686
 837000.000   -0.097
 837500.000   -0.602
 838000.000   -0.874
 838500.000    0.336
 839000.000    1.742
 839500.000    0.874
 840000.000   -1.305
 840500.000    1.451
 841000.000    0.175
 841500.000    2.418
 842000.000    1.472
 842500.000   -0.084
 843000.000    0.704
 843500.000    0.354
 844000.000    1.039
 844500.000    0.070
 845000.000   -1.207
 845500.000    1.642
 846000.000   -0.343
 846500.000    2.700
 847000.000    2.352
 847500.000    1.224
 848000.000   -1.044
 848500.000   -0.538
 849000.000    0.530
 849500.000   -0.004
 850000.000    1.898
 850500.000    4.954
 851000.000    1.399
 851500.000    2.530
 852000.000    2.164
 852500.000    1.472
 853000.000    1.738
 853500.000   -0.168
 854000.000   -0.343
 854500.000   -0.780
 855000.000    0.092
 855500.000   -0.436
 856000.000    0.697
 856500.000    2.093
 857000.000    0.954
 857500.000   -2.519
 858000.000    0.782
 858500.000   -3.220
 859000.000   -2.526
 859500.000    0.959
 860000.000    2.272
 860500.000   -0.762
 861000.000   -1.467
 861500.000    1.646
 862000.000   -1.234
 862500.000    1.123
 863000.000    3.396
 863500.000    0.782
 864000.000    0.535
 864500.000    2.437
 865000.000    1.847
 865500.000    1.669
 866000.000   -1.990
 866500.000    0.608
 867000.000    0.273
 867500.000    0.530
 868000.000    2.004
 868500.000   -0.168
 869000.000   -0.001
 869500.000   -0.075
 870000.000    1.311
 870500.000    4.957
 871000.000    2.423
 871500.000    0.267
 872000.000    0.517
 872500.000    0.876
 873000.000    1.818
 873500.000   -0.526
 874000.000   -0.606
 874500.000    1.564
 875000.000    1.999
 875500.000   -2.340
 876000.000   -0.176
 876500.000    0.441
 877000.000   -0.538
 877500.000    0.182
 878000.000    1.827
 878500.000    0.345
 879000.000    1.836
 879500.000    1.564
 880000.000    0.693
 880500.000    0.159
 881000.000    0.097
 881500.000    1.566
 882000.000    1.225
 882500.000   -2.002
 883000.000    1.149
 883500.000   -0.004
 884000.000    1.484
 884500.000   -1.032
 885000.000    1.760
 885500.000   -1.553
 886000.000    0.434
 886500.000   -2.425
 887000.000   -1.215
 887500.000    0.540
 888000.000    0.526
 888500.000    1.502
 889000.000    0.186
 889500.000   -0.938
 890000.000    1.380
 890500.000    1.980
 891000.000    0.069
 891500.000    1.905
 892000.000    0.439
 892500.000   -0.098
 893000.000   -0.340
 893500.000   -0.349
 894000.000    0.957
 894500.000   -0.521
 895000.000   -0.444
 895500.000    0.338
 896000.000   -0.618
 896500.000    3.390
 897000.000    3.740
 897500.000    1.474
 898000.000   -1.209
 898500.000    1.392
 899000.000    1.648
 899500.000    1.653
 900000.000   -1.474
 900500.000    0.269
 901000.000    0.887
 901500.000    0.796
 902000.000    2.365
 902500.000    1.818
 903000.000   -1.108
 903500.000    2.090
 904000.000    0.959
 904500.000   -0.608
 905000.000    1.389
 905500.000    0.294
 906000.000    2.450
 906500.000   -0.524
 907000.000   -1.390
 907500.000    1.758
 908000.000    1.390
 908500.000    1.847
 909000.000   -0.961
 909500.000    1.925
 910000.000    1.740
 910500.000   -1.037
 911000.000   -0.767
 911500.000    2.180
 912000.000   -1.489
 912500.000   -0.620
 913000.000    0.258
 913500.000    1.932
 914000.000    3.053
 914500.000    0.528
 915000.000    1.144
 915500.000    1.220
 916000.000    0.622
 916500.000    0.448
 917000.000    0.081
 917500.000    1.666
 918000.000    1.389
 918500.000    3.059
 919000.000   -1.468
 919500.000   -0.517
 920000.000   -0.517
 920500.000    0.519
 921000.000    3.653
 921500.000    0.448
 922000.000    1.117
 922500.000    3.481
 923000.000    1.737
 923500.000    2.187
 924000.000    4.184
 924500.000    1.744
 925000.000   -0.432
 925500.000    0.455
 926000.000   -0.702
 926500.000    1.575
 927000.000    0.184
 927500.000   -0.453
 928000.000    0.010
 928500.000    4.904
 929000.000    2.352
 929500.000    1.822
 930000.000    2.441
 930500.000   -4.707
 931000.000    3.841
 931500.000    0.100
 932000.000    3.396
 932500.000    1.048
 933000.000   -3.310
 933500.000    0.947
 934000.000    1.735
 934500.000   -0.444
 935000.000    2.785
 935500.000    1.376
 936000.000    1.050
 936500.000    0.448
 937000.000    3.758
 937500.000    0.274
 938000.000    1.408
 938500.000    1.747
 939000.000    1.493
 939500.000    0.361
 940000.000    4.278
 940500.000    0.361
 941000.000   -1.395
 941500.000    3.408
 942000.000   -0.615
 942500.000    1.316
 943000.000   -0.595
 943500.000    2.281
 944000.000    3.848
 944500.000    0.113
 945000.000    0.803
 945500.000    1.057
 946000.000    3.137
 946500.000    3.495
 947000.000    3.831
 947500.000   -0.345
 948000.000    1.932
 948500.000   -0.166
 949000.000    2.095
 949500.000   -1.037
 950000.000    0.972
 950500.000    1.841
 951000.000    1.399
 951500.000    1.405
 952000.000   -0.860
 952500.000    3.673
 953000.000    1.407
 953500.000    1.921
 954000.000    1.477
 954500.000    1.932
 955000.000    0.276
 955500.000   -0.418
 956000.000   -0.774
 956500.000   -1.032
 957000.000    0.974
 957500.000    0.805
 958000.000   -2.340
 958500.000    0.452
 959000.000    1.918
 959500.000   -0.414
 960000.000   -1.388
 960500.000    0.727
 961000.000   -0.145
 961500.000    1.408
 962000.000   -1.291
 962500.000    0.627
 963000.000    0.003
 963500.000    0.020
 964000.000    0.612
 964500.000   -0.345
 965000.000    0.198
 965500.000    2.620
 966000.000   -2.002
 966500.000   -1.301
 967000.000   -0.689
 967500.000    0.711
 968000.000    2.622
 968500.000   -0.858
 969000.000   -1.568
 969500.000   -2.620
 970000.000   -0.585
 970500.000    1.052
 971000.000    1.417
 971500.000    0.881
 972000.000   -0.684
 972500.000   -1.112
 973000.000   -1.032
 973500.000    0.090
 974000.000    1.300
 974500.000    0.013
 975000.000   -0.849
 975500.000   -2.613
 976000.000   -0.446
 976500.000    0.697
 977000.000   -2.695
 977500.000   -2.423
 978000.000   -1.298
 978500.000    1.481
 979000.000    0.434
 979500.000   -0.100
 980000.000   -1.926
 980500.000    0.613
 981000.000   -0.964
 981500.000   -1.571
 982000.000   -3.406
 982500.000    1.232
 983000.000    0.233
 983500.000   -1.323
 984000.000    1.564
 984500.000   -0.011
 985000.000    2.004
 985500.000    0.178
 986000.000   -0.255
 986500.000   -0.851
 987000.000    0.365
 987500.000    2.707
 988000.000    1.406
 988500.000    3.415
 989000.000   -1.905
 989500.000   -0.372
 990000.000   -1.051
 990500.000    3.656
 991000.000    1.843
 991500.000    2.352
 992000.000   -2.253
 992500.000    1.832
 993000.000    0.260
 993500.000    0.972
 994000.000    1.302
 994500.000    2.105
 995000.000    2.203
 995500.000    1.060
 996000.000    0.026
 996500.000    1.912
 997000.000    0.697
 997500.000    2.450
 998000.000    1.926
 998500.000    1.211
 999000.000    0.088
 999500.000   -0.437
1000000.000    2.264
