 750000.000 1.034093 0.674898 0.887666 0.946182
 750500.000 1.047466 0.706835 0.890343 0.949759
 751000.000 1.063505 0.753448 0.889590 0.950280
 751500.000 1.025429 0.677055 0.876136 0.936478
 752000.000 1.062900 0.684141 0.932842 0.959828
 752500.000 1.013590 0.634824 0.898164 0.919255
 753000.000 1.029652 0.636248 0.917807 0.934444
 753500.000 1.028597 0.639533 0.915517 0.932121
 754000.000 1.057346 0.683804 0.913525 0.966356
 754500.000 1.012624 0.670985 0.880810 0.908166
 755000.000 1.026658 0.685425 0.877598 0.931702
 755500.000 1.027821 0.661286 0.883470 0.946053
 756000.000 1.039057 0.712371 0.862417 0.952915
 756500.000 1.063159 0.715085 0.897441 0.971529
 757000.000 1.030284 0.664315 0.880281 0.952240
 757500.000 1.028304 0.708949 0.868041 0.926670
 758000.000 1.031251 0.690382 0.875978 0.939677
 758500.000 1.030760 0.688614 0.880046 0.936089
 759000.000 1.037159 0.677721 0.882879 0.955311
 759500.000 1.031531 0.666894 0.878743 0.954555
 760000.000 1.016893 0.694128 0.843293 0.935513
 760500.000 1.021390 0.686612 0.864182 0.931788
 761000.000 1.042477 0.716657 0.867177 0.952849
 761500.000 1.073808 0.742087 0.891812 0.979851
 762000.000 1.035154 0.709149 0.851674 0.956475
 762500.000 1.048680 0.705873 0.868076 0.973472
 763000.000 1.013811 0.675157 0.855322 0.931781
 763500.000 1.047500 0.697613 0.875539 0.970197
 764000.000 1.039847 0.705156 0.855857 0.965830
 764500.000 1.056344 0.715481 0.864506 0.986124
 765000.000 1.036049 0.701379 0.853996 0.962056
 765500.000 1.062140 0.739194 0.862340 0.982976
 766000.000 1.016356 0.685870 0.842687 0.940966
 766500.000 1.040084 0.731925 0.836267 0.963583
 767000.000 1.062867 0.721643 0.884661 0.977742
 767500.000 1.015673 0.694226 0.845424 0.930856
 768000.000 1.004438 0.710800 0.841116 0.897263
 768500.000 1.036322 0.724812 0.857357 0.942079
 769000.000 1.052986 0.749501 0.862042 0.955349
 769500.000 1.044739 0.746894 0.837038 0.961497
 770000.000 1.023565 0.708108 0.843751 0.939168
 770500.000 1.027072 0.710728 0.839464 0.948643
 771000.000 0.990762 0.656313 0.821656 0.925934
 771500.000 0.988613 0.660025 0.835263 0.906319
 772000.000 1.011950 0.687425 0.834056 0.938022
 772500.000 0.988549 0.652956 0.862654 0.885400
 773000.000 1.001820 0.686908 0.845499 0.905856
 773500.000 0.984872 0.644736 0.846917 0.898327
 774000.000 0.958645 0.626892 0.834491 0.865236
 774500.000 1.013288 0.680062 0.848888 0.932957
 775000.000 0.988353 0.672019 0.846928 0.885882
 775500.000 0.981965 0.671051 0.832868 0.885738
 776000.000 0.998185 0.678358 0.841887 0.907636
 776500.000 0.978893 0.661037 0.832338 0.886964
 777000.000 0.954809 0.618503 0.834749 0.862536
 777500.000 0.956149 0.637101 0.832247 0.854348
 778000.000 0.994375 0.677288 0.837422 0.904194
 778500.000 0.981227 0.641256 0.852700 0.887303
 779000.000 0.974051 0.639048 0.834743 0.890153
 779500.000 0.997975 0.663230 0.874253 0.887533
 780000.000 1.013295 0.678501 0.868570 0.915837
 780500.000 0.966785 0.624924 0.855188 0.864564
 781000.000 0.979236 0.637329 0.851326 0.887052
 781500.000 0.974692 0.643170 0.837973 0.885541
 782000.000 0.986728 0.648810 0.824281 0.920256
 782500.000 0.992278 0.667136 0.842397 0.902513
 783000.000 0.985372 0.626699 0.842675 0.916005
 783500.000 0.978168 0.616010 0.855425 0.895770
 784000.000 1.009874 0.637612 0.868836 0.937158
 784500.000 0.999178 0.633070 0.879326 0.907040
 785000.000 0.991889 0.632821 0.855777 0.913712
 785500.000 0.991076 0.654674 0.844442 0.907074
 786000.000 0.979730 0.603456 0.846589 0.915898
 786500.000 0.996762 0.684808 0.834851 0.906162
 787000.000 0.987419 0.649560 0.825359 0.920242
 787500.000 1.003108 0.713299 0.828061 0.904417
 788000.000 1.000829 0.664453 0.863539 0.903393
 788500.000 0.992126 0.658938 0.867393 0.884341
 789000.000 0.970438 0.641052 0.851512 0.864570
 789500.000 0.963508 0.611524 0.850772 0.871160
 790000.000 0.972685 0.631835 0.861526 0.866482
 790500.000 0.957298 0.628867 0.836558 0.858797
 791000.000 0.969352 0.653724 0.850302 0.853766
 791500.000 0.961757 0.657688 0.837791 0.845877
 792000.000 0.979531 0.632548 0.848161 0.894129
 792500.000 0.940410 0.617581 0.822043 0.843552
 793000.000 0.988368 0.661264 0.855611 0.885666
 793500.000 0.966363 0.618152 0.844152 0.879209
 794000.000 0.971496 0.627879 0.849131 0.878837
 794500.000 0.965975 0.654415 0.836587 0.859115
 795000.000 0.959714 0.611549 0.843919 0.869431
 795500.000 0.969038 0.612748 0.856405 0.877029
 796000.000 0.963734 0.621564 0.862270 0.853061
 796500.000 0.990473 0.611165 0.881876 0.900470
 797000.000 0.973336 0.632791 0.865889 0.862890
 797500.000 0.963465 0.598047 0.864336 0.867059
 798000.000 0.952408 0.591934 0.853276 0.857727
 798500.000 0.955210 0.627178 0.831837 0.859969
 799000.000 0.964682 0.623713 0.854677 0.861238
 799500.000 0.970651 0.631362 0.850079 0.873542
 800000.000 0.965871 0.617719 0.865649 0.857257
 800500.000 0.955468 0.583313 0.872567 0.851006
 801000.000 0.973522 0.573576 0.883168 0.886856
 801500.000 0.993797 0.625017 0.869266 0.910492
 802000.000 1.006587 0.619269 0.881553 0.930487
 802500.000 0.991933 0.645219 0.866596 0.894743
 803000.000 1.011553 0.641277 0.877437 0.930240
 803500.000 1.003314 0.649532 0.882940 0.901001
 804000.000 0.972882 0.583711 0.868817 0.892993
 804500.000 0.952679 0.594858 0.841013 0.868352
 805000.000 0.968824 0.610082 0.857853 0.876998
 805500.000 0.977871 0.578801 0.869646 0.906184
 806000.000 0.958099 0.564377 0.851767 0.889876
 806500.000 0.981052 0.570423 0.877010 0.911261
 807000.000 0.962862 0.594307 0.852848 0.879577
 807500.000 0.953549 0.575783 0.846118 0.878106
 808000.000 0.974996 0.585794 0.869121 0.895940
 808500.000 0.956304 0.601022 0.837537 0.875406
 809000.000 0.968290 0.603638 0.832219 0.904546
 809500.000 0.966374 0.578284 0.838063 0.911590
 810000.000 0.948738 0.554803 0.835504 0.891254
 810500.000 0.983191 0.565062 0.868477 0.927245
 811000.000 0.959908 0.573902 0.836426 0.902151
 811500.000 0.976077 0.584967 0.845665 0.920931
 812000.000 0.968275 0.590253 0.836710 0.909192
 812500.000 0.982877 0.570300 0.864935 0.926682
 813000.000 0.956463 0.561915 0.852771 0.886946
 813500.000 0.974836 0.567140 0.857700 0.918321
 814000.000 0.968343 0.570293 0.851683 0.908172
 814500.000 0.981030 0.548419 0.870435 0.930816
 815000.000 0.954672 0.584669 0.819372 0.899773
 815500.000 0.976527 0.589555 0.841054 0.923180
 816000.000 0.977037 0.564203 0.853535 0.928631
 816500.000 0.945092 0.573206 0.823286 0.883196
 817000.000 0.963811 0.594325 0.831130 0.902143
 817500.000 0.967799 0.603816 0.833192 0.902480
 818000.000 0.973466 0.593699 0.846600 0.908880
 818500.000 0.943973 0.611895 0.802245 0.874161
 819000.000 0.935598 0.636858 0.796192 0.843314
 819500.000 0.942843 0.644363 0.786227 0.862873
 820000.000 0.946850 0.639834 0.795292 0.866703
 820500.000 0.957277 0.631275 0.810271 0.881881
 821000.000 0.956895 0.635962 0.812515 0.875596
 821500.000 0.951777 0.670330 0.780264 0.868103
 822000.000 0.963217 0.649353 0.800034 0.890988
 822500.000 0.954742 0.648697 0.795211 0.877437
 823000.000 0.950948 0.659034 0.790671 0.865517
 823500.000 0.959670 0.620029 0.815835 0.889894
 824000.000 0.978846 0.609001 0.835947 0.920102
 824500.000 0.979857 0.601388 0.844337 0.919601
 825000.000 0.946512 0.581803 0.823766 0.880164
 825500.000 0.955047 0.604402 0.821985 0.885024
 826000.000 0.959910 0.609999 0.824550 0.889310
 826500.000 0.939396 0.610864 0.799614 0.867406
 827000.000 0.965809 0.609660 0.838942 0.888856
 827500.000 0.937491 0.598026 0.811972 0.860723
 828000.000 0.975559 0.608318 0.849727 0.900746
 828500.000 0.945291 0.607647 0.798840 0.883045
 829000.000 0.960147 0.635077 0.812560 0.883282
 829500.000 0.962187 0.634627 0.817148 0.883814
 830000.000 0.941774 0.618960 0.814678 0.852681
 830500.000 0.938112 0.623203 0.798327 0.856971
 831000.000 0.967585 0.605439 0.839976 0.894610
 831500.000 0.980596 0.638412 0.832940 0.906520
 832000.000 0.946454 0.582466 0.826703 0.876839
 832500.000 0.958963 0.621660 0.819190 0.884130
 833000.000 0.962648 0.617864 0.835341 0.879677
 833500.000 0.975502 0.627361 0.827343 0.908366
 834000.000 0.963854 0.635324 0.811043 0.892524
 834500.000 0.951172 0.616772 0.814253 0.875236
 835000.000 0.950970 0.595305 0.821976 0.882415
 835500.000 0.954309 0.599041 0.826068 0.883274
 836000.000 0.956704 0.598525 0.827546 0.887412
 836500.000 0.956125 0.601953 0.821014 0.889909
 837000.000 0.969894 0.622822 0.829934 0.897045
 837500.000 0.952310 0.642647 0.802696 0.869754
 838000.000 0.942020 0.603737 0.803714 0.874269
 838500.000 0.948045 0.601795 0.815655 0.877568
 839000.000 0.941070 0.606439 0.810577 0.863957
 839500.000 0.951975 0.636003 0.814006 0.863369
 840000.000 0.945102 0.606110 0.820128 0.863977
 840500.000 0.977406 0.573316 0.850059 0.927014
 841000.000 0.955987 0.608537 0.819575 0.886454
 841500.000 0.960589 0.605441 0.830616 0.888246
 842000.000 0.943944 0.585311 0.820335 0.875513
 842500.000 0.930058 0.592327 0.801334 0.858504
 843000.000 0.955711 0.567692 0.837348 0.896293
 843500.000 0.948677 0.583833 0.825420 0.881927
 844000.000 0.951372 0.611845 0.821350 0.872493
 844500.000 0.990899 0.599224 0.873181 0.917740
 845000.000 0.986446 0.571288 0.875611 0.923627
 845500.000 0.945303 0.556739 0.832364 0.885668
 846000.000 0.980757 0.590604 0.863688 0.910493
 846500.000 0.970660 0.604050 0.844302 0.898131
 847000.000 0.953994 0.604442 0.825139 0.879775
 847500.000 0.934530 0.606791 0.812085 0.847947
 848000.000 0.953282 0.587640 0.829134 0.885838
 848500.000 0.975995 0.610780 0.848982 0.900727
 849000.000 0.947649 0.596187 0.817350 0.878964
 849500.000 0.960086 0.596986 0.839357 0.884657
 850000.000 0.956909 0.580362 0.839575 0.888619
 850500.000 0.965674 0.582854 0.847639 0.898243
 851000.000 0.952874 0.585114 0.824370 0.891063
 851500.000 0.944335 0.578303 0.807345 0.892916
 852000.000 0.934311 0.565566 0.801381 0.885324
 852500.000 0.954025 0.582955 0.822446 0.896701
 853000.000 0.971456 0.595616 0.840011 0.909439
 853500.000 0.958811 0.599469 0.822062 0.896374
 854000.000 0.956996 0.586239 0.839905 0.884627
 854500.000 0.952891 0.585509 0.832735 0.883026
 855000.000 0.935793 0.581942 0.817816 0.862517
 855500.000 0.934194 0.576528 0.812722 0.867488
 856000.000 0.954566 0.566135 0.837564 0.894634
 856500.000 0.936836 0.574947 0.808332 0.878270
 857000.000 0.960583 0.561456 0.843685 0.904656
 857500.000 0.948973 0.560171 0.832595 0.891120
 858000.000 0.959027 0.571870 0.833976 0.903832
 858500.000 0.958787 0.557460 0.842439 0.904478
 859000.000 0.977297 0.544959 0.866970 0.928224
 859500.000 0.947290 0.562659 0.829474 0.888877
 860000.000 0.967841 0.574046 0.847136 0.908989
 860500.000 0.942532 0.540262 0.840336 0.882431
 861000.000 0.958976 0.562055 0.848243 0.896574
 861500.000 0.939192 0.571957 0.826873 0.867934
 862000.000 0.961283 0.582869 0.843613 0.892587
 862500.000 0.931889 0.591200 0.811162 0.854011
 863000.000 0.947620 0.601545 0.824757 0.868266
 863500.000 0.963607 0.612223 0.843967 0.877484
 864000.000 0.960727 0.589531 0.846437 0.884302
 864500.000 0.968621 0.606992 0.847086 0.889077
 865000.000 0.947777 0.614903 0.830022 0.854120
 865500.000 0.952116 0.610270 0.830272 0.866756
 866000.000 0.939794 0.593982 0.823600 0.857492
 866500.000 0.938978 0.595200 0.826309 0.852238
 867000.000 0.947362 0.579341 0.836215 0.871837
 867500.000 0.939565 0.594852 0.822953 0.857010
 868000.000 0.951993 0.616311 0.833194 0.859379
 868500.000 0.945245 0.608259 0.826985 0.856207
 869000.000 0.943543 0.631417 0.826905 0.835515
 869500.000 0.958508 0.616312 0.844155 0.863156
 870000.000 0.942587 0.619785 0.823733 0.845147
 870500.000 0.951506 0.618273 0.831005 0.859009
 871000.000 0.938853 0.628297 0.815782 0.838231
 871500.000 0.915982 0.600428 0.801339 0.821819
 872000.000 0.963002 0.632192 0.829176 0.876096
 872500.000 0.937977 0.628806 0.811475 0.840068
 873000.000 0.946469 0.622603 0.820099 0.855225
 873500.000 0.928604 0.600494 0.812063 0.839386
 874000.000 0.930067 0.589200 0.809303 0.853184
 874500.000 0.939130 0.584933 0.819834 0.865828
 875000.000 0.929918 0.598766 0.810517 0.845006
 875500.000 0.930713 0.595605 0.811537 0.848007
 876000.000 0.952389 0.606002 0.830311 0.870307
 876500.000 0.943924 0.582365 0.837910 0.860664
 877000.000 0.937815 0.612204 0.814885 0.848623
 877500.000 0.943698 0.580905 0.823782 0.874680
 878000.000 0.942925 0.559308 0.833103 0.878254
 878500.000 0.935311 0.577097 0.818363 0.864207
 879000.000 0.927056 0.572015 0.815083 0.852822
 879500.000 0.943955 0.591034 0.825410 0.866878
 880000.000 0.932474 0.566740 0.825703 0.857925
 880500.000 0.929577 0.567616 0.817868 0.858563
 881000.000 0.943794 0.562795 0.838302 0.872929
 881500.000 0.926380 0.577680 0.811782 0.850680
 882000.000 0.926339 0.586770 0.807381 0.848556
 882500.000 0.955651 0.586845 0.834276 0.886642
 883000.000 0.944224 0.597762 0.814387 0.873254
 883500.000 0.934195 0.583742 0.816270 0.859295
 884000.000 0.936667 0.593829 0.808852 0.864763
 884500.000 0.947232 0.591810 0.819383 0.879130
 885000.000 0.933004 0.563476 0.816698 0.869766
 885500.000 0.938784 0.563640 0.829960 0.869544
 886000.000 0.923904 0.571793 0.812418 0.848662
 886500.000 0.938644 0.576455 0.815554 0.874458
 887000.000 0.935529 0.553658 0.829579 0.869305
 887500.000 0.925863 0.557163 0.817421 0.857809
 888000.000 0.935291 0.550034 0.835633 0.865287
 888500.000 0.954036 0.553366 0.846127 0.893433
 889000.000 0.921291 0.539331 0.825689 0.851420
 889500.000 0.923569 0.577801 0.814325 0.842008
 890000.000 0.924400 0.585513 0.813176 0.839613
 890500.000 0.949480 0.605294 0.831500 0.863279
 891000.000 0.930382 0.606859 0.800628 0.849670
 891500.000 0.950982 0.616747 0.822692 0.866912
 892000.000 0.962522 0.624637 0.822104 0.887057
 892500.000 0.933158 0.616130 0.807580 0.842475
 893000.000 0.954796 0.596028 0.838167 0.874927
 893500.000 0.936399 0.618015 0.822727 0.833586
 894000.000 0.954547 0.617860 0.828538 0.868387
 894500.000 0.959433 0.607477 0.833548 0.881586
 895000.000 0.958161 0.606502 0.837460 0.875764
 895500.000 0.951877 0.619076 0.825812 0.864245
 896000.000 0.943051 0.630741 0.813274 0.848199
 896500.000 0.950111 0.636285 0.827715 0.845842
 897000.000 0.950671 0.652381 0.820287 0.842070
 897500.000 0.968805 0.654644 0.848172 0.853939
 898000.000 0.952061 0.637283 0.819541 0.857358
 898500.000 0.955473 0.647857 0.830166 0.846737
 899000.000 0.955109 0.666647 0.825580 0.835743
 899500.000 0.940545 0.628093 0.819919 0.838143
 900000.000 0.957605 0.645576 0.838610 0.844973
 900500.000 0.949877 0.662250 0.818609 0.834170
 901000.000 0.939313 0.654913 0.799196 0.834860
 901500.000 0.966809 0.605576 0.842121 0.890812
 902000.000 0.934015 0.671624 0.787538 0.820654
 902500.000 0.952864 0.664996 0.806421 0.850508
 903000.000 0.949647 0.640708 0.824895 0.844216
 903500.000 0.967840 0.673805 0.826395 0.858188
 904000.000 0.944961 0.630119 0.819335 0.847078
 904500.000 0.942754 0.632610 0.804180 0.854792
 905000.000 0.944803 0.615861 0.822067 0.854533
 905500.000 0.952884 0.629610 0.826420 0.858253
 906000.000 0.933497 0.651011 0.787896 0.835606
 906500.000 0.970334 0.670743 0.839876 0.853116
 907000.000 0.927869 0.667317 0.793824 0.804000
 907500.000 0.926967 0.662927 0.779498 0.819418
 908000.000 0.953799 0.655801 0.805470 0.860585
 908500.000 0.951675 0.672664 0.813968 0.834477
 909000.000 0.947415 0.660671 0.805004 0.843014
 909500.000 0.926247 0.663432 0.782122 0.814868
 910000.000 0.959255 0.664521 0.812810 0.859122
 910500.000 0.938593 0.658647 0.796835 0.832557
 911000.000 0.938375 0.649388 0.803859 0.832586
 911500.000 0.945518 0.672504 0.811893 0.822544
 912000.000 0.926091 0.663848 0.784567 0.811820
 912500.000 0.922990 0.629610 0.791086 0.825587
 913000.000 0.931765 0.647485 0.792626 0.829988
 913500.000 0.942334 0.642454 0.811806 0.839173
 914000.000 0.958637 0.657345 0.815678 0.860545
 914500.000 0.940490 0.652755 0.803764 0.834816
 915000.000 0.937124 0.642485 0.792947 0.845490
 915500.000 0.941024 0.635695 0.799389 0.853184
 916000.000 0.941789 0.633196 0.794521 0.861240
 916500.000 0.942344 0.649648 0.800282 0.844709
 917000.000 0.943276 0.635200 0.809008 0.849452
 917500.000 0.952115 0.630783 0.810791 0.870503
 918000.000 0.960853 0.665656 0.805644 0.868515
 918500.000 0.946544 0.618748 0.809821 0.867889
 919000.000 0.951355 0.613724 0.818977 0.873369
 919500.000 0.947395 0.638726 0.808188 0.856723
 920000.000 0.966528 0.632976 0.830231 0.882275
 920500.000 0.962545 0.612485 0.832576 0.885813
 921000.000 0.979680 0.602831 0.851124 0.911992
 921500.000 0.943531 0.616907 0.798957 0.872693
 922000.000 0.961828 0.604603 0.833694 0.888614
 922500.000 0.960815 0.598721 0.831722 0.892246
 923000.000 0.963164 0.610817 0.828756 0.891873
 923500.000 0.968894 0.616404 0.827031 0.901984
 924000.000 0.970900 0.619756 0.832780 0.898706
 924500.000 0.968870 0.615647 0.828742 0.900879
 925000.000 0.936364 0.607831 0.797362 0.865049
 925500.000 0.960342 0.603974 0.834743 0.884835
 926000.000 0.972103 0.603830 0.842382 0.903189
 926500.000 0.965792 0.599875 0.836408 0.897821
 927000.000 0.962259 0.595962 0.831480 0.897415
 927500.000 0.944153 0.587109 0.822867 0.872379
 928000.000 0.955992 0.610955 0.816862 0.887306
 928500.000 0.958486 0.606754 0.810738 0.901079
 929000.000 0.979075 0.605084 0.850730 0.909566
 929500.000 0.970423 0.622047 0.825709 0.902610
 930000.000 0.971846 0.657699 0.826290 0.879570
 930500.000 0.970647 0.622554 0.837218 0.892077
 931000.000 0.959083 0.634226 0.800801 0.892276
 931500.000 0.997224 0.645003 0.840784 0.930573
 932000.000 0.969981 0.639927 0.815040 0.898849
 932500.000 0.978332 0.629807 0.840130 0.900996
 933000.000 0.967300 0.623673 0.824164 0.896173
 933500.000 0.962485 0.606571 0.822081 0.899450
 934000.000 0.962202 0.634736 0.813940 0.886723
 934500.000 0.983243 0.619927 0.841126 0.917459
 935000.000 0.944958 0.615759 0.813494 0.863111
 935500.000 0.953805 0.609000 0.827084 0.874380
 936000.000 0.954578 0.610470 0.816301 0.885109
 936500.000 0.954826 0.588009 0.815532 0.901408
 937000.000 0.951738 0.592348 0.813626 0.893725
 937500.000 0.957929 0.607203 0.816998 0.893909
 938000.000 0.946166 0.584942 0.814159 0.886255
 938500.000 0.934280 0.593376 0.799803 0.868320
 939000.000 0.956537 0.587555 0.822204 0.899270
 939500.000 0.955974 0.604467 0.817440 0.891169
 940000.000 0.951571 0.598283 0.812065 0.890831
 940500.000 0.955070 0.578703 0.830496 0.894257
 941000.000 0.944693 0.606946 0.807300 0.874514
 941500.000 0.949118 0.572676 0.826549 0.889105
 942000.000 0.953653 0.591650 0.824433 0.888352
 942500.000 0.942201 0.569947 0.813383 0.888286
 943000.000 0.957513 0.574556 0.832043 0.900696
 943500.000 0.953841 0.584733 0.821530 0.895991
 944000.000 0.956488 0.565076 0.836950 0.899968
 944500.000 0.960677 0.572508 0.831647 0.909065
 945000.000 0.960087 0.586443 0.833239 0.897402
 945500.000 0.946430 0.597714 0.812673 0.879637
 946000.000 0.957219 0.577976 0.837126 0.893139
 946500.000 0.942837 0.594234 0.809531 0.877172
 947000.000 0.974089 0.563987 0.856321 0.919962
 947500.000 0.954014 0.567727 0.829776 0.899691
 948000.000 0.956978 0.592982 0.823344 0.895596
 948500.000 0.974757 0.591355 0.840801 0.918507
 949000.000 0.945841 0.583398 0.818999 0.882111
 949500.000 0.933167 0.589626 0.800699 0.867654
 950000.000 0.951322 0.594775 0.810245 0.894301
 950500.000 0.947128 0.597758 0.804540 0.888541
 951000.000 0.946146 0.588682 0.811399 0.886266
 951500.000 0.934364 0.577095 0.797669 0.881339
 952000.000 0.935437 0.585331 0.802006 0.874219
 952500.000 0.961007 0.600961 0.815560 0.905967
 953000.000 0.931233 0.562262 0.810298 0.872736
 953500.000 0.940744 0.590491 0.804835 0.879524
 954000.000 0.931880 0.569519 0.797061 0.881556
 954500.000 0.967049 0.577506 0.823368 0.926778
 955000.000 0.957373 0.607160 0.802393 0.905897
 955500.000 0.953862 0.590114 0.818489 0.895292
 956000.000 0.955722 0.582000 0.825276 0.898335
 956500.000 0.959424 0.568352 0.841472 0.899939
 957000.000 0.933974 0.567225 0.811064 0.874668
 957500.000 0.958509 0.611950 0.807347 0.900660
 958000.000 0.954505 0.593509 0.814136 0.898380
 958500.000 0.960528 0.591307 0.814235 0.912473
 959000.000 0.967365 0.627133 0.817345 0.900133
 959500.000 0.951935 0.594546 0.811687 0.894449
 960000.000 0.941142 0.588785 0.804003 0.882275
 960500.000 0.944820 0.591530 0.802098 0.890001
 961000.000 0.933982 0.596939 0.791606 0.872736
 961500.000 0.951061 0.589663 0.816181 0.891729
 962000.000 0.959423 0.589397 0.815880 0.909908
 962500.000 0.959679 0.599998 0.819529 0.900189
 963000.000 0.941549 0.588463 0.801584 0.885551
 963500.000 0.976213 0.612518 0.824517 0.922484
 964000.000 0.941703 0.597548 0.799705 0.881487
 964500.000 0.942606 0.583725 0.801323 0.891156
 965000.000 0.950038 0.584260 0.813797 0.895276
 965500.000 0.938451 0.593665 0.800158 0.876748
 966000.000 0.948790 0.587963 0.816023 0.888150
 966500.000 0.934615 0.578166 0.800506 0.878594
 967000.000 0.948232 0.549210 0.831952 0.896946
 967500.000 0.968167 0.587437 0.838319 0.909305
 968000.000 0.947318 0.567775 0.821938 0.892678
 968500.000 0.957067 0.600700 0.819904 0.893797
 969000.000 0.972517 0.576148 0.847641 0.917135
 969500.000 0.979736 0.627564 0.828898 0.915891
 970000.000 0.959159 0.591986 0.830161 0.894627
 970500.000 0.967555 0.602506 0.832632 0.903346
 971000.000 0.940119 0.594908 0.798042 0.881396
 971500.000 0.956927 0.615115 0.811196 0.891634
 972000.000 0.963720 0.622538 0.827041 0.886544
 972500.000 0.992145 0.613898 0.846627 0.935443
 973000.000 0.961801 0.604631 0.817683 0.903293
 973500.000 0.984979 0.628042 0.836704 0.919706
 974000.000 0.984505 0.607323 0.845706 0.924360
 974500.000 0.970238 0.581234 0.840324 0.915832
 975000.000 0.961282 0.594116 0.831723 0.896320
 975500.000 0.971187 0.583566 0.842241 0.914599
 976000.000 0.956580 0.579390 0.824632 0.902428
 976500.000 0.955485 0.580810 0.823346 0.900370
 977000.000 0.976886 0.600751 0.840490 0.917217
 977500.000 0.939514 0.574930 0.818717 0.874375
 978000.000 0.945118 0.594733 0.817377 0.874462
 978500.000 0.945430 0.616430 0.804977 0.871609
 979000.000 0.966993 0.602354 0.827327 0.907111
 979500.000 0.993078 0.600917 0.863498 0.930420
 980000.000 0.984417 0.607253 0.852300 0.918141
 980500.000 0.958991 0.643777 0.809402 0.877353
 981000.000 0.969776 0.631321 0.823761 0.896538
 981500.000 0.951560 0.628119 0.818296 0.864169
 982000.000 0.935154 0.618669 0.794395 0.857445
 982500.000 0.964296 0.607401 0.827043 0.898218
 983000.000 0.991538 0.612853 0.861387 0.921260
 983500.000 0.970951 0.588218 0.847357 0.906353
 984000.000 1.004583 0.632321 0.855315 0.941796
 984500.000 0.973061 0.586479 0.852999 0.906713
 985000.000 0.989428 0.641216 0.837187 0.919725
 985500.000 1.027781 0.635279 0.878591 0.968075
 986000.000 0.966143 0.607620 0.834924 0.894742
 986500.000 0.975426 0.614850 0.830515 0.913847
 987000.000 0.969241 0.624628 0.818275 0.905053
 987500.000 0.971643 0.611688 0.825867 0.912118
 988000.000 0.944660 0.597716 0.808250 0.879904
 988500.000 0.972008 0.666431 0.812290 0.886370
 989000.000 0.985763 0.678478 0.817646 0.902541
 989500.000 1.007994 0.646796 0.861595 0.933496
 990000.000 0.980405 0.663553 0.815076 0.904288
 990500.000 0.983017 0.646522 0.831904 0.906967
 991000.000 0.979364 0.651790 0.821809 0.904492
 991500.000 0.960155 0.643015 0.803806 0.885563
 992000.000 0.948198 0.665078 0.772919 0.870878
 992500.000 0.956773 0.687756 0.762915 0.880786
 993000.000 0.972635 0.682015 0.780772 0.904039
 993500.000 0.946936 0.668293 0.762509 0.874836
 994000.000 0.976615 0.676811 0.800189 0.899543
 994500.000 0.968335 0.669395 0.779209 0.905587
 995000.000 0.944654 0.634013 0.774215 0.885077
 995500.000 0.936377 0.664012 0.745649 0.869885
 996000.000 0.952764 0.623364 0.786632 0.898970
 996500.000 0.949608 0.649449 0.772342 0.886122
 997000.000 0.968903 0.678304 0.778207 0.901023
 997500.000 0.961367 0.617891 0.810005 0.900310
 998000.000 0.946186 0.608384 0.802772 0.880886
 998500.000 0.959462 0.626508 0.814916 0.885740
 999000.000 0.935797 0.598410 0.796860 0.870835
 999500.000 0.959830 0.587634 0.821461 0.906882
1000000.000 0.978974 0.599389 0.846607 0.916936
