      64    3.098    0.211
      65    2.515    0.185
      66    0.863    0.161
      67    1.180    0.114
      68    2.188    0.272
      69    1.834    0.231
      70    0.418    0.127
      71    1.696    0.220
      72    1.167    0.150
      73    1.371    0.192
      74    0.904    0.121
      75    0.997    0.120
      76    0.458    0.070
      77    1.574    0.315
      78    1.142    0.145
      79    0.741    0.202
      80    0.694    0.200
      81    1.130    0.168
      82    1.748    0.140
      83    1.856    0.179
      84    2.342    0.199
