35.23 46.165 -102.844
38.545 48.596 -109.877
36.212 52.618 -106.426
39.126 55.484 -103.929
36.483 46.514 -94.0285
35.475 46.835 -94.044
35.186 49.664 -91.5335
31.714 41.097 -76.584
34.71 45.205 -96.891
39.483 53.132 -98.255
46.368 52.118 -127.94
41.821 44.4 -112.496
39.235 43.339 -105.309
34.505 39.711 -84.875
39.269 47.7 -99.013
39.042 44.885 -92.313
36.596 41.625 -95.588
31.154 40.056 -82.156
43.234 44.532 -99.887
33.912 38.367 -77.194
35.376 36.756 -85.426
39.354 40.976 -89.442
49.647 49.934 -112.726
41.149 43.767 -110.88
43.231 41.266 -101.4345
34.65 39.35 -97.5635
48.142 52.041 -113.512
48.194 52.161 -121.3325
50.312 51.787 -127.312
43.84 47.782 -112.826
47.79 51.89 -125.4465
44.885 54.072 -120.63
51.585 60.247 -136.851
45.915 48.445 -111.389
55.028 65.618 -145.795
45.754 51.348 -117.794
44.055 49.98 -109.352
44.65 48.69 -125.9055
33.178 36.444 -87.358
46.719 51.872 -116.927
47.731 50.289 -119.0695
48.647 55.698 -125.0235
50.631 53.866 -126.1805
43.484 50.152 -107.2185
41.281 53.282 -109.4705
41.314 47.242 -105.8
54.306 57.663 -119.1115
36.454 44.707 -93.5205
38.473 50.935 -104.204
36.809 44.874 -101.0745
47.847 49.22 -112.9425
48.498 55.975 -123.328
47.472 53.82 -120.003
39.527 47.356 -94.108
46.353 56.654 -115.285
33.378 41.934 -86.228
34.216 38.321 -91.3915
38.327 42.387 -97.7915
32.759 44.301 -79.862
39.367 43.708 -87.385
32.566 40.699 -91.397
33.716 45.002 -94.336
42.041 49.035 -116.579
45.481 51.452 -115.153
41.351 50.153 -106.827
39.337 47.069 -101.6695
34.836 44.659 -97.0505
34.219 40.867 -95.789
39.985 55.583 -107.704
41.655 47.996 -106.032
34.055 43.862 -92.243
40.338 52.488 -106.3995
33.401 47.541 -99.797
34.39 46.68 -88.095
38.685 50.725 -104.7575
35.874 47.733 -88.4865
31.872 51.139 -91.458
26.25 42.008 -85.468
23.706 33.539 -76.1225
30.273 46.271 -84.833
33.661 44.904 -86.8475
31.78 42.309 -79.9735
40.258 50.523 -104.3025
35.814 38.159 -97.463
32.259 37.295 -83.631
35.24 38.249 -82.448
39.398 42.191 -94.55
51.127 49.262 -113.6805
53.835 52.229 -134.9615
57.694 61.661 -147.6475
53.534 55.562 -140.8475
46.975 47.281 -113.911
49.181 52.93 -120.776
45.574 48.569 -103.081
50.276 54.592 -111.2055
45.566 51.325 -112.985
52.127 52.266 -115.812
43.067 47.948 -105.543
52.338 52.622 -119.0535
42.24 47.079 -106.709
46.636 53.518 -118.5455
