 750000.000    5.815  708.169
 750500.000    5.755  715.617
 751000.000    5.987  687.862
 751500.000    5.918  695.861
 752000.000    5.934  693.968
 752500.000    5.942  693.057
 753000.000    6.047  681.060
 753500.000    5.706  721.669
 754000.000    5.903  697.645
 754500.000    5.838  705.455
 755000.000    5.822  707.316
 755500.000    5.923  695.265
 756000.000    5.858  702.970
 756500.000    5.747  716.548
 757000.000    5.767  714.140
 757500.000    5.782  712.261
 758000.000    5.708  721.491
 758500.000    5.690  723.743
 759000.000    5.928  694.640
 759500.000    5.642  729.876
 760000.000    5.790  711.223
 760500.000    5.981  688.510
 761000.000    5.992  687.264
 761500.000    5.866  702.071
 762000.000    5.815  708.163
 762500.000    5.981  688.502
 763000.000    5.702  722.221
 763500.000    5.711  721.099
 764000.000    5.920  695.657
 764500.000    5.703  722.063
 765000.000    5.826  706.876
 765500.000    5.849  704.101
 766000.000    5.907  697.144
 766500.000    5.491  749.995
 767000.000    5.804  709.527
 767500.000    5.902  697.782
 768000.000    5.726  719.195
 768500.000    6.018  684.248
 769000.000    6.048  680.878
 769500.000    6.049  680.772
 770000.000    5.930  694.514
 770500.000    6.196  664.631
 771000.000    5.872  701.371
 771500.000    6.213  662.804
 772000.000    5.762  714.644
 772500.000    5.809  708.918
 773000.000    5.940  693.338
 773500.000    5.960  690.909
 774000.000    5.954  691.626
 774500.000    5.801  709.941
 775000.000    6.004  685.896
 775500.000    5.935  693.911
 776000.000    5.970  689.753
 776500.000    5.884  699.889
 777000.000    5.852  703.734
 777500.000    5.846  704.418
 778000.000    6.071  678.308
 778500.000    6.026  683.391
 779000.000    5.899  698.148
 779500.000    6.051  680.588
 780000.000    6.211  663.080
 780500.000    5.784  712.018
 781000.000    6.002  686.091
 781500.000    5.949  692.245
 782000.000    5.984  688.146
 782500.000    5.938  693.504
 783000.000    5.959  691.024
 783500.000    5.972  689.585
 784000.000    5.905  697.346
 784500.000    5.825  707.002
 785000.000    5.850  703.936
 785500.000    5.681  724.949
 786000.000    6.013  684.919
 786500.000    6.010  685.213
 787000.000    5.930  694.417
 787500.000    5.706  721.665
 788000.000    5.996  686.781
 788500.000    5.831  706.282
 789000.000    5.920  695.611
 789500.000    6.006  685.690
 790000.000    6.013  684.849
 790500.000    5.975  689.276
 791000.000    6.057  679.913
 791500.000    5.795  710.649
 792000.000    5.928  694.654
 792500.000    6.087  676.587
 793000.000    5.709  721.376
 793500.000    6.109  674.071
 794000.000    5.866  702.047
 794500.000    5.818  707.852
 795000.000    5.967  690.121
 795500.000    5.788  711.532
 796000.000    6.030  682.898
 796500.000    5.976  689.129
 797000.000    5.968  689.982
 797500.000    5.849  704.046
 798000.000    5.957  691.321
 798500.000    6.006  685.655
 799000.000    5.859  702.918
 799500.000    5.824  707.109
 800000.000    5.929  694.594
 800500.000    5.806  709.291
 801000.000    5.926  694.887
 801500.000    5.823  707.165
 802000.000    5.877  700.746
 802500.000    5.804  709.567
 803000.000    5.700  722.538
 803500.000    5.992  687.302
 804000.000    5.934  694.041
 804500.000    5.893  698.807
 805000.000    5.681  724.905
 805500.000    5.895  698.569
 806000.000    6.031  682.821
 806500.000    6.103  674.803
 807000.000    5.959  691.114
 807500.000    5.987  687.834
 808000.000    5.979  688.774
 808500.000    5.768  713.957
 809000.000    5.844  704.667
 809500.000    5.879  700.454
 810000.000    6.041  681.726
 810500.000    5.884  699.855
 811000.000    6.070  678.470
 811500.000    6.045  681.252
 812000.000    5.892  698.964
 812500.000    5.963  690.634
 813000.000    6.233  660.726
 813500.000    6.285  655.266
 814000.000    6.013  684.868
 814500.000    6.015  684.590
 815000.000    6.035  682.385
 815500.000    5.900  697.985
 816000.000    5.895  698.553
 816500.000    5.755  715.531
 817000.000    6.094  675.713
 817500.000    5.870  701.592
 818000.000    6.152  669.377
 818500.000    6.272  656.592
 819000.000    6.206  663.523
 819500.000    5.949  692.198
 820000.000    5.938  693.504
 820500.000    5.740  717.392
 821000.000    5.946  692.619
 821500.000    5.843  704.806
 822000.000    6.136  671.090
 822500.000    5.998  686.599
 823000.000    6.103  674.822
 823500.000    6.020  684.034
 824000.000    5.891  699.052
 824500.000    5.983  688.357
 825000.000    5.961  690.846
 825500.000    5.995  686.909
 826000.000    6.188  665.465
 826500.000    6.025  683.547
 827000.000    5.826  706.802
 827500.000    5.968  689.987
 828000.000    6.204  663.744
 828500.000    6.075  677.889
 829000.000    5.727  719.012
 829500.000    6.088  676.381
 830000.000    6.136  671.189
 830500.000    6.148  669.820
 831000.000    5.941  693.224
 831500.000    6.106  674.431
 832000.000    6.083  677.007
 832500.000    5.925  695.059
 833000.000    6.055  680.119
 833500.000    6.321  651.549
 834000.000    5.927  694.858
 834500.000    5.929  694.612
 835000.000    6.032  682.665
 835500.000    6.102  674.890
 836000.000    5.967  690.124
 836500.000    5.926  694.885
 837000.000    5.967  690.126
 837500.000    5.871  701.389
 838000.000    6.163  668.244
 838500.000    6.214  662.667
 839000.000    5.991  687.424
 839500.000    6.173  667.118
 840000.000    5.941  693.205
 840500.000    5.957  691.297
 841000.000    6.110  674.005
 841500.000    6.062  679.355
 842000.000    6.118  673.140
 842500.000    6.023  683.781
 843000.000    6.187  665.642
 843500.000    6.129  671.866
 844000.000    6.164  668.060
 844500.000    6.268  656.964
 845000.000    6.419  641.515
 845500.000    6.013  684.891
 846000.000    6.228  661.230
 846500.000    6.033  682.634
 847000.000    6.201  664.079
 847500.000    6.121  672.810
 848000.000    5.856  703.282
 848500.000    6.107  674.367
 849000.000    5.991  687.424
 849500.000    6.030  682.995
 850000.000    6.060  679.545
 850500.000    6.149  669.761
 851000.000    6.217  662.441
 851500.000    6.134  671.360
 852000.000    6.168  667.705
 852500.000    6.268  657.002
 853000.000    6.174  666.965
 853500.000    6.125  672.392
 854000.000    6.147  669.948
 854500.000    6.044  681.393
 855000.000    6.015  684.639
 855500.000    6.317  651.880
 856000.000    6.019  684.204
 856500.000    6.069  678.521
 857000.000    6.145  670.183
 857500.000    6.099  675.205
 858000.000    5.946  692.620
 858500.000    6.065  678.997
 859000.000    6.094  675.819
 859500.000    5.947  692.485
 860000.000    5.939  693.435
 860500.000    6.011  685.051
 861000.000    5.875  700.926
 861500.000    6.204  663.800
 862000.000    6.013  684.853
 862500.000    5.719  720.114
 863000.000    5.872  701.349
 863500.000    5.941  693.132
 864000.000    5.935  693.843
 864500.000    6.049  680.839
 865000.000    5.954  691.610
 865500.000    6.100  675.063
 866000.000    5.826  706.882
 866500.000    6.145  670.210
 867000.000    6.150  669.584
 867500.000    5.978  688.931
 868000.000    6.075  677.872
 868500.000    5.867  701.952
 869000.000    6.019  684.159
 869500.000    6.067  678.719
 870000.000    5.909  696.877
 870500.000    5.998  686.526
 871000.000    5.991  687.432
 871500.000    5.826  706.855
 872000.000    5.956  691.403
 872500.000    5.879  700.506
 873000.000    5.961  690.893
 873500.000    6.045  681.285
 874000.000    6.098  675.322
 874500.000    5.824  707.108
 875000.000    5.866  702.037
 875500.000    5.956  691.391
 876000.000    6.082  677.071
 876500.000    6.074  677.968
 877000.000    6.015  684.636
 877500.000    5.908  697.065
 878000.000    5.995  686.974
 878500.000    5.809  708.908
 879000.000    6.015  684.667
 879500.000    6.027  683.263
 880000.000    6.112  673.749
 880500.000    5.935  693.921
 881000.000    6.001  686.196
 881500.000    5.882  700.090
 882000.000    5.907  697.179
 882500.000    6.005  685.741
 883000.000    5.862  702.532
 883500.000    5.905  697.444
 884000.000    5.847  704.262
 884500.000    5.888  699.419
 885000.000    6.001  686.259
 885500.000    5.700  722.449
 886000.000    5.805  709.359
 886500.000    5.855  703.352
 887000.000    6.027  683.238
 887500.000    5.846  704.383
 888000.000    5.909  696.875
 888500.000    6.006  685.725
 889000.000    6.090  676.179
 889500.000    5.887  699.519
 890000.000    6.069  678.574
 890500.000    5.974  689.390
 891000.000    5.987  687.826
 891500.000    6.038  682.026
 892000.000    5.888  699.465
 892500.000    5.888  699.419
 893000.000    5.897  698.290
 893500.000    6.059  679.705
 894000.000    6.208  663.409
 894500.000    5.929  694.575
 895000.000    5.904  697.458
 895500.000    5.836  705.673
 896000.000    5.890  699.229
 896500.000    6.157  668.871
 897000.000    6.309  652.790
 897500.000    6.039  681.880
 898000.000    5.900  697.939
 898500.000    5.936  693.801
 899000.000    5.981  688.554
 899500.000    5.907  697.168
 900000.000    6.103  674.767
 900500.000    6.050  680.709
 901000.000    5.929  694.518
 901500.000    5.993  687.101
 902000.000    5.844  704.656
 902500.000    6.075  677.844
 903000.000    6.216  662.485
 903500.000    6.086  676.703
 904000.000    6.137  671.015
 904500.000    6.181  666.281
 905000.000    5.907  697.193
 905500.000    6.053  680.324
 906000.000    6.091  676.083
 906500.000    6.196  664.630
 907000.000    6.034  682.539
 907500.000    5.970  689.759
 908000.000    5.979  688.752
 908500.000    6.210  663.154
 909000.000    6.124  672.497
 909500.000    6.118  673.170
 910000.000    6.006  685.725
 910500.000    6.277  656.044
 911000.000    6.253  658.620
 911500.000    5.934  694.034
 912000.000    6.041  681.729
 912500.000    5.919  695.729
 913000.000    5.986  687.906
 913500.000    5.875  700.903
 914000.000    6.056  680.036
 914500.000    5.990  687.496
 915000.000    6.092  675.937
 915500.000    6.076  677.820
 916000.000    6.107  674.338
 916500.000    6.126  672.264
 917000.000    6.208  663.363
 917500.000    6.157  668.832
 918000.000    5.925  694.997
 918500.000    6.261  657.748
 919000.000    6.042  681.573
 919500.000    6.195  664.720
 920000.000    6.299  653.730
 920500.000    5.977  688.973
 921000.000    6.212  662.880
 921500.000    5.957  691.297
 922000.000    6.235  660.465
 922500.000    6.049  680.810
 923000.000    5.840  705.100
 923500.000    5.953  691.799
 924000.000    5.889  699.346
 924500.000    5.858  702.958
 925000.000    5.973  689.456
 925500.000    6.035  682.319
 926000.000    6.058  679.741
 926500.000    6.115  673.461
 927000.000    6.109  674.142
 927500.000    5.981  688.557
 928000.000    6.044  681.333
 928500.000    6.101  674.946
 929000.000    5.795  710.580
 929500.000    5.929  694.529
 930000.000    6.225  661.524
 930500.000    5.804  709.575
 931000.000    6.149  669.763
 931500.000    6.218  662.257
 932000.000    5.953  691.814
 932500.000    6.063  679.216
 933000.000    5.874  701.063
 933500.000    6.242  659.768
 934000.000    6.241  659.876
 934500.000    6.088  676.450
 935000.000    6.212  662.913
 935500.000    6.199  664.315
 936000.000    5.901  697.891
 936500.000    6.275  656.274
 937000.000    6.031  682.797
 937500.000    5.947  692.488
 938000.000    5.972  689.565
 938500.000    5.905  697.451
 939000.000    5.861  702.593
 939500.000    6.184  665.905
 940000.000    6.178  666.606
 940500.000    5.787  711.633
 941000.000    6.074  677.995
 941500.000    5.959  691.117
 942000.000    6.084  676.883
 942500.000    6.109  674.104
 943000.000    6.050  680.697
 943500.000    5.844  704.647
 944000.000    6.167  667.808
 944500.000    5.835  705.719
 945000.000    6.056  679.966
 945500.000    6.004  685.845
 946000.000    5.939  693.363
 946500.000    6.131  671.732
 947000.000    6.001  686.200
 947500.000    5.892  698.970
 948000.000    6.096  675.517
 948500.000    6.001  686.272
 949000.000    5.991  687.408
 949500.000    6.139  670.777
 950000.000    6.008  685.492
 950500.000    5.881  700.280
 951000.000    6.026  683.340
 951500.000    6.028  683.189
 952000.000    6.048  680.859
 952500.000    5.979  688.809
 953000.000    5.934  693.971
 953500.000    5.911  696.659
 954000.000    5.995  686.977
 954500.000    5.995  686.912
 955000.000    5.894  698.746
 955500.000    5.837  705.479
 956000.000    6.094  675.763
 956500.000    5.976  689.070
 957000.000    6.067  678.769
 957500.000    6.012  684.940
 958000.000    6.017  684.384
 958500.000    6.096  675.550
 959000.000    6.046  681.082
 959500.000    5.750  716.227
 960000.000    6.002  686.179
 960500.000    6.181  666.301
 961000.000    6.121  672.760
 961500.000    5.836  705.616
 962000.000    6.003  686.026
 962500.000    5.965  690.363
 963000.000    6.021  683.924
 963500.000    6.118  673.085
 964000.000    6.267  657.136
 964500.000    6.017  684.382
 965000.000    6.123  672.541
 965500.000    5.899  698.107
 966000.000    5.901  697.818
 966500.000    5.901  697.849
 967000.000    5.834  705.927
 967500.000    6.216  662.530
 968000.000    5.983  688.333
 968500.000    6.073  678.135
 969000.000    5.969  689.867
 969500.000    6.080  677.304
 970000.000    5.935  693.872
 970500.000    5.985  688.121
 971000.000    6.020  684.119
 971500.000    6.010  685.248
 972000.000    6.084  676.828
 972500.000    6.113  673.616
 973000.000    6.053  680.336
 973500.000    6.315  652.124
 974000.000    6.052  680.480
 974500.000    6.243  659.625
 975000.000    6.154  669.133
 975500.000    6.028  683.117
 976000.000    5.742  717.205
 976500.000    6.142  670.462
 977000.000    6.070  678.429
 977500.000    6.212  662.957
 978000.000    6.153  669.288
 978500.000    5.915  696.248
 979000.000    5.964  690.470
 979500.000    6.159  668.624
 980000.000    6.152  669.441
 980500.000    6.339  649.610
 981000.000    5.945  692.649
 981500.000    6.017  684.363
 982000.000    6.033  682.626
 982500.000    6.071  678.307
 983000.000    6.112  673.738
 983500.000    5.803  709.694
 984000.000    6.040  681.857
 984500.000    6.111  673.877
 985000.000    6.222  661.873
 985500.000    6.111  673.859
 986000.000    6.323  651.301
 986500.000    6.304  653.213
 987000.000    6.182  666.159
 987500.000    5.930  694.505
 988000.000    6.055  680.074
 988500.000    6.086  676.612
 989000.000    6.147  669.943
 989500.000    6.354  648.097
 990000.000    6.037  682.140
 990500.000    5.982  688.385
 991000.000    6.162  668.353
 991500.000    5.929  694.596
 992000.000    6.355  648.051
 992500.000    5.823  707.209
 993000.000    6.071  678.331
 993500.000    6.078  677.497
 994000.000    6.226  661.396
 994500.000    6.119  673.049
 995000.000    6.148  669.795
 995500.000    5.844  704.704
 996000.000    6.007  685.546
 996500.000    5.999  686.475
 997000.000    6.118  673.119
 997500.000    6.077  677.660
 998000.000    5.825  706.985
 998500.000    5.799  710.161
 999000.000    5.966  690.296
 999500.000    5.982  688.413
1000000.000    6.007  685.579
