      64    1.975    0.152
      65    2.354    0.263
      66    0.914    0.189
      67    0.916    0.147
      68    1.618    0.231
      69    0.687    0.112
      70    0.455    0.076
      71    0.998    0.167
      72    0.823    0.122
      73    1.724    0.189
      74    0.772    0.126
      75    1.589    0.264
      76    0.297    0.077
      77    1.342    0.239
      78    0.772    0.125
      79    0.926    0.148
      80    1.646    0.245
      81    1.306    0.199
      82    1.199    0.125
      83    2.027    0.272
      84    2.028    0.136
