 750000.000    5.854  719.964
 750500.000    6.091  691.895
 751000.000    6.095  691.529
 751500.000    6.212  678.427
 752000.000    6.078  693.461
 752500.000    6.224  677.090
 753000.000    5.945  708.939
 753500.000    6.119  688.764
 754000.000    6.102  690.685
 754500.000    6.061  695.328
 755000.000    6.108  690.013
 755500.000    6.190  680.916
 756000.000    6.141  686.327
 756500.000    6.140  686.398
 757000.000    6.214  678.284
 757500.000    5.909  713.190
 758000.000    6.309  668.044
 758500.000    6.412  657.305
 759000.000    5.943  709.102
 759500.000    6.237  675.686
 760000.000    6.062  695.239
 760500.000    6.262  673.023
 761000.000    6.008  701.496
 761500.000    6.132  687.288
 762000.000    6.139  686.519
 762500.000    5.903  713.995
 763000.000    5.971  705.849
 763500.000    6.110  689.789
 764000.000    6.088  692.313
 764500.000    5.974  705.532
 765000.000    6.194  680.437
 765500.000    5.988  703.868
 766000.000    5.988  703.781
 766500.000    6.153  684.942
 767000.000    6.066  694.785
 767500.000    6.199  679.853
 768000.000    6.058  695.715
 768500.000    5.968  706.244
 769000.000    6.134  687.107
 769500.000    6.031  698.854
 770000.000    6.000  702.390
 770500.000    6.102  690.732
 771000.000    6.109  689.917
 771500.000    6.210  678.668
 772000.000    6.114  689.333
 772500.000    6.012  701.076
 773000.000    6.326  666.184
 773500.000    6.272  671.927
 774000.000    6.119  688.814
 774500.000    6.147  685.578
 775000.000    6.066  694.751
 775500.000    6.236  675.818
 776000.000    6.079  693.279
 776500.000    6.123  688.288
 777000.000    6.243  675.043
 777500.000    5.964  706.620
 778000.000    6.011  701.189
 778500.000    5.823  723.771
 779000.000    6.134  687.130
 779500.000    6.254  673.845
 780000.000    6.049  696.691
 780500.000    6.153  684.997
 781000.000    6.088  692.255
 781500.000    5.913  712.753
 782000.000    6.356  663.130
 782500.000    6.137  686.751
 783000.000    6.036  698.211
 783500.000    5.822  723.893
 784000.000    6.045  697.228
 784500.000    5.962  706.937
 785000.000    5.871  717.840
 785500.000    5.986  704.037
 786000.000    6.198  680.007
 786500.000    6.021  699.995
 787000.000    6.083  692.835
 787500.000    5.854  719.885
 788000.000    5.880  716.705
 788500.000    5.915  712.559
 789000.000    6.142  686.132
 789500.000    6.036  698.200
 790000.000    5.865  718.555
 790500.000    6.121  688.592
 791000.000    5.924  711.384
 791500.000    6.101  690.770
 792000.000    6.000  702.426
 792500.000    6.204  679.285
 793000.000    6.119  688.782
 793500.000    6.068  694.577
 794000.000    6.119  688.738
 794500.000    5.924  711.486
 795000.000    5.906  713.569
 795500.000    5.994  703.164
 796000.000    5.890  715.596
 796500.000    6.048  696.888
 797000.000    6.145  685.810
 797500.000    6.036  698.192
 798000.000    6.254  673.870
 798500.000    5.970  705.916
 799000.000    6.089  692.180
 799500.000    6.213  678.322
 800000.000    6.106  690.205
 800500.000    5.909  713.268
 801000.000    6.120  688.665
 801500.000    6.252  674.077
 802000.000    6.072  694.092
 802500.000    6.089  692.118
 803000.000    5.973  705.558
 803500.000    6.078  693.387
 804000.000    5.974  705.443
 804500.000    5.974  705.532
 805000.000    5.982  704.570
 805500.000    6.258  673.510
 806000.000    6.204  679.374
 806500.000    6.211  678.542
 807000.000    6.027  699.262
 807500.000    5.789  727.974
 808000.000    6.115  689.199
 808500.000    6.229  676.617
 809000.000    6.134  687.027
 809500.000    5.934  710.199
 810000.000    5.972  705.760
 810500.000    6.035  698.395
 811000.000    5.990  703.615
 811500.000    6.068  694.595
 812000.000    5.912  712.842
 812500.000    6.143  686.057
 813000.000    5.835  722.280
 813500.000    5.885  716.153
 814000.000    5.787  728.296
 814500.000    6.057  695.871
 815000.000    5.698  739.681
 815500.000    6.035  698.353
 816000.000    5.970  705.996
 816500.000    5.940  709.563
 817000.000    6.102  690.697
 817500.000    5.967  706.364
 818000.000    5.985  704.230
 818500.000    5.911  713.030
 819000.000    6.067  694.622
 819500.000    6.114  689.287
 820000.000    6.066  694.803
 820500.000    5.951  708.232
 821000.000    6.351  663.572
 821500.000    6.012  701.037
 822000.000    6.033  698.558
 822500.000    5.984  704.360
 823000.000    6.048  696.852
 823500.000    6.163  683.798
 824000.000    5.977  705.134
 824500.000    6.270  672.146
 825000.000    5.867  718.343
 825500.000    5.949  708.394
 826000.000    6.382  660.406
 826500.000    6.349  663.826
 827000.000    6.099  691.067
 827500.000    6.013  700.885
 828000.000    6.027  699.294
 828500.000    6.225  676.997
 829000.000    6.169  683.189
 829500.000    6.117  688.937
 830000.000    6.257  673.576
 830500.000    6.249  674.382
 831000.000    6.156  684.652
 831500.000    6.170  683.043
 832000.000    6.195  680.342
 832500.000    6.085  692.641
 833000.000    5.919  712.086
 833500.000    6.142  686.217
 834000.000    5.918  712.157
 834500.000    6.152  685.109
 835000.000    5.942  709.243
 835500.000    6.203  679.453
 836000.000    6.035  698.400
 836500.000    5.962  706.864
 837000.000    6.151  685.210
 837500.000    6.091  691.982
 838000.000    5.920  711.962
 838500.000    6.093  691.757
 839000.000    6.161  684.036
 839500.000    6.108  689.996
 840000.000    6.027  699.276
 840500.000    5.916  712.419
 841000.000    6.181  681.895
 841500.000    6.100  690.925
 842000.000    5.956  707.653
 842500.000    6.216  677.970
 843000.000    6.347  664.009
 843500.000    5.977  705.094
 844000.000    6.179  682.082
 844500.000    6.182  681.745
 845000.000    5.943  709.220
 845500.000    5.954  707.793
 846000.000    6.052  696.424
 846500.000    6.476  650.829
 847000.000    6.128  687.768
 847500.000    6.048  696.810
 848000.000    6.162  683.998
 848500.000    6.255  673.767
 849000.000    6.010  701.256
 849500.000    6.262  672.982
 850000.000    6.148  685.491
 850500.000    6.107  690.116
 851000.000    6.241  675.297
 851500.000    5.853  720.046
 852000.000    6.042  697.491
 852500.000    6.030  698.948
 853000.000    6.107  690.061
 853500.000    6.267  672.480
 854000.000    6.311  667.830
 854500.000    6.214  678.261
 855000.000    6.226  676.913
 855500.000    6.079  693.256
 856000.000    6.429  655.568
 856500.000    5.988  703.883
 857000.000    6.335  665.300
 857500.000    6.050  696.565
 858000.000    5.985  704.200
 858500.000    6.042  697.489
 859000.000    6.167  683.440
 859500.000    6.107  690.163
 860000.000    6.163  683.810
 860500.000    6.300  668.963
 861000.000    6.360  662.663
 861500.000    6.198  680.014
 862000.000    6.035  698.350
 862500.000    6.002  702.194
 863000.000    6.172  682.879
 863500.000    6.009  701.330
 864000.000    6.386  659.947
 864500.000    5.920  711.967
 865000.000    5.993  703.280
 865500.000    5.828  723.159
 866000.000    6.200  679.739
 866500.000    6.199  679.827
 867000.000    6.121  688.546
 867500.000    6.219  677.695
 868000.000    6.170  683.124
 868500.000    6.101  690.778
 869000.000    6.017  700.415
 869500.000    5.904  713.876
 870000.000    6.190  680.824
 870500.000    5.854  719.969
 871000.000    6.073  694.001
 871500.000    6.135  686.942
 872000.000    6.155  684.766
 872500.000    5.955  707.696
 873000.000    6.081  693.113
 873500.000    6.151  685.150
 874000.000    6.003  702.035
 874500.000    6.167  683.362
 875000.000    6.009  701.327
 875500.000    6.111  689.624
 876000.000    6.358  662.853
 876500.000    6.044  697.263
 877000.000    6.005  701.897
 877500.000    6.035  698.350
 878000.000    5.942  709.336
 878500.000    5.793  727.468
 879000.000    6.250  674.333
 879500.000    6.243  675.059
 880000.000    6.234  676.062
 880500.000    5.727  735.942
 881000.000    6.284  670.661
 881500.000    5.978  704.994
 882000.000    6.149  685.373
 882500.000    6.109  689.838
 883000.000    6.033  698.574
 883500.000    6.130  687.473
 884000.000    5.924  711.456
 884500.000    5.975  705.419
 885000.000    6.322  666.644
 885500.000    5.930  710.695
 886000.000    6.003  702.074
 886500.000    6.016  700.501
 887000.000    5.936  710.004
 887500.000    6.121  688.529
 888000.000    5.935  710.121
 888500.000    5.919  712.038
 889000.000    6.016  700.526
 889500.000    6.147  685.628
 890000.000    6.167  683.393
 890500.000    6.275  671.686
 891000.000    6.268  672.423
 891500.000    6.331  665.730
 892000.000    6.275  671.677
 892500.000    6.029  699.065
 893000.000    6.021  699.953
 893500.000    6.010  701.233
 894000.000    5.966  706.409
 894500.000    6.255  673.831
 895000.000    5.940  709.505
 895500.000    6.007  701.548
 896000.000    5.987  704.003
 896500.000    5.891  715.479
 897000.000    6.128  687.770
 897500.000    6.024  699.628
 898000.000    5.895  714.891
 898500.000    6.198  679.939
 899000.000    6.034  698.458
 899500.000    6.055  696.079
 900000.000    6.094  691.621
 900500.000    6.137  686.755
 901000.000    6.091  691.945
 901500.000    5.997  702.724
 902000.000    5.939  709.670
 902500.000    6.026  699.363
 903000.000    6.205  679.193
 903500.000    6.161  684.091
 904000.000    6.101  690.745
 904500.000    6.033  698.620
 905000.000    6.044  697.260
 905500.000    6.034  698.462
 906000.000    6.150  685.300
 906500.000    5.878  717.053
 907000.000    6.066  694.741
 907500.000    6.140  686.382
 908000.000    5.997  702.824
 908500.000    5.972  705.685
 909000.000    5.788  728.102
 909500.000    5.872  717.679
 910000.000    6.121  688.550
 910500.000    5.966  706.430
 911000.000    5.899  714.413
 911500.000    5.999  702.584
 912000.000    6.352  663.490
 912500.000    6.033  698.551
 913000.000    6.122  688.390
 913500.000    6.001  702.305
 914000.000    5.984  704.303
 914500.000    6.060  695.433
 915000.000    5.884  716.286
 915500.000    5.948  708.596
 916000.000    5.985  704.137
 916500.000    6.281  671.044
 917000.000    6.286  670.434
 917500.000    5.993  703.290
 918000.000    6.172  682.817
 918500.000    5.992  703.381
 919000.000    5.916  712.370
 919500.000    6.298  669.151
 920000.000    6.207  678.959
 920500.000    5.958  707.387
 921000.000    5.942  709.333
 921500.000    6.273  671.839
 922000.000    6.352  663.502
 922500.000    5.900  714.277
 923000.000    6.098  691.109
 923500.000    6.118  688.826
 924000.000    6.156  684.573
 924500.000    6.219  677.701
 925000.000    6.143  686.062
 925500.000    5.903  713.952
 926000.000    6.029  699.070
 926500.000    5.983  704.410
 927000.000    6.032  698.713
 927500.000    6.070  694.363
 928000.000    5.965  706.591
 928500.000    6.045  697.207
 929000.000    5.931  710.615
 929500.000    6.041  697.698
 930000.000    5.955  707.716
 930500.000    6.192  680.654
 931000.000    5.852  720.162
 931500.000    6.046  697.032
 932000.000    6.010  701.306
 932500.000    6.191  680.719
 933000.000    6.217  677.959
 933500.000    6.035  698.338
 934000.000    6.132  687.323
 934500.000    6.150  685.268
 935000.000    6.239  675.487
 935500.000    6.099  690.975
 936000.000    6.054  696.123
 936500.000    6.155  684.776
 937000.000    6.150  685.306
 937500.000    6.079  693.289
 938000.000    6.202  679.538
 938500.000    6.160  684.178
 939000.000    5.848  720.620
 939500.000    6.036  698.187
 940000.000    6.223  677.301
 940500.000    5.921  711.783
 941000.000    6.117  689.019
 941500.000    5.939  709.652
 942000.000    5.962  706.897
 942500.000    5.907  713.472
 943000.000    5.961  706.964
 943500.000    6.201  679.609
 944000.000    5.965  706.550
 944500.000    6.112  689.583
 945000.000    6.154  684.855
 945500.000    5.994  703.118
 946000.000    5.951  708.256
 946500.000    5.940  709.482
 947000.000    5.950  708.300
 947500.000    5.964  706.630
 948000.000    6.113  689.472
 948500.000    5.866  718.418
 949000.000    6.143  686.079
 949500.000    6.301  668.862
 950000.000    6.031  698.818
 950500.000    6.049  696.690
 951000.000    6.040  697.752
 951500.000    5.933  710.383
 952000.000    6.190  680.818
 952500.000    6.013  700.936
 953000.000    6.034  698.437
 953500.000    6.183  681.595
 954000.000    5.976  705.188
 954500.000    6.498  648.614
 955000.000    6.014  700.838
 955500.000    6.198  679.951
 956000.000    6.265  672.693
 956500.000    6.028  699.211
 957000.000    6.053  696.306
 957500.000    6.204  679.321
 958000.000    6.100  690.957
 958500.000    6.257  673.592
 959000.000    6.043  697.469
 959500.000    6.154  684.874
 960000.000    6.011  701.153
 960500.000    6.138  686.643
 961000.000    6.201  679.705
 961500.000    5.962  706.901
 962000.000    5.866  718.480
 962500.000    6.305  668.405
 963000.000    6.102  690.692
 963500.000    6.292  669.839
 964000.000    6.048  696.893
 964500.000    6.267  672.505
 965000.000    6.200  679.756
 965500.000    6.227  676.768
 966000.000    5.956  707.621
 966500.000    6.178  682.182
 967000.000    6.002  702.197
 967500.000    6.037  698.167
 968000.000    5.903  713.972
 968500.000    6.067  694.716
 969000.000    5.961  707.071
 969500.000    6.043  697.461
 970000.000    6.040  697.725
 970500.000    6.170  683.113
 971000.000    6.152  685.019
 971500.000    6.191  680.727
 972000.000    6.025  699.514
 972500.000    6.141  686.245
 973000.000    6.134  687.086
 973500.000    6.112  689.567
 974000.000    6.212  678.486
 974500.000    6.105  690.397
 975000.000    6.047  696.978
 975500.000    6.066  694.779
 976000.000    5.960  707.159
 976500.000    6.135  687.014
 977000.000    6.036  698.275
 977500.000    6.083  692.896
 978000.000    6.202  679.596
 978500.000    6.223  677.265
 979000.000    5.948  708.510
 979500.000    6.050  696.623
 980000.000    6.024  699.604
 980500.000    6.107  690.072
 981000.000    6.273  671.826
 981500.000    6.244  675.027
 982000.000    6.173  682.688
 982500.000    6.067  694.690
 983000.000    6.066  694.818
 983500.000    6.099  691.009
 984000.000    6.052  696.367
 984500.000    6.267  672.468
 985000.000    6.127  687.894
 985500.000    6.306  668.355
 986000.000    6.066  694.754
 986500.000    6.294  669.665
 987000.000    6.062  695.273
 987500.000    6.115  689.229
 988000.000    6.179  682.088
 988500.000    6.151  685.202
 989000.000    6.098  691.133
 989500.000    5.856  719.700
 990000.000    6.096  691.413
 990500.000    6.089  692.213
 991000.000    6.141  686.320
 991500.000    6.099  690.974
 992000.000    6.334  665.394
 992500.000    6.225  677.039
 993000.000    5.964  706.680
 993500.000    5.926  711.181
 994000.000    6.122  688.461
 994500.000    6.050  696.581
 995000.000    6.239  675.564
 995500.000    5.823  723.725
 996000.000    6.055  696.071
 996500.000    6.113  689.408
 997000.000    6.064  695.019
 997500.000    6.067  694.706
 998000.000    6.071  694.170
 998500.000    5.990  703.569
 999000.000    6.112  689.580
 999500.000    5.968  706.140
1000000.000    5.864  718.707
