 750000.000   29.062
 750500.000   28.619
 751000.000   28.534
 751500.000   27.864
 752000.000   29.170
 752500.000   28.577
 753000.000   29.279
 753500.000   28.529
 754000.000   28.265
 754500.000   28.348
 755000.000   27.523
 755500.000   26.794
 756000.000   29.524
 756500.000   28.377
 757000.000   28.106
 757500.000   28.885
 758000.000   28.053
 758500.000   27.480
 759000.000   28.260
 759500.000   28.032
 760000.000   28.046
 760500.000   28.538
 761000.000   28.606
 761500.000   28.621
 762000.000   28.401
 762500.000   26.782
 763000.000   26.899
 763500.000   26.140
 764000.000   28.146
 764500.000   27.854
 765000.000   26.721
 765500.000   27.238
 766000.000   28.017
 766500.000   28.024
 767000.000   27.742
 767500.000   29.412
 768000.000   29.100
 768500.000   29.786
 769000.000   28.472
 769500.000   28.346
 770000.000   29.688
 770500.000   29.755
 771000.000   28.985
 771500.000   28.779
 772000.000   27.943
 772500.000   28.084
 773000.000   28.175
 773500.000   27.186
 774000.000   28.224
 774500.000   28.411
 775000.000   28.732
 775500.000   27.798
 776000.000   27.357
 776500.000   26.319
 777000.000   27.323
 777500.000   27.225
 778000.000   27.022
 778500.000   27.168
 779000.000   27.452
 779500.000   26.899
 780000.000   26.724
 780500.000   27.319
 781000.000   26.760
 781500.000   27.119
 782000.000   27.283
 782500.000   27.139
 783000.000   27.199
 783500.000   26.837
 784000.000   28.500
 784500.000   28.502
 785000.000   27.057
 785500.000   26.573
 786000.000   26.765
 786500.000   27.509
 787000.000   26.381
 787500.000   28.113
 788000.000   27.006
 788500.000   25.570
 789000.000   27.025
 789500.000   29.266
 790000.000   26.703
 790500.000   27.380
 791000.000   26.796
 791500.000   26.851
 792000.000   27.379
 792500.000   27.044
 793000.000   28.729
 793500.000   27.098
 794000.000   27.202
 794500.000   27.939
 795000.000   27.374
 795500.000   27.441
 796000.000   27.856
 796500.000   27.189
 797000.000   26.810
 797500.000   27.024
 798000.000   26.191
 798500.000   26.915
 799000.000   28.388
 799500.000   28.570
 800000.000   27.485
 800500.000   27.545
 801000.000   27.059
 801500.000   27.364
 802000.000   26.662
 802500.000   27.339
 803000.000   27.564
 803500.000   28.195
 804000.000   27.266
 804500.000   27.045
 805000.000   27.395
 805500.000   28.164
 806000.000   27.248
 806500.000   26.647
 807000.000   26.234
 807500.000   27.189
 808000.000   26.854
 808500.000   27.070
 809000.000   28.191
 809500.000   28.664
 810000.000   27.378
 810500.000   27.661
 811000.000   26.561
 811500.000   27.143
 812000.000   27.646
 812500.000   27.932
 813000.000   27.819
 813500.000   29.931
 814000.000   28.200
 814500.000   28.524
 815000.000   27.606
 815500.000   28.289
 816000.000   28.524
 816500.000   27.966
 817000.000   26.638
 817500.000   27.430
 818000.000   27.381
 818500.000   27.033
 819000.000   26.450
 819500.000   26.798
 820000.000   27.520
 820500.000   26.371
 821000.000   27.424
 821500.000   27.208
 822000.000   27.149
 822500.000   27.989
 823000.000   27.963
 823500.000   27.267
 824000.000   26.047
 824500.000   26.555
 825000.000   26.516
 825500.000   26.316
 826000.000   27.197
 826500.000   27.037
 827000.000   27.109
 827500.000   28.894
 828000.000   27.391
 828500.000   27.723
 829000.000   25.777
 829500.000   27.684
 830000.000   28.282
 830500.000   28.205
 831000.000   28.219
 831500.000   26.907
 832000.000   27.117
 832500.000   28.499
 833000.000   26.902
 833500.000   28.034
 834000.000   26.135
 834500.000   28.232
 835000.000   28.931
 835500.000   27.378
 836000.000   26.592
 836500.000   26.590
 837000.000   26.941
 837500.000   26.902
 838000.000   27.924
 838500.000   28.256
 839000.000   29.281
 839500.000   28.812
 840000.000   26.490
 840500.000   26.594
 841000.000   28.074
 841500.000   26.570
 842000.000   26.681
 842500.000   27.484
 843000.000   27.238
 843500.000   27.299
 844000.000   27.859
 844500.000   27.026
 845000.000   27.373
 845500.000   26.533
 846000.000   26.823
 846500.000   26.531
 847000.000   26.477
 847500.000   27.316
 848000.000   27.001
 848500.000   27.225
 849000.000   26.928
 849500.000   27.017
 850000.000   28.125
 850500.000   26.369
 851000.000   27.177
 851500.000   27.075
 852000.000   26.069
 852500.000   26.867
 853000.000   25.660
 853500.000   26.822
 854000.000   26.326
 854500.000   26.712
 855000.000   26.064
 855500.000   25.205
 856000.000   27.164
 856500.000   26.911
 857000.000   26.969
 857500.000   26.228
 858000.000   25.985
 858500.000   27.310
 859000.000   26.083
 859500.000   26.932
 860000.000   26.292
 860500.000   27.628
 861000.000   26.437
 861500.000   28.737
 862000.000   26.085
 862500.000   26.981
 863000.000   27.399
 863500.000   26.535
 864000.000   26.798
 864500.000   26.413
 865000.000   28.000
 865500.000   27.152
 866000.000   27.136
 866500.000   27.277
 867000.000   26.485
 867500.000   27.205
 868000.000   26.762
 868500.000   27.418
 869000.000   27.181
 869500.000   27.459
 870000.000   27.835
 870500.000   26.870
 871000.000   26.609
 871500.000   27.035
 872000.000   26.642
 872500.000   26.736
 873000.000   26.003
 873500.000   27.090
 874000.000   26.911
 874500.000   25.328
 875000.000   26.193
 875500.000   27.736
 876000.000   26.626
 876500.000   25.753
 877000.000   25.347
 877500.000   25.891
 878000.000   26.550
 878500.000   26.448
 879000.000   27.252
 879500.000   26.528
 880000.000   26.905
 880500.000   26.808
 881000.000   26.517
 881500.000   26.368
 882000.000   25.416
 882500.000   27.409
 883000.000   27.505
 883500.000   26.936
 884000.000   26.443
 884500.000   26.158
 885000.000   26.356
 885500.000   26.315
 886000.000   27.131
 886500.000   26.098
 887000.000   27.059
 887500.000   26.302
 888000.000   26.381
 888500.000   27.012
 889000.000   28.116
 889500.000   26.324
 890000.000   27.816
 890500.000   27.587
 891000.000   28.052
 891500.000   26.842
 892000.000   27.032
 892500.000   26.314
 893000.000   25.923
 893500.000   26.753
 894000.000   27.829
 894500.000   28.467
 895000.000   27.160
 895500.000   26.871
 896000.000   27.833
 896500.000   26.715
 897000.000   27.008
 897500.000   28.448
 898000.000   27.229
 898500.000   28.434
 899000.000   28.500
 899500.000   27.584
 900000.000   27.745
 900500.000   27.687
 901000.000   27.628
 901500.000   27.031
 902000.000   26.836
 902500.000   26.091
 903000.000   27.035
 903500.000   27.325
 904000.000   26.710
 904500.000   27.238
 905000.000   27.279
 905500.000   27.158
 906000.000   27.593
 906500.000   27.752
 907000.000   27.539
 907500.000   28.620
 908000.000   28.186
 908500.000   29.427
 909000.000   27.531
 909500.000   28.182
 910000.000   28.637
 910500.000   29.367
 911000.000   29.328
 911500.000   30.310
 912000.000   28.959
 912500.000   27.038
 913000.000   28.350
 913500.000   27.834
 914000.000   27.226
 914500.000   29.969
 915000.000   29.883
 915500.000   28.595
 916000.000   28.948
 916500.000   29.379
 917000.000   29.265
 917500.000   28.389
 918000.000   28.201
 918500.000   28.247
 919000.000   27.896
 919500.000   27.574
 920000.000   28.648
 920500.000   29.074
 921000.000   28.366
 921500.000   28.564
 922000.000   29.076
 922500.000   30.173
 923000.000   28.785
 923500.000   28.087
 924000.000   29.292
 924500.000   28.598
 925000.000   28.686
 925500.000   29.219
 926000.000   28.676
 926500.000   30.248
 927000.000   28.480
 927500.000   29.437
 928000.000   28.322
 928500.000   28.511
 929000.000   28.579
 929500.000   28.448
 930000.000   29.653
 930500.000   28.909
 931000.000   29.396
 931500.000   29.200
 932000.000   29.014
 932500.000   28.672
 933000.000   28.550
 933500.000   28.032
 934000.000   29.047
 934500.000   29.294
 935000.000   28.469
 935500.000   28.035
 936000.000   28.170
 936500.000   27.992
 937000.000   29.023
 937500.000   28.006
 938000.000   28.229
 938500.000   28.349
 939000.000   28.455
 939500.000   27.895
 940000.000   27.599
 940500.000   28.591
 941000.000   27.367
 941500.000   27.478
 942000.000   28.705
 942500.000   27.900
 943000.000   28.359
 943500.000   28.690
 944000.000   28.535
 944500.000   27.562
 945000.000   28.539
 945500.000   28.526
 946000.000   29.116
 946500.000   28.429
 947000.000   29.500
 947500.000   29.199
 948000.000   30.364
 948500.000   28.813
 949000.000   28.096
 949500.000   29.504
 950000.000   29.988
 950500.000   28.838
 951000.000   29.280
 951500.000   29.357
 952000.000   29.116
 952500.000   28.733
 953000.000   28.303
 953500.000   28.372
 954000.000   29.090
 954500.000   28.479
 955000.000   27.913
 955500.000   28.484
 956000.000   29.344
 956500.000   29.181
 957000.000   30.157
 957500.000   29.110
 958000.000   28.599
 958500.000   28.288
 959000.000   28.760
 959500.000   27.537
 960000.000   29.082
 960500.000   29.457
 961000.000   28.862
 961500.000   29.319
 962000.000   28.154
 962500.000   28.637
 963000.000   28.817
 963500.000   30.218
 964000.000   29.295
 964500.000   29.913
 965000.000   29.279
 965500.000   28.854
 966000.000   28.920
 966500.000   28.155
 967000.000   29.222
 967500.000   29.935
 968000.000   29.296
 968500.000   28.591
 969000.000   29.681
 969500.000   28.789
 970000.000   28.671
 970500.000   28.802
 971000.000   27.944
 971500.000   29.352
 972000.000   28.300
 972500.000   29.112
 973000.000   28.477
 973500.000   28.014
 974000.000   28.737
 974500.000   28.717
 975000.000   28.413
 975500.000   29.008
 976000.000   29.556
 976500.000   29.132
 977000.000   28.941
 977500.000   28.260
 978000.000   28.228
 978500.000   28.219
 979000.000   28.420
 979500.000   27.627
 980000.000   28.459
 980500.000   28.121
 981000.000   27.574
 981500.000   27.660
 982000.000   27.928
 982500.000   27.602
 983000.000   27.874
 983500.000   28.053
 984000.000   27.907
 984500.000   28.243
 985000.000   28.035
 985500.000   28.364
 986000.000   26.835
 986500.000   28.787
 987000.000   28.343
 987500.000   28.031
 988000.000   27.781
 988500.000   28.231
 989000.000   27.126
 989500.000   27.510
 990000.000   28.687
 990500.000   28.371
 991000.000   29.008
 991500.000   30.056
 992000.000   29.197
 992500.000   27.617
 993000.000   28.688
 993500.000   27.699
 994000.000   28.045
 994500.000   27.703
 995000.000   27.697
 995500.000   28.279
 996000.000   28.257
 996500.000   27.921
 997000.000   27.530
 997500.000   28.124
 998000.000   27.936
 998500.000   27.869
 999000.000   27.810
 999500.000   28.234
1000000.000   28.352
