 750000.000    6.140  670.992
 750500.000    6.193  665.244
 751000.000    6.036  682.584
 751500.000    6.082  677.385
 752000.000    5.829  706.724
 752500.000    6.092  676.215
 753000.000    6.132  671.853
 753500.000    6.296  654.311
 754000.000    5.808  709.349
 754500.000    5.927  695.096
 755000.000    5.788  711.769
 755500.000    6.200  664.496
 756000.000    6.151  669.801
 756500.000    6.203  664.127
 757000.000    6.003  686.261
 757500.000    6.071  678.648
 758000.000    5.998  686.879
 758500.000    6.026  683.677
 759000.000    5.928  694.945
 759500.000    6.222  662.173
 760000.000    6.027  683.527
 760500.000    6.441  639.588
 761000.000    6.155  669.300
 761500.000    6.165  668.235
 762000.000    6.067  679.052
 762500.000    6.235  660.737
 763000.000    6.093  676.173
 763500.000    6.156  669.181
 764000.000    6.294  654.539
 764500.000    6.167  668.073
 765000.000    6.271  656.957
 765500.000    6.177  666.909
 766000.000    6.357  648.108
 766500.000    6.433  640.446
 767000.000    6.364  647.321
 767500.000    6.122  672.930
 768000.000    6.366  647.112
 768500.000    6.268  657.233
 769000.000    6.369  646.836
 769500.000    6.169  667.842
 770000.000    5.970  690.107
 770500.000    6.268  657.260
 771000.000    6.369  646.889
 771500.000    6.230  661.265
 772000.000    6.290  654.957
 772500.000    6.475  636.258
 773000.000    6.410  642.724
 773500.000    6.300  653.964
 774000.000    6.124  672.678
 774500.000    6.271  656.934
 775000.000    6.398  643.929
 775500.000    6.394  644.275
 776000.000    6.304  653.571
 776500.000    6.330  650.873
 777000.000    6.233  660.919
 777500.000    6.473  636.463
 778000.000    6.203  664.156
 778500.000    6.293  654.636
 779000.000    6.304  653.555
 779500.000    6.330  650.807
 780000.000    6.324  651.453
 780500.000    6.215  662.884
 781000.000    6.306  653.299
 781500.000    6.427  640.971
 782000.000    6.215  662.875
 782500.000    6.489  634.852
 783000.000    6.167  668.026
 783500.000    6.603  623.882
 784000.000    6.380  645.707
 784500.000    6.408  642.910
 785000.000    6.545  629.491
 785500.000    6.397  644.070
 786000.000    6.350  648.776
 786500.000    6.409  642.769
 787000.000    6.454  638.310
 787500.000    6.411  642.656
 788000.000    6.334  650.473
 788500.000    6.246  659.627
 789000.000    6.430  640.666
 789500.000    6.424  641.299
 790000.000    6.450  638.684
 790500.000    6.323  651.558
 791000.000    6.341  649.708
 791500.000    6.426  641.088
 792000.000    6.328  651.091
 792500.000    6.326  651.231
 793000.000    6.397  644.016
 793500.000    6.307  653.247
 794000.000    6.490  634.775
 794500.000    6.296  654.378
 795000.000    6.161  668.723
 795500.000    6.268  657.307
 796000.000    6.380  645.748
 796500.000    6.377  646.055
 797000.000    6.365  647.272
 797500.000    6.290  654.941
 798000.000    6.421  641.586
 798500.000    6.350  648.800
 799000.000    6.033  682.904
 799500.000    5.975  689.512
 800000.000    6.083  677.287
 800500.000    6.176  667.056
 801000.000    6.169  667.866
 801500.000    6.070  678.755
 802000.000    6.380  645.690
 802500.000    6.200  664.455
 803000.000    6.272  656.862
 803500.000    6.489  634.914
 804000.000    6.386  645.088
 804500.000    6.307  653.211
 805000.000    6.073  678.427
 805500.000    6.223  662.004
 806000.000    6.207  663.761
 806500.000    6.293  654.648
 807000.000    6.327  651.174
 807500.000    6.052  680.710
 808000.000    6.411  642.593
 808500.000    6.129  672.146
 809000.000    6.027  683.501
 809500.000    6.208  663.672
 810000.000    6.223  661.995
 810500.000    6.472  636.575
 811000.000    6.078  677.824
 811500.000    5.811  708.949
 812000.000    5.888  699.729
 812500.000    5.780  712.727
 813000.000    5.946  692.835
 813500.000    5.758  715.455
 814000.000    6.112  673.996
 814500.000    6.122  672.930
 815000.000    6.101  675.252
 815500.000    6.156  669.222
 816000.000    6.180  666.644
 816500.000    5.972  689.862
 817000.000    6.074  678.295
 817500.000    6.120  673.149
 818000.000    6.524  631.526
 818500.000    6.200  664.490
 819000.000    6.200  664.530
 819500.000    6.253  658.840
 820000.000    6.401  643.614
 820500.000    6.313  652.577
 821000.000    6.264  657.746
 821500.000    6.240  660.218
 822000.000    6.484  635.365
 822500.000    6.380  645.715
 823000.000    6.522  631.637
 823500.000    6.252  659.001
 824000.000    6.533  630.625
 824500.000    6.376  646.138
 825000.000    6.206  663.850
 825500.000    6.198  664.652
 826000.000    6.359  647.908
 826500.000    6.408  642.955
 827000.000    6.305  653.450
 827500.000    6.289  655.097
 828000.000    6.365  647.301
 828500.000    6.327  651.101
 829000.000    6.309  652.969
 829500.000    6.340  649.807
 830000.000    6.008  685.704
 830500.000    6.035  682.700
 831000.000    6.199  664.548
 831500.000    6.198  664.734
 832000.000    6.063  679.518
 832500.000    6.344  649.408
 833000.000    6.487  635.117
 833500.000    6.148  670.063
 834000.000    6.366  647.185
 834500.000    6.068  678.898
 835000.000    6.181  666.519
 835500.000    6.157  669.126
 836000.000    6.252  658.924
 836500.000    6.180  666.670
 837000.000    6.369  646.847
 837500.000    6.274  656.670
 838000.000    6.207  663.706
 838500.000    6.091  676.397
 839000.000    6.198  664.748
 839500.000    6.174  667.258
 840000.000    6.449  638.823
 840500.000    6.197  664.807
 841000.000    6.380  645.781
 841500.000    6.262  657.913
 842000.000    6.191  665.472
 842500.000    6.054  680.538
 843000.000    6.238  660.410
 843500.000    6.136  671.372
 844000.000    6.233  661.011
 844500.000    6.291  654.848
 845000.000    6.044  681.626
 845500.000    6.113  673.969
 846000.000    6.219  662.489
 846500.000    6.356  648.149
 847000.000    6.224  661.909
 847500.000    6.306  653.281
 848000.000    6.203  664.187
 848500.000    6.402  643.567
 849000.000    6.266  657.442
 849500.000    6.444  639.367
 850000.000    6.323  651.506
 850500.000    6.272  656.838
 851000.000    6.078  677.793
 851500.000    6.210  663.429
 852000.000    6.365  647.237
 852500.000    6.185  666.146
 853000.000    6.174  667.332
 853500.000    6.417  641.987
 854000.000    6.333  650.542
 854500.000    5.993  687.442
 855000.000    6.708  614.153
 855500.000    6.130  672.037
 856000.000    6.301  653.845
 856500.000    6.378  645.918
 857000.000    6.001  686.513
 857500.000    6.308  653.130
 858000.000    6.591  625.106
 858500.000    6.697  615.171
 859000.000    6.571  626.947
 859500.000    6.475  636.303
 860000.000    6.483  635.507
 860500.000    6.252  658.992
 861000.000    6.303  653.589
 861500.000    6.529  631.035
 862000.000    6.454  638.336
 862500.000    6.263  657.820
 863000.000    6.259  658.182
 863500.000    6.112  674.024
 864000.000    6.032  683.032
 864500.000    6.352  648.567
 865000.000    6.340  649.852
 865500.000    6.214  663.021
 866000.000    6.328  651.043
 866500.000    6.525  631.415
 867000.000    6.457  638.072
 867500.000    6.394  644.341
 868000.000    6.430  640.738
 868500.000    6.421  641.662
 869000.000    6.398  643.879
 869500.000    6.487  635.118
 870000.000    6.430  640.750
 870500.000    6.589  625.247
 871000.000    6.752  610.178
 871500.000    6.393  644.457
 872000.000    6.609  623.381
 872500.000    6.360  647.732
 873000.000    6.436  640.086
 873500.000    6.173  667.383
 874000.000    6.466  637.104
 874500.000    6.054  680.527
 875000.000    6.100  675.345
 875500.000    6.334  650.393
 876000.000    6.385  645.191
 876500.000    6.201  664.391
 877000.000    6.155  669.371
 877500.000    6.395  644.255
 878000.000    6.003  686.306
 878500.000    6.401  643.629
 879000.000    6.567  627.324
 879500.000    6.215  662.892
 880000.000    6.400  643.693
 880500.000    6.300  653.890
 881000.000    6.374  646.353
 881500.000    6.194  665.091
 882000.000    6.300  653.924
 882500.000    6.277  656.379
 883000.000    6.433  640.377
 883500.000    6.162  668.571
 884000.000    6.329  650.917
 884500.000    6.153  669.552
 885000.000    6.342  649.656
 885500.000    6.300  653.904
 886000.000    6.225  661.783
 886500.000    6.286  655.433
 887000.000    6.333  650.530
 887500.000    6.231  661.228
 888000.000    6.264  657.726
 888500.000    6.408  642.907
 889000.000    6.194  665.113
 889500.000    6.163  668.470
 890000.000    6.129  672.217
 890500.000    6.171  667.624
 891000.000    6.093  676.101
 891500.000    6.168  667.906
 892000.000    6.128  672.241
 892500.000    6.148  670.058
 893000.000    6.375  646.270
 893500.000    6.286  655.379
 894000.000    6.214  662.950
 894500.000    6.312  652.709
 895000.000    5.887  699.779
 895500.000    6.148  670.150
 896000.000    6.218  662.525
 896500.000    6.211  663.346
 897000.000    6.070  678.733
 897500.000    6.157  669.091
 898000.000    5.912  696.809
 898500.000    6.050  680.919
 899000.000    6.012  685.227
 899500.000    6.054  680.531
 900000.000    6.072  678.476
 900500.000    6.059  679.897
 901000.000    6.377  646.047
 901500.000    6.180  666.643
 902000.000    5.941  693.457
 902500.000    6.020  684.362
 903000.000    6.378  645.927
 903500.000    6.172  667.502
 904000.000    6.113  673.903
 904500.000    6.303  653.654
 905000.000    6.280  656.064
 905500.000    6.276  656.394
 906000.000    6.033  682.854
 906500.000    6.194  665.105
 907000.000    6.135  671.474
 907500.000    6.115  673.696
 908000.000    6.159  668.901
 908500.000    6.280  656.044
 909000.000    6.154  669.403
 909500.000    6.123  672.815
 910000.000    6.127  672.386
 910500.000    6.043  681.776
 911000.000    6.148  670.071
 911500.000    6.090  676.539
 912000.000    6.261  657.966
 912500.000    6.224  661.874
 913000.000    6.176  667.088
 913500.000    6.244  659.826
 914000.000    6.301  653.819
 914500.000    6.191  665.445
 915000.000    6.252  658.961
 915500.000    6.322  651.654
 916000.000    6.264  657.650
 916500.000    6.241  660.067
 917000.000    6.550  629.017
 917500.000    6.401  643.591
 918000.000    6.242  660.029
 918500.000    6.350  648.794
 919000.000    6.262  657.912
 919500.000    6.371  646.669
 920000.000    6.291  654.854
 920500.000    6.241  660.131
 921000.000    6.386  645.109
 921500.000    6.278  656.263
 922000.000    6.211  663.265
 922500.000    6.187  665.832
 923000.000    6.336  650.180
 923500.000    6.358  647.995
 924000.000    6.380  645.773
 924500.000    6.179  666.699
 925000.000    6.145  670.413
 925500.000    6.265  657.591
 926000.000    6.397  644.006
 926500.000    6.240  660.265
 927000.000    6.048  681.175
 927500.000    6.233  660.982
 928000.000    6.418  641.953
 928500.000    6.639  620.549
 929000.000    6.123  672.848
 929500.000    6.415  642.222
 930000.000    6.316  652.319
 930500.000    6.204  664.049
 931000.000    6.098  675.573
 931500.000    6.141  670.856
 932000.000    6.049  681.122
 932500.000    6.466  637.113
 933000.000    6.277  656.299
 933500.000    6.263  657.807
 934000.000    6.222  662.168
 934500.000    6.383  645.411
 935000.000    6.178  666.888
 935500.000    6.201  664.380
 936000.000    6.124  672.678
 936500.000    6.103  675.059
 937000.000    6.366  647.130
 937500.000    6.064  679.333
 938000.000    6.078  677.805
 938500.000    6.164  668.318
 939000.000    5.988  688.050
 939500.000    6.063  679.530
 940000.000    6.111  674.185
 940500.000    6.086  676.966
 941000.000    6.027  683.541
 941500.000    6.134  671.585
 942000.000    6.268  657.314
 942500.000    5.918  696.174
 943000.000    6.348  649.009
 943500.000    6.188  665.824
 944000.000    6.057  680.197
 944500.000    6.339  649.872
 945000.000    6.032  682.944
 945500.000    6.324  651.504
 946000.000    6.259  658.201
 946500.000    6.472  636.556
 947000.000    6.479  635.909
 947500.000    6.247  659.440
 948000.000    6.392  644.519
 948500.000    6.274  656.649
 949000.000    6.297  654.283
 949500.000    6.346  649.145
 950000.000    6.257  658.389
 950500.000    6.301  653.878
 951000.000    6.438  639.953
 951500.000    6.611  623.186
 952000.000    6.543  629.691
 952500.000    6.506  633.265
 953000.000    6.530  630.939
 953500.000    6.232  661.021
 954000.000    6.560  628.000
 954500.000    6.330  650.853
 955000.000    6.467  637.029
 955500.000    6.267  657.377
 956000.000    6.485  635.289
 956500.000    6.440  639.709
 957000.000    6.460  637.707
 957500.000    6.274  656.630
 958000.000    6.249  659.306
 958500.000    6.396  644.106
 959000.000    6.591  625.094
 959500.000    6.502  633.622
 960000.000    6.242  660.024
 960500.000    6.185  666.078
 961000.000    6.257  658.379
 961500.000    6.207  663.723
 962000.000    6.458  637.986
 962500.000    5.955  691.817
 963000.000    6.461  637.627
 963500.000    6.244  659.766
 964000.000    6.255  658.668
 964500.000    6.258  658.284
 965000.000    6.311  652.782
 965500.000    6.351  648.654
 966000.000    6.548  629.146
 966500.000    6.281  655.903
 967000.000    6.070  678.663
 967500.000    6.379  645.854
 968000.000    6.561  627.883
 968500.000    6.443  639.426
 969000.000    6.497  634.079
 969500.000    6.429  640.837
 970000.000    6.224  661.906
 970500.000    6.284  655.645
 971000.000    6.444  639.317
 971500.000    6.296  654.315
 972000.000    6.354  648.380
 972500.000    6.269  657.182
 973000.000    6.309  652.977
 973500.000    6.519  631.946
 974000.000    6.533  630.644
 974500.000    6.337  650.108
 975000.000    6.272  656.906
 975500.000    6.484  635.351
 976000.000    6.225  661.828
 976500.000    6.476  636.147
 977000.000    6.580  626.101
 977500.000    6.226  661.701
 978000.000    6.279  656.152
 978500.000    6.408  642.953
 979000.000    6.431  640.634
 979500.000    6.339  649.936
 980000.000    6.165  668.266
 980500.000    6.328  651.057
 981000.000    6.340  649.816
 981500.000    6.604  623.793
 982000.000    6.553  628.697
 982500.000    6.222  662.170
 983000.000    6.527  631.194
 983500.000    6.308  653.106
 984000.000    6.551  628.862
 984500.000    6.336  650.181
 985000.000    6.318  652.080
 985500.000    6.348  648.975
 986000.000    6.336  650.232
 986500.000    6.458  637.929
 987000.000    6.380  645.729
 987500.000    6.457  637.996
 988000.000    5.986  688.206
 988500.000    6.400  643.679
 989000.000    6.206  663.884
 989500.000    6.250  659.188
 990000.000    6.479  635.848
 990500.000    6.224  661.917
 991000.000    6.042  681.852
 991500.000    6.400  643.699
 992000.000    6.178  666.798
 992500.000    6.464  637.389
 993000.000    6.337  650.085
 993500.000    6.404  643.304
 994000.000    6.421  641.607
 994500.000    6.333  650.519
 995000.000    6.127  672.399
 995500.000    6.192  665.350
 996000.000    6.205  663.924
 996500.000    6.199  664.624
 997000.000    6.228  661.503
 997500.000    6.526  631.262
 998000.000    6.487  635.085
 998500.000    6.390  644.703
 999000.000    6.375  646.259
 999500.000    6.144  670.493
1000000.000    5.976  689.384
