39.139 34.407 -76.9915
34.14 35.632 -70.7515
43.024 43.734 -89.966
37.889 40.29 -89.705
40.13 41.19 -86.6475
31.7 34.451 -73.398
35.797 39.774 -84.8675
35.758 43.318 -90.5535
30.491 37.352 -83.981
39.153 40.162 -98.0975
47.414 52.138 -113.4115
43.349 55.315 -112.9125
42.531 44.083 -102.4805
37.73 43.645 -96.51
44.45 48.465 -117.6665
41.801 46.095 -117.8475
46.702 52.372 -121.8235
50.041 58.304 -131.922
45.178 47.348 -112.4785
45.678 50.968 -122.908
46.881 54.26 -118.875
43.708 47.873 -102.216
46.185 46.953 -108.5065
38.541 46.344 -104.953
39.192 44.507 -105.09
41.021 43.429 -105.183
44.493 43.203 -112.323
42.692 46.027 -109.526
44.477 47.218 -115.298
39.244 37.408 -92.6925
52.775 52.688 -129.262
51.741 57.074 -127.4625
58.829 58.28 -132.8005
53.489 55.849 -124.166
62.777 67.641 -147.842
61.262 65.9 -158.5695
41.905 44.539 -102.6205
58.389 62.012 -133.5495
55.818 58.414 -139.1315
53.604 53.058 -127.5305
51.806 53.505 -130.8215
39.138 36.882 -93.459
49.424 48.639 -116.303
32.423 33.845 -78.489
56.637 55.054 -126.3435
50.307 57.425 -135.151
45.35 43.875 -111.567
45.097 51.522 -119.6845
44.239 45.469 -109.8485
46.925 46.759 -117.1485
51.299 51.614 -129.7995
54.758 49.319 -127.0315
57.182 60.671 -148.5805
49.663 48.239 -121.928
48.463 49.547 -117.53
43.616 45.632 -109.3215
47.742 50.421 -113.069
51.65 54.174 -124.2415
50.801 51.681 -121.6835
50.613 53.564 -127.183
55.561 59.682 -141.5815
55.298 55.083 -131.918
56.038 56.571 -125.227
52.648 53.388 -121.65
62.113 60.595 -148.8675
58.506 59.329 -150.8605
61.046 68.033 -161.5
65.018 67.811 -159.4035
50.716 50.194 -125.1205
50.572 53.919 -136.4575
51.386 59.355 -130.2355
53.513 51.742 -132.3055
53.744 46.826 -126.264
48.654 48.191 -110.244
56.564 54.888 -127.9415
59.325 56.668 -137.639
61.479 55.222 -143.537
65.493 64.739 -157.7915
61.292 49.1 -140.4475
56.345 45.894 -123.3915
65.914 58.09 -135.6265
52.124 52.725 -122.3315
66.549 60.813 -157.318
72.204 68.324 -165.4735
69.071 66.162 -170.4115
84.184 73.443 -186.44
84.966 79.871 -188.9975
90.115 82.839 -196.604
76.181 65.337 -171.267
76.922 64.212 -161.1225
78.903 66.327 -162.1795
71.19 62.402 -159.4145
80.108 69.671 -169.6975
70.187 66.169 -156.5845
49.169 52.044 -115.6015
40.664 35.289 -88.399
52.81 54.591 -128.59
57.174 54.383 -124.578
41.422 42.388 -104.2115
49.179 44.651 -111.2295
53.729 48.651 -130.068
