-3.4455
-0.9795
-3.208
-11.526
-5.3275
-7.247
-9.2965
-11.4775
-16.138
-18.7825
-13.8595
-14.2485
-15.8665
-15.135
-24.7515
-29.9515
-22.7495
-23.577
-19.9525
-26.262
-17.734
-10.635
-15.3685
-20.068
-21.391
-20.733
-24.627
-20.807
-23.603
-16.0405
-23.799
-18.6475
-15.6915
-14.828
-17.424
-31.4075
-16.1765
-13.1485
-24.8995
-20.8685
-25.5105
-17.439
-18.24
-12.221
-14.6525
-27.419
-22.342
-23.0655
-20.1405
-23.4645
-26.8865
-22.9545
-30.7275
-24.026
-19.52
-20.0735
-14.906
-18.4175
-19.2015
-23.006
-26.3385
-21.537
-12.618
-15.614
-26.1595
-33.0255
-32.421
-26.5745
-24.2105
-31.9665
-19.4945
-27.0505
-25.694
-13.399
-16.4895
-21.646
-26.836
-27.5595
-30.0555
-21.1525
-11.6225
-17.4825
-29.956
-24.9455
-35.1785
-28.813
-24.1605
-23.65
-29.749
-19.9885
-16.9495
-25.8225
-19.9185
-20.2285
-14.3885
-12.446
-21.189
-13.021
-20.4015
-17.3995
-27.688
