92.923 75.783 -190.6175
80.321 67.565 -184.8955
70.657 64.918 -180.131
75.591 73.514 -182.309
72.134 69.976 -185.8055
67.94 63.91 -165.4535
69.627 65.563 -168.2925
63.367 54.091 -154.638
63.004 54.361 -142.632
84.144 81.305 -189.6205
81.187 73.215 -193.2905
67.02 66.243 -173.5505
83.317 77.549 -197.464
73.442 74.64 -176.957
102.758 91.677 -224.7065
77.871 78.396 -183.029
73.812 71.763 -161.6
78.98 73.518 -167.3185
63.945 52.0 -140.1515
65.939 66.287 -162.907
60.927 60.583 -150.3155
52.201 47.002 -128.0245
58.033 45.111 -140.7245
49.64 39.929 -123.268
68.743 60.711 -166.7795
60.608 46.848 -144.9165
69.515 57.424 -153.821
65.938 62.196 -159.5655
79.322 76.553 -181.229
76.878 65.4 -169.3865
84.034 78.067 -190.2025
76.826 71.567 -190.7845
83.594 77.799 -199.967
84.177 73.331 -210.1175
70.8 59.691 -163.6575
64.881 50.617 -149.5275
63.496 53.777 -149.189
85.017 70.88 -193.0175
91.02 70.925 -200.5725
80.364 70.386 -196.4995
83.818 68.473 -198.2025
79.223 65.518 -184.0115
92.997 80.237 -219.3895
88.963 79.276 -203.6275
75.669 58.017 -157.7495
95.175 82.566 -214.734
87.154 67.362 -179.6705
86.217 64.993 -194.7965
79.676 64.835 -179.0415
75.724 59.491 -162.8675
72.091 55.32 -160.4865
66.417 58.198 -161.7095
54.894 47.175 -126.1785
64.947 58.804 -153.517
61.234 46.754 -142.8945
68.698 55.553 -158.0795
74.225 58.536 -169.825
65.25 56.88 -165.481
64.506 57.595 -159.8075
66.935 61.51 -160.946
67.789 58.396 -163.5845
68.053 57.304 -162.5045
66.657 59.444 -159.0925
72.003 64.094 -171.2945
70.824 60.862 -162.4385
69.694 62.418 -163.6255
80.183 71.198 -189.4665
85.042 77.707 -197.0965
74.382 64.288 -170.3995
73.732 65.001 -170.055
64.348 53.837 -157.9455
70.251 62.327 -167.3825
67.062 57.593 -165.058
71.636 61.133 -166.8295
90.53 67.281 -192.3885
78.653 62.038 -175.4965
89.365 73.962 -178.258
74.675 61.342 -155.1765
75.248 64.36 -167.4975
77.4 68.099 -180.0465
66.552 61.359 -155.8625
74.637 60.711 -162.262
72.913 62.688 -172.843
79.741 67.645 -180.5335
65.657 58.108 -154.756
70.68 69.844 -172.6375
60.8 53.507 -137.4195
64.68 52.386 -143.5645
58.982 48.81 -131.765
57.752 55.981 -136.327
67.471 62.383 -160.9675
67.342 65.573 -157.43
62.097 61.276 -154.1405
62.649 57.715 -139.348
61.058 56.674 -155.544
56.343 50.552 -132.6815
62.125 61.399 -153.0035
52.519 47.186 -133.1405
52.025 48.825 -130.668
59.543 58.814 -138.7185
56.385 51.453 -134.8425
