-21.9115
-37.0095
-44.556
-33.204
-43.6955
-33.6035
-33.1025
-37.18
-25.267
-24.1715
-38.8885
-40.2875
-36.598
-28.875
-30.2715
-26.762
-16.025
-14.8205
-24.2065
-30.681
-28.8055
-28.8215
-37.5805
-33.699
-37.3255
-37.4605
-26.882
-31.4315
-25.354
-27.1085
-28.1015
-42.3915
-38.574
-52.6095
-33.1665
-34.0295
-31.916
-37.1205
-38.6275
-45.7495
-45.9115
-39.2705
-46.1555
-35.3885
-24.0635
-36.993
-25.1545
-43.5865
-34.5305
-27.6525
-33.0755
-37.0945
-24.1095
-29.766
-34.9065
-33.8285
-37.064
-43.351
-37.7065
-32.501
-37.3995
-37.1475
-32.9915
-35.1975
-30.7525
-31.5135
-38.0855
-34.3475
-31.7295
-31.322
-39.7605
-34.8045
-40.403
-34.0605
-34.5775
-34.8055
-14.931
-19.1595
-27.8895
-34.5475
-27.9515
-26.914
-37.242
-33.1475
-30.991
-32.1135
-23.1125
-26.4985
-23.973
-22.594
-31.1135
-24.515
-30.7675
-18.984
-37.812
-25.7865
-29.4795
-33.4355
-29.818
-20.3615
-27.0045
