16.639 23.604 -47.3205
18.22 18.889 -46.663
18.555 19.786 -48.606
15.44 16.426 -40.463
19.161 20.572 -49.804
22.002 22.512 -57.444
19.391 20.753 -49.53
23.653 22.27 -55.23
23.439 18.669 -53.583
23.934 24.557 -55.315
21.895 22.826 -59.225
29.666 25.331 -71.0735
17.76 18.745 -49.4935
16.243 19.05 -48.967
21.935 21.529 -55.295
22.144 22.575 -64.516
23.494 25.97 -66.008
23.058 24.289 -69.654
19.188 21.526 -59.449
19.065 19.89 -48.168
20.288 18.676 -51.347
23.872 25.334 -57.8215
23.876 24.105 -58.753
28.942 30.89 -78.594
29.053 31.132 -74.19
21.565 21.611 -55.4785
20.952 21.976 -52.804
29.673 29.94 -74.345
28.144 25.779 -72.331
24.495 25.675 -61.234
14.753 16.439 -35.389
18.738 21.383 -45.901
15.279 18.465 -41.23
8.675 11.529 -27.716
10.594 12.112 -33.119
8.757 14.926 -32.09
6.987 7.62 -23.27
8.505 11.279 -21.743
7.821 10.729 -23.758
4.303 6.265 -17.694
9.945 11.514 -29.7715
7.648 10.747 -20.955
8.044 11.061 -26.308
6.26 9.569 -18.46
11.095 13.16 -29.586
14.408 16.188 -40.82
11.78 12.376 -32.204
10.075 10.613 -25.267
9.066 11.789 -27.609
16.891 19.139 -50.912
12.169 14.509 -36.649
23.67 21.473 -63.717
20.473 21.124 -62.348
18.1 19.068 -56.978
16.012 19.076 -52.709
16.574 17.129 -51.496
13.71 20.248 -42.325
13.272 14.13 -36.132
6.243 7.883 -22.034
13.476 16.141 -38.933
16.45 16.789 -52.2765
14.059 17.637 -45.621
14.746 17.436 -49.973
15.256 16.327 -43.496
18.347 18.463 -53.629
13.099 22.515 -49.918
12.731 21.061 -48.909
15.431 20.302 -49.232
18.049 22.424 -50.643
18.651 25.887 -58.88
10.535 14.527 -36.84
14.333 19.986 -37.336
13.149 21.995 -45.252
10.068 12.954 -31.757
13.101 18.506 -44.673
10.088 15.81 -33.324
13.168 19.005 -39.594
14.452 21.83 -51.84
18.748 22.403 -46.189
20.461 26.621 -57.263
21.258 26.556 -62.605
23.633 24.845 -68.181
19.983 22.272 -58.273
27.209 30.396 -70.386
20.872 24.118 -54.169
19.341 22.043 -62.522
18.243 21.821 -59.29
25.259 28.793 -66.431
23.753 28.18 -68.923
22.593 23.829 -57.717
23.105 23.69 -60.827
20.416 25.698 -60.805
23.506 26.198 -71.717
29.284 29.943 -76.1115
25.279 25.472 -76.6745
27.416 25.252 -68.412
29.866 25.159 -80.4815
34.681 34.373 -88.047
23.044 22.389 -66.777
15.149 18.156 -49.57
17.214 22.874 -54.847
