36.962 35.31 -98.205
38.386 42.974 -109.686
36.282 37.688 -91.0335
25.55 25.562 -72.5575
31.746 30.02 -86.199
33.596 27.672 -77.139
41.078 36.008 -95.019
32.962 32.247 -80.441
28.134 27.139 -66.0325
28.655 31.816 -84.161
33.529 35.426 -96.249
23.978 27.054 -67.8675
17.567 19.215 -42.611
19.779 17.343 -43.952
24.348 24.701 -55.545
18.825 17.294 -44.116
26.036 26.113 -65.384
30.724 32.258 -81.518
34.944 31.548 -89.86
31.695 32.257 -76.656
31.455 37.347 -89.232
31.323 32.061 -91.35
37.552 39.573 -103.0665
37.344 38.587 -87.5225
32.191 33.511 -87.381
25.39 28.016 -64.337
32.007 32.919 -71.3175
35.22 39.74 -86.4245
26.998 26.319 -65.7075
31.608 29.544 -72.655
36.573 33.512 -84.8485
28.466 27.689 -71.247
31.705 30.757 -70.19
33.618 35.153 -86.558
31.407 28.277 -79.2935
28.5 31.608 -76.521
39.444 42.149 -94.318
31.288 35.619 -70.343
34.382 34.274 -84.342
36.836 34.272 -75.083
27.911 27.027 -64.1315
33.788 40.204 -80.133
29.852 35.98 -79.751
31.917 35.415 -80.467
26.516 28.329 -64.419
28.467 27.775 -67.087
40.931 38.364 -79.866
35.445 37.891 -77.1315
33.604 34.311 -81.26
33.186 31.747 -82.519
28.633 32.424 -73.157
28.673 32.655 -82.571
24.713 33.28 -64.209
26.57 29.088 -67.563
26.774 24.386 -66.3865
24.947 27.192 -58.009
20.812 23.462 -53.973
27.928 33.516 -78.755
23.702 25.214 -64.896
26.922 29.96 -61.424
28.334 29.619 -73.437
30.357 35.488 -87.063
30.318 31.973 -87.394
33.226 38.518 -96.276
26.716 27.388 -72.4145
32.907 33.718 -90.2575
33.392 36.532 -85.415
34.942 31.598 -83.9535
38.277 32.225 -91.908
35.812 33.42 -91.142
32.304 31.554 -82.448
39.704 37.622 -96.6515
46.416 43.318 -116.871
35.627 37.384 -98.144
36.213 40.289 -107.4835
36.675 37.035 -98.9135
30.693 28.469 -82.715
30.982 33.378 -81.53
36.328 36.278 -85.8065
33.707 34.469 -84.8205
27.854 27.162 -68.763
23.436 27.451 -66.396
22.118 28.649 -62.131
26.324 30.373 -75.186
31.299 33.946 -86.055
27.473 31.426 -74.14
23.163 24.256 -63.145
19.751 23.736 -61.871
23.81 28.703 -69.429
20.362 22.912 -61.022
27.202 31.19 -78.726
22.503 24.48 -63.7415
24.911 25.775 -63.158
25.793 35.209 -77.793
23.525 26.93 -66.2065
26.348 30.072 -69.167
27.238 28.414 -67.9145
29.355 32.438 -79.6945
31.34 36.52 -78.231
31.411 38.352 -72.796
36.704 38.735 -94.233
