BFII_lipid
""
WAVELENGTH	FLUORESCENCE
300.0	172.3515167236328
300.5	180.7938690185547
301.0	190.4007110595703
301.5	199.47865295410156
302.0	212.94325256347656
302.5	228.17764282226562
303.0	242.82449340820312
303.5	259.1916198730469
304.0	274.4793701171875
304.5	292.0202941894531
305.0	311.9580078125
305.5	327.287841796875
306.0	348.3519592285156
306.5	364.3932800292969
307.0	386.220947265625
307.5	403.0196838378906
308.0	426.0784606933594
308.5	447.797119140625
309.0	468.0238952636719
309.5	490.2913818359375
310.0	510.6036376953125
310.5	531.0219116210938
311.0	554.5822143554688
311.5	575.6174926757812
312.0	598.8580932617188
312.5	620.8778686523438
313.0	645.4443359375
313.5	667.8643798828125
314.0	692.3627319335938
314.5	719.7097778320312
315.0	740.0263671875
315.5	767.3179931640625
316.0	787.6976928710938
316.5	814.8718872070312
317.0	839.8607177734375
317.5	862.74072265625
318.0	885.59912109375
318.5	911.0091552734375
319.0	934.2227783203125
319.5	958.7144165039062
320.0	982.0475463867188
320.5	1007.5435791015625
321.0	1035.62939453125
321.5	1056.6502685546875
322.0	1084.994873046875
322.5	1105.7681884765625
323.0	1133.477294921875
323.5	1159.1307373046875
324.0	1182.0079345703125
324.5	1205.386474609375
325.0	1230.754638671875
325.5	1253.692138671875
326.0	1278.5760498046875
326.5	1301.0465087890625
327.0	1325.3060302734375
327.5	1351.89306640625
328.0	1371.9534912109375
328.5	1398.2281494140625
329.0	1417.5623779296875
329.5	1442.531982421875
330.0	1463.7158203125
330.5	1486.155029296875
331.0	1506.177978515625
331.5	1528.1956787109375
332.0	1547.3345947265625
332.5	1567.9521484375
333.0	1590.017333984375
333.5	1606.06494140625
334.0	1627.524169921875
334.5	1644.529052734375
335.0	1662.8101806640625
335.5	1678.822998046875
336.0	1696.024169921875
336.5	1710.9345703125
337.0	1727.0577392578125
337.5	1744.9149169921875
338.0	1757.287109375
338.5	1773.0634765625
339.0	1785.6351318359375
339.5	1798.8779296875
340.0	1810.379638671875
340.5	1822.3424072265625
341.0	1832.5592041015625
341.5	1842.8173828125
342.0	1853.7982177734375
342.5	1861.10595703125
343.0	1871.3336181640625
343.5	1878.4893798828125
344.0	1885.8265380859375
344.5	1892.952392578125
345.0	1900.376220703125
345.5	1905.6463623046875
346.0	1910.6063232421875
346.5	1916.3453369140625
347.0	1919.6102294921875
347.5	1923.599365234375
348.0	1926.156494140625
348.5	1928.8623046875
349.0	1930.65234375
349.5	1932.0654296875
350.0	1933.378662109375
350.5	1934.3306884765625
351.0	1934.04833984375
351.5	1932.9700927734375
352.0	1931.5328369140625
352.5	1930.2044677734375
353.0	1928.3907470703125
353.5	1925.9327392578125
354.0	1922.9176025390625
354.5	1919.5921630859375
355.0	1915.976318359375
355.5	1911.4453125
356.0	1907.8056640625
356.5	1902.9681396484375
357.0	1897.2440185546875
357.5	1891.7537841796875
358.0	1885.8651123046875
358.5	1879.0257568359375
359.0	1872.51318359375
359.5	1865.312255859375
360.0	1858.982666015625
360.5	1851.48828125
361.0	1844.038330078125
361.5	1835.4180908203125
362.0	1826.745361328125
362.5	1817.66064453125
363.0	1807.8248291015625
363.5	1799.0260009765625
364.0	1788.517333984375
364.5	1778.8743896484375
365.0	1767.057861328125
365.5	1755.5322265625
366.0	1745.1187744140625
366.5	1732.893798828125
367.0	1721.48291015625
367.5	1707.389892578125
368.0	1694.6058349609375
368.5	1682.492919921875
369.0	1669.4534912109375
369.5	1656.991943359375
370.0	1643.4312744140625
370.5	1630.9473876953125
371.0	1615.1075439453125
371.5	1600.8438720703125
372.0	1587.017822265625
372.5	1571.6845703125
373.0	1557.421630859375
373.5	1540.21923828125
374.0	1523.9627685546875
374.5	1509.396240234375
375.0	1492.9781494140625
375.5	1477.866943359375
376.0	1459.634765625
376.5	1442.922607421875
377.0	1427.593017578125
377.5	1411.2069091796875
378.0	1395.777099609375
378.5	1375.9791259765625
379.0	1359.372802734375
379.5	1343.436767578125
380.0	1325.9937744140625
380.5	1310.1007080078125
381.0	1290.9410400390625
381.5	1273.1544189453125
382.0	1257.624267578125
382.5	1239.42041015625
383.0	1223.821044921875
383.5	1204.787109375
384.0	1187.421142578125
384.5	1171.864013671875
385.0	1154.9307861328125
385.5	1139.40625
386.0	1120.206298828125
386.5	1102.765380859375
387.0	1087.2691650390625
387.5	1070.25537109375
388.0	1054.5377197265625
388.5	1035.993896484375
389.0	1019.0948486328125
389.5	1004.2722778320312
390.0	986.4782104492188
390.5	972.9743041992188
391.0	955.4781494140625
391.5	939.92529296875
392.0	925.31884765625
392.5	908.2313842773438
393.0	895.5264282226562
393.5	878.6532592773438
394.0	863.8328857421875
394.5	850.1926879882812
395.0	833.7437133789062
395.5	818.5267944335938
396.0	805.0585327148438
396.5	789.2410278320312
397.0	776.8347778320312
397.5	761.28466796875
398.0	747.3975219726562
398.5	734.7929077148438
399.0	720.2238159179688
399.5	706.5533447265625
400.0	693.976806640625
400.5	682.347900390625
401.0	669.357666015625
401.5	656.0266723632812
402.0	643.1167602539062
402.5	631.5750122070312
403.0	617.717041015625
403.5	606.21630859375
404.0	595.3926391601562
404.5	584.8272094726562
405.0	573.7792358398438
405.5	561.57275390625
406.0	551.3071899414062
406.5	540.1480712890625
407.0	528.0997314453125
407.5	517.4868774414062
408.0	508.08544921875
408.5	496.7210388183594
409.0	488.1154479980469
409.5	477.23394775390625
410.0	468.2315368652344
410.5	458.6405029296875
411.0	448.1611633300781
411.5	439.5796813964844
412.0	430.4306335449219
412.5	420.4241638183594
413.0	412.233154296875
413.5	404.7682800292969
414.0	395.6985168457031
414.5	389.0980224609375
415.0	380.29559326171875
415.5	373.3006591796875
416.0	365.53253173828125
416.5	356.93377685546875
417.0	350.2043762207031
417.5	343.20849609375
418.0	335.3079528808594
418.5	328.78125
419.0	321.6767883300781
419.5	314.320068359375
420.0	307.6945495605469
420.5	301.4213562011719
421.0	294.42095947265625
421.5	289.4390563964844
422.0	282.3603210449219
422.5	275.4205627441406
423.0	270.81427001953125
423.5	264.3358154296875
424.0	259.23016357421875
424.5	253.8114013671875
425.0	247.80125427246094
425.5	242.73968505859375
426.0	237.43218994140625
426.5	231.70384216308594
427.0	227.23878479003906
427.5	222.3161163330078
428.0	217.0524139404297
428.5	212.822021484375
429.0	208.3096466064453
429.5	203.43260192871094
430.0	199.47010803222656
430.5	195.1001739501953
431.0	190.06520080566406
431.5	186.10472106933594
432.0	182.01547241210938
432.5	177.60653686523438
433.0	173.9308319091797
433.5	169.9345245361328
434.0	166.0927734375
434.5	162.89859008789062
435.0	159.21939086914062
435.5	155.40567016601562
436.0	152.3059844970703
436.5	149.03994750976562
437.0	145.47828674316406
437.5	142.6951904296875
438.0	139.50372314453125
438.5	136.02481079101562
439.0	133.28140258789062
439.5	130.46424865722656
440.0	127.36588287353516
440.5	124.81698608398438
441.0	122.13347625732422
441.5	119.2326431274414
442.0	116.7941665649414
442.5	114.24688720703125
443.0	111.49053955078125
443.5	109.39929962158203
444.0	106.74844360351562
444.5	104.23101806640625
445.0	101.76648712158203
445.5	99.67322540283203
446.0	97.55330657958984
446.5	95.01383972167969
447.0	93.13566589355469
447.5	91.07811737060547
448.0	88.87744140625
448.5	87.08954620361328
449.0	85.35230255126953
449.5	83.35018920898438
450.0	81.69914245605469
