18.419 22.571 -54.175
21.155 21.888 -59.442
22.397 25.552 -56.389
21.412 25.209 -59.561
24.801 26.122 -61.217
21.628 22.606 -61.039
24.861 23.5 -64.909
28.199 30.479 -76.652
25.844 29.633 -75.2125
25.87 24.899 -66.717
28.686 27.65 -63.088
24.445 24.276 -57.144
27.858 25.298 -68.263
28.114 27.866 -65.696
26.144 27.374 -71.9935
22.789 28.591 -68.197
28.391 31.78 -79.84
36.46 38.141 -97.964
35.824 35.865 -93.598
32.684 32.93 -90.1215
38.036 36.876 -107.539
37.545 38.868 -103.6915
41.021 41.699 -116.457
39.179 41.254 -114.2065
40.808 41.779 -108.565
36.025 35.728 -91.99
37.84 39.64 -105.535
39.832 33.518 -98.2865
38.804 38.544 -109.172
31.959 31.331 -84.237
34.426 33.052 -88.877
39.776 37.082 -101.897
37.603 33.367 -102.52
36.553 36.921 -98.425
37.988 34.825 -92.881
38.126 38.407 -100.2425
35.214 34.756 -93.447
37.004 39.163 -98.511
34.399 36.06 -94.258
38.864 42.668 -97.0595
30.799 32.722 -86.119
37.695 35.199 -82.606
38.827 38.885 -88.587
41.342 41.96 -106.521
35.149 39.168 -89.793
34.321 36.887 -87.767
33.115 39.63 -89.296
33.806 33.951 -86.575
36.134 34.821 -86.935
31.387 27.371 -75.8045
35.359 36.354 -81.028
32.878 34.471 -87.798
36.095 36.498 -88.8875
32.901 34.441 -88.608
30.424 31.222 -76.073
24.745 29.305 -66.789
30.658 33.984 -77.611
35.395 37.697 -86.23
33.578 33.548 -82.171
37.862 36.791 -92.9015
32.159 33.492 -85.23
33.225 32.643 -75.674
32.238 32.803 -86.3015
33.072 35.743 -82.9955
30.464 34.468 -75.71
30.471 40.856 -84.767
35.828 36.636 -84.218
36.974 39.591 -88.531
26.413 28.106 -59.222
28.543 32.123 -71.439
25.768 29.446 -66.0315
27.638 30.185 -77.528
26.501 26.24 -68.285
26.953 29.674 -70.975
27.573 32.383 -68.6815
29.201 31.124 -68.9595
29.871 23.865 -69.649
28.782 26.263 -67.25
35.276 31.446 -78.268
38.068 31.504 -81.57
38.159 36.558 -96.688
37.269 38.179 -93.985
38.352 36.57 -98.315
42.24 38.53 -110.553
37.629 37.536 -87.9265
32.844 32.145 -83.583
35.275 33.808 -91.576
39.889 38.543 -101.283
39.915 37.612 -87.805
34.613 36.534 -103.239
35.601 36.138 -98.8495
38.832 37.63 -100.426
30.834 32.688 -86.045
37.647 37.545 -94.8005
30.859 30.536 -84.0175
39.922 40.09 -98.478
35.737 33.639 -88.9695
40.381 39.513 -104.3775
42.049 40.048 -100.0975
45.885 42.637 -116.6895
50.853 50.521 -119.9275
