30.833 38.325 -88.856
33.932 44.377 -86.125
35.428 40.941 -90.741
28.433 36.62 -76.7545
36.162 44.998 -94.477
34.778 42.026 -87.499
35.389 41.625 -89.138
34.213 44.743 -99.3275
35.144 42.575 -90.2345
33.421 42.418 -90.781
30.501 40.137 -79.585
31.923 44.64 -89.689
41.655 51.839 -112.9915
39.106 47.124 -99.7795
39.44 45.853 -99.9315
37.385 44.885 -93.456
40.665 50.534 -112.008
40.265 52.234 -112.9875
42.829 54.721 -116.096
38.83 54.643 -110.552
32.011 42.331 -84.4835
33.527 40.265 -97.6305
34.5 41.862 -93.819
37.308 43.66 -95.0175
29.413 38.026 -84.61
31.075 37.646 -95.194
41.678 46.67 -114.214
33.133 40.086 -91.9155
40.835 51.59 -115.806
41.558 50.885 -110.1145
35.453 43.39 -96.4605
39.378 45.584 -108.181
37.077 45.216 -100.656
35.648 40.395 -89.553
37.295 44.213 -89.1515
41.695 48.662 -109.5415
33.364 39.938 -94.132
37.246 44.187 -90.371
38.215 46.584 -97.607
44.762 48.669 -112.525
43.372 50.502 -113.713
41.283 51.589 -121.328
44.354 51.864 -117.01
40.336 49.0 -105.708
38.229 43.796 -106.942
44.805 46.394 -112.8745
35.815 38.567 -92.089
35.17 44.025 -107.026
40.715 49.379 -112.421
43.67 53.578 -116.156
44.881 51.732 -120.9005
41.705 48.996 -108.9095
35.768 46.172 -97.282
37.648 44.897 -99.243
36.802 45.723 -97.7875
32.637 40.151 -91.878
26.903 38.603 -79.204
34.55 39.488 -91.1105
34.38 43.27 -90.8805
35.497 40.211 -82.52
32.977 42.241 -82.966
33.418 37.329 -82.6125
35.163 43.637 -90.356
31.963 35.922 -79.1365
29.843 33.314 -74.949
25.069 28.884 -68.2495
33.713 40.369 -95.863
30.998 35.864 -80.535
28.116 34.987 -75.325
29.428 35.559 -79.202
26.798 31.177 -77.463
23.536 30.055 -67.023
21.176 26.427 -56.768
19.954 29.606 -60.813
20.994 33.323 -57.778
25.021 37.048 -71.778
17.493 23.328 -50.41
31.569 36.794 -75.9175
29.892 41.782 -86.144
38.08 40.398 -93.493
23.67 33.549 -70.355
30.155 40.635 -83.58
26.191 38.069 -75.636
24.607 34.765 -69.9995
28.222 40.611 -74.198
24.048 33.117 -64.429
19.383 29.106 -62.644
20.954 33.823 -63.166
20.514 32.773 -64.926
22.728 31.217 -59.014
26.237 36.453 -67.282
22.758 31.796 -61.157
24.625 32.172 -66.471
18.862 25.185 -52.592
17.887 21.882 -45.855
21.897 28.207 -56.462
16.059 25.529 -48.6295
19.46 29.507 -55.027
19.27 27.293 -58.673
15.74 23.632 -40.053
19.637 28.903 -55.655
