27.128 30.481 -74.4195
29.979 24.39 -74.295
27.571 25.478 -68.3955
30.096 30.174 -75.675
32.726 35.686 -78.083
24.709 22.35 -67.466
33.528 28.264 -85.466
27.347 25.815 -62.718
29.403 35.885 -80.703
28.907 27.901 -66.826
27.828 29.541 -74.105
23.464 23.645 -63.529
23.687 20.151 -70.951
25.842 24.852 -64.774
20.535 25.04 -56.4385
24.281 23.762 -62.056
21.037 22.356 -57.286
17.675 20.155 -42.806
17.151 14.924 -53.231
20.871 22.919 -54.1335
21.82 23.174 -58.397
18.393 17.441 -52.407
17.391 18.035 -47.787
13.401 13.381 -35.497
18.721 15.995 -52.656
14.111 13.663 -44.91
21.421 22.493 -60.475
17.692 18.311 -51.249
21.326 15.055 -45.658
28.408 27.959 -74.941
29.817 27.311 -76.134
33.106 33.67 -84.865
35.608 36.127 -85.0225
33.7 30.611 -82.432
41.773 35.319 -91.741
33.659 35.873 -89.952
31.288 30.816 -83.431
28.113 32.396 -73.664
21.12 27.851 -63.846
32.342 33.42 -85.4655
26.146 30.257 -75.728
29.424 34.36 -81.705
34.895 33.873 -91.594
39.752 39.583 -93.7405
37.325 37.173 -89.484
25.979 27.617 -59.027
19.717 23.38 -51.16
30.85 27.755 -72.352
25.432 17.947 -56.389
21.457 22.88 -53.07
19.79 21.65 -53.048
23.427 24.852 -60.932
28.749 26.674 -65.666
27.5 34.728 -75.8155
42.017 45.626 -96.771
45.492 44.872 -107.1575
45.595 49.266 -110.1835
32.823 34.7 -76.3545
30.898 31.507 -71.928
37.852 36.537 -94.763
28.641 28.117 -77.1975
23.581 25.292 -64.6505
14.826 17.987 -52.604
22.971 23.693 -66.167
22.88 24.255 -69.694
29.051 35.314 -88.8125
28.441 31.378 -82.0135
26.591 29.774 -73.887
25.273 29.629 -66.732
31.037 31.212 -78.085
22.2 23.712 -54.949
35.757 29.582 -82.5595
22.667 26.98 -64.054
23.886 24.426 -63.009
25.408 28.435 -72.617
19.152 20.696 -54.901
33.536 34.016 -77.534
30.926 30.196 -78.974
28.742 30.511 -71.02
23.064 26.168 -57.059
27.226 27.156 -72.4345
25.324 29.707 -75.216
32.203 37.376 -76.5185
23.012 23.935 -53.3525
29.238 30.058 -78.0965
31.471 28.569 -77.721
31.41 31.881 -70.952
24.744 23.128 -64.0075
22.095 26.76 -61.6405
22.058 22.143 -62.977
25.051 22.757 -61.981
22.271 24.159 -65.287
24.26 26.721 -64.487
22.252 23.855 -59.882
22.949 24.794 -62.0975
19.194 21.588 -50.9125
18.472 22.243 -56.414
22.747 24.182 -68.533
22.572 26.931 -55.6145
17.007 21.673 -51.714
21.89 25.304 -55.61
