      22    2.508    0.154
      23    1.950    0.188
      24    0.967    0.099
      25    0.726    0.075
      26    1.418    0.150
      27    1.767    0.172
      28    0.451    0.064
      29    2.036    0.126
      30    0.901    0.105
      31    1.752    0.157
      32    0.547    0.113
      33    1.186    0.123
      34    0.561    0.085
      35    1.078    0.214
      36    1.320    0.151
      37    1.818    0.157
      38    1.028    0.194
      39    1.588    0.233
      40    1.272    0.140
      41    2.252    0.187
      42    2.935    0.147
