 750000.000 1.136131 0.590831 1.036070 1.076599
 750500.000 1.112322 0.596442 1.004409 1.053537
 751000.000 1.133387 0.612281 1.020894 1.073321
 751500.000 1.147286 0.620174 1.029857 1.089638
 752000.000 1.160747 0.625767 1.040958 1.104305
 752500.000 1.152417 0.647429 1.024342 1.089812
 753000.000 1.142287 0.602515 1.035723 1.083464
 753500.000 1.155141 0.637548 1.037122 1.089316
 754000.000 1.149848 0.614536 1.042164 1.086527
 754500.000 1.129953 0.588199 1.027689 1.073064
 755000.000 1.096252 0.602400 0.987222 1.032493
 755500.000 1.137457 0.619728 1.020784 1.077753
 756000.000 1.135931 0.630140 1.019787 1.069408
 756500.000 1.117129 0.605317 1.006436 1.056708
 757000.000 1.128234 0.575384 1.039706 1.064787
 757500.000 1.113827 0.562131 1.023341 1.057357
 758000.000 1.101341 0.571733 1.003700 1.044802
 758500.000 1.109554 0.567224 1.019019 1.049799
 759000.000 1.109376 0.560067 1.019020 1.053259
 759500.000 1.115051 0.582799 1.020167 1.051799
 760000.000 1.116834 0.580761 1.024388 1.052606
 760500.000 1.130099 0.613671 1.011614 1.074379
 761000.000 1.121459 0.558133 1.033846 1.065360
 761500.000 1.121994 0.554528 1.038971 1.063383
 762000.000 1.131932 0.549606 1.053971 1.072202
 762500.000 1.101411 0.555823 1.022612 1.035151
 763000.000 1.132326 0.613047 1.018607 1.072819
 763500.000 1.110411 0.560811 1.032803 1.041554
 764000.000 1.109224 0.546540 1.021385 1.057743
 764500.000 1.118473 0.566695 1.030994 1.057295
 765000.000 1.118546 0.577123 1.033286 1.049543
 765500.000 1.129637 0.563200 1.052959 1.061246
 766000.000 1.115397 0.576433 1.029219 1.047213
 766500.000 1.110017 0.591375 1.021514 1.034920
 767000.000 1.148881 0.566533 1.071826 1.081705
 767500.000 1.124438 0.592657 1.045450 1.041399
 768000.000 1.120222 0.595771 1.027658 1.048222
 768500.000 1.112049 0.585348 1.012004 1.051914
 769000.000 1.115438 0.578168 1.019781 1.055544
 769500.000 1.141517 0.618669 1.028773 1.079350
 770000.000 1.124233 0.596665 1.013261 1.070091
 770500.000 1.126136 0.581142 1.023245 1.073131
 771000.000 1.121592 0.571781 1.025488 1.066479
 771500.000 1.098806 0.585269 0.995316 1.039979
 772000.000 1.134501 0.603224 1.028758 1.073296
 772500.000 1.123336 0.569175 1.028873 1.068282
 773000.000 1.086638 0.588202 0.981732 1.025566
 773500.000 1.093096 0.583197 0.984068 1.039813
 774000.000 1.086135 0.584071 0.972040 1.036040
 774500.000 1.105318 0.552899 1.011674 1.055592
 775000.000 1.112095 0.575906 1.008865 1.060204
 775500.000 1.103205 0.583816 0.993858 1.051440
 776000.000 1.105203 0.526841 1.021376 1.059329
 776500.000 1.119826 0.533000 1.041178 1.067651
 777000.000 1.165577 0.557749 1.074220 1.118976
 777500.000 1.145563 0.565786 1.050146 1.096225
 778000.000 1.100217 0.540134 1.013193 1.050071
 778500.000 1.099712 0.549033 1.007597 1.049783
 779000.000 1.100798 0.544741 1.018386 1.043867
 779500.000 1.104473 0.525140 1.025633 1.054526
 780000.000 1.098902 0.543537 1.011275 1.047409
 780500.000 1.110741 0.545841 1.023658 1.059090
 781000.000 1.111819 0.550807 1.018353 1.063884
 781500.000 1.123898 0.547978 1.032675 1.076846
 782000.000 1.105098 0.544602 1.013199 1.057980
 782500.000 1.094385 0.538199 1.008876 1.043009
 783000.000 1.115613 0.526962 1.032708 1.070051
 783500.000 1.110057 0.528004 1.029557 1.060979
 784000.000 1.135297 0.520952 1.062047 1.085571
 784500.000 1.129075 0.526060 1.050844 1.081023
 785000.000 1.138257 0.545860 1.053602 1.087757
 785500.000 1.136474 0.551789 1.040515 1.093621
 786000.000 1.142127 0.555294 1.049682 1.094863
 786500.000 1.143373 0.587547 1.032158 1.097287
 787000.000 1.143554 0.585963 1.035057 1.095781
 787500.000 1.121978 0.572339 1.018254 1.073897
 788000.000 1.110440 0.573031 1.004965 1.061994
 788500.000 1.122303 0.551733 1.034220 1.070097
 789000.000 1.133705 0.566594 1.042290 1.078508
 789500.000 1.127214 0.567337 1.031796 1.074592
 790000.000 1.102949 0.575708 1.007318 1.042528
 790500.000 1.122796 0.565194 1.030593 1.067603
 791000.000 1.132793 0.570369 1.043851 1.073077
 791500.000 1.094089 0.573026 0.997233 1.035002
 792000.000 1.100795 0.550239 1.010874 1.048271
 792500.000 1.128386 0.544794 1.047375 1.073646
 793000.000 1.094677 0.568883 0.991436 1.044060
 793500.000 1.096148 0.570507 1.003790 1.034413
 794000.000 1.117497 0.613738 0.999544 1.059168
 794500.000 1.134103 0.623547 1.017358 1.071705
 795000.000 1.105760 0.599551 0.989091 1.052448
 795500.000 1.099391 0.608249 0.993748 1.029475
 796000.000 1.098216 0.579038 1.003071 1.034756
 796500.000 1.115495 0.612832 1.004327 1.050917
 797000.000 1.092973 0.617710 0.977735 1.025500
 797500.000 1.103588 0.614217 0.989384 1.039071
 798000.000 1.088415 0.608741 0.973948 1.024771
 798500.000 1.101989 0.591641 0.995248 1.043170
 799000.000 1.100658 0.571933 0.996317 1.050305
 799500.000 1.114320 0.567726 1.010205 1.067984
 800000.000 1.059620 0.577582 0.949442 1.005260
 800500.000 1.073182 0.577429 0.968149 1.016221
 801000.000 1.096294 0.583811 0.987602 1.042845
 801500.000 1.079042 0.600081 0.963510 1.019908
 802000.000 1.090431 0.590201 0.980774 1.033356
 802500.000 1.079725 0.593753 0.969338 1.019536
 803000.000 1.083263 0.582435 0.971715 1.031240
 803500.000 1.079402 0.582086 0.972242 1.022811
 804000.000 1.094405 0.590509 0.982272 1.040139
 804500.000 1.117811 0.580889 1.013609 1.064972
 805000.000 1.153266 0.564179 1.066733 1.097190
 805500.000 1.080456 0.574606 0.983494 1.018499
 806000.000 1.075896 0.556610 0.988300 1.014177
 806500.000 1.108499 0.550035 1.020680 1.055089
 807000.000 1.131627 0.552000 1.046390 1.077741
 807500.000 1.107914 0.554974 1.021841 1.050140
 808000.000 1.092715 0.559075 1.006486 1.030763
 808500.000 1.119735 0.561369 1.036483 1.057440
 809000.000 1.145579 0.572360 1.064962 1.078406
 809500.000 1.126193 0.554491 1.050788 1.060664
 810000.000 1.154292 0.558439 1.071868 1.097279
 810500.000 1.117763 0.566360 1.025946 1.060877
 811000.000 1.138187 0.549784 1.054105 1.085144
 811500.000 1.144150 0.561286 1.068018 1.078173
 812000.000 1.107106 0.577288 1.012095 1.045834
 812500.000 1.144689 0.557637 1.060488 1.088592
 813000.000 1.097836 0.553209 1.012066 1.039312
 813500.000 1.149279 0.545237 1.082343 1.083020
 814000.000 1.136288 0.552552 1.062597 1.071389
 814500.000 1.144487 0.570326 1.064540 1.077583
 815000.000 1.156320 0.563297 1.087516 1.083586
 815500.000 1.122128 0.578225 1.037251 1.052667
 816000.000 1.151590 0.590837 1.064723 1.081477
 816500.000 1.136337 0.590346 1.051677 1.062068
 817000.000 1.139736 0.621087 1.054292 1.049148
 817500.000 1.127707 0.603720 1.021918 1.065200
 818000.000 1.126453 0.615573 1.004956 1.071878
 818500.000 1.130060 0.617305 1.017445 1.066683
 819000.000 1.134117 0.616757 1.028939 1.064581
 819500.000 1.151203 0.620070 1.037411 1.090793
 820000.000 1.126646 0.619653 1.007160 1.067857
 820500.000 1.107864 0.601881 0.994913 1.050055
 821000.000 1.122435 0.612597 1.009701 1.060636
 821500.000 1.123145 0.635468 1.012262 1.046142
 822000.000 1.093756 0.598666 0.985786 1.030742
 822500.000 1.077554 0.597486 0.974966 1.007322
 823000.000 1.106205 0.571307 1.019038 1.040457
 823500.000 1.170044 0.594390 1.066931 1.116407
 824000.000 1.137789 0.565473 1.063346 1.067081
 824500.000 1.148451 0.555141 1.070018 1.088467
 825000.000 1.101321 0.592343 0.997752 1.038960
 825500.000 1.136294 0.591360 1.033801 1.078831
 826000.000 1.124838 0.608508 1.016526 1.061561
 826500.000 1.098097 0.623815 0.985891 1.024943
 827000.000 1.106085 0.595015 1.001641 1.043802
 827500.000 1.136851 0.593967 1.042748 1.069927
 828000.000 1.162802 0.636045 1.036981 1.106497
 828500.000 1.165416 0.597604 1.064985 1.106826
 829000.000 1.141584 0.630900 1.031632 1.069639
 829500.000 1.150776 0.628445 1.043909 1.078833
 830000.000 1.141484 0.574224 1.049938 1.083451
 830500.000 1.157644 0.598505 1.053203 1.101288
 831000.000 1.155800 0.608394 1.060504 1.084866
 831500.000 1.137031 0.610356 1.023522 1.079607
 832000.000 1.149274 0.620515 1.034787 1.088962
 832500.000 1.136588 0.607780 1.022904 1.080710
 833000.000 1.169587 0.623997 1.069176 1.096979
 833500.000 1.141960 0.593553 1.041863 1.081831
 834000.000 1.135906 0.574282 1.057490 1.064180
 834500.000 1.155701 0.601405 1.057081 1.091872
 835000.000 1.139933 0.597058 1.041295 1.076160
 835500.000 1.161966 0.610579 1.053563 1.103417
 836000.000 1.178095 0.606088 1.084995 1.109620
 836500.000 1.105900 0.591475 1.006636 1.040613
 837000.000 1.169064 0.641183 1.054810 1.099856
 837500.000 1.163880 0.612131 1.066007 1.094604
 838000.000 1.153003 0.587590 1.056018 1.094713
 838500.000 1.165222 0.576229 1.074161 1.108884
 839000.000 1.178267 0.539949 1.111246 1.118131
 839500.000 1.151096 0.541228 1.072467 1.098605
 840000.000 1.151083 0.580426 1.053185 1.097219
 840500.000 1.165328 0.575336 1.079618 1.104260
 841000.000 1.157193 0.567487 1.077921 1.092811
 841500.000 1.150368 0.538114 1.077374 1.093796
 842000.000 1.151780 0.549933 1.073060 1.095131
 842500.000 1.134568 0.583080 1.037355 1.076291
 843000.000 1.116201 0.564681 1.020661 1.063577
 843500.000 1.125784 0.594355 1.015806 1.072222
 844000.000 1.094784 0.616481 0.973653 1.033950
 844500.000 1.114621 0.614489 0.990324 1.061330
 845000.000 1.136235 0.575485 1.038201 1.083058
 845500.000 1.133502 0.580354 1.032359 1.080313
 846000.000 1.141371 0.589249 1.040237 1.084503
 846500.000 1.129607 0.614650 1.013534 1.070971
 847000.000 1.129160 0.600473 1.029882 1.062441
 847500.000 1.158299 0.600237 1.055147 1.099860
 848000.000 1.144716 0.566925 1.057630 1.086629
 848500.000 1.139326 0.579813 1.047306 1.078469
 849000.000 1.141648 0.577482 1.049193 1.082788
 849500.000 1.126402 0.583169 1.039344 1.056996
 850000.000 1.132576 0.557988 1.053025 1.070161
 850500.000 1.137379 0.552343 1.060885 1.075500
 851000.000 1.167423 0.577983 1.084906 1.102119
 851500.000 1.155396 0.555656 1.083969 1.089099
 852000.000 1.134886 0.562309 1.048298 1.077410
 852500.000 1.117547 0.571000 1.019390 1.064249
 853000.000 1.130807 0.580067 1.029349 1.077688
 853500.000 1.130742 0.570404 1.043274 1.069285
 854000.000 1.123698 0.608714 1.008130 1.067020
 854500.000 1.161183 0.659126 1.020477 1.104931
 855000.000 1.156493 0.621513 1.031106 1.107020
 855500.000 1.156914 0.649003 1.032724 1.090494
 856000.000 1.140781 0.669697 0.985443 1.087737
 856500.000 1.175171 0.621467 1.056793 1.122061
 857000.000 1.162879 0.606234 1.042950 1.117725
 857500.000 1.163395 0.627003 1.038250 1.111702
 858000.000 1.135822 0.621658 1.006279 1.086795
 858500.000 1.141748 0.649922 0.996923 1.091294
 859000.000 1.128269 0.646212 0.985945 1.075317
 859500.000 1.123646 0.624696 0.998703 1.066540
 860000.000 1.151439 0.628152 1.019961 1.103054
 860500.000 1.118809 0.648882 0.979818 1.059422
 861000.000 1.120871 0.620763 0.998341 1.063329
 861500.000 1.102701 0.599129 0.989748 1.045630
 862000.000 1.122147 0.644743 0.985845 1.063412
 862500.000 1.108570 0.628628 0.979459 1.050401
 863000.000 1.141181 0.656803 1.005200 1.078318
 863500.000 1.129171 0.661239 0.987096 1.066985
 864000.000 1.117435 0.646804 0.974895 1.062330
 864500.000 1.134917 0.655679 1.005493 1.065430
 865000.000 1.114661 0.659459 0.969171 1.053925
 865500.000 1.120594 0.656012 0.983893 1.055019
 866000.000 1.130171 0.641452 0.996456 1.072467
 866500.000 1.144535 0.656703 1.005009 1.085642
 867000.000 1.103906 0.625140 0.982078 1.040163
 867500.000 1.126447 0.626915 1.021498 1.049421
 868000.000 1.111543 0.620442 1.006349 1.036036
 868500.000 1.108888 0.621601 0.994966 1.040634
 869000.000 1.149205 0.629175 1.033046 1.085494
 869500.000 1.152356 0.646099 1.023230 1.091515
 870000.000 1.167431 0.678571 1.031317 1.096229
 870500.000 1.155060 0.655620 1.026495 1.088484
 871000.000 1.155208 0.662724 1.025115 1.085793
 871500.000 1.147134 0.659146 1.004499 1.090112
 872000.000 1.146762 0.629618 1.028837 1.084068
 872500.000 1.141019 0.631843 1.010753 1.087660
 873000.000 1.140363 0.637475 1.007583 1.085935
 873500.000 1.143578 0.633495 1.012145 1.090773
 874000.000 1.131847 0.638694 1.011933 1.063117
 874500.000 1.149198 0.639128 1.018692 1.093203
 875000.000 1.147158 0.621867 1.036051 1.082509
 875500.000 1.164487 0.633663 1.050503 1.098625
 876000.000 1.152802 0.611357 1.052111 1.084992
 876500.000 1.102302 0.596733 0.991874 1.044143
 877000.000 1.128920 0.586973 1.024937 1.074190
 877500.000 1.146896 0.598829 1.044381 1.086926
 878000.000 1.157255 0.621061 1.051863 1.089196
 878500.000 1.164684 0.612851 1.067507 1.094450
 879000.000 1.153571 0.616213 1.053419 1.082608
 879500.000 1.148584 0.647869 1.028810 1.077176
 880000.000 1.144914 0.618786 1.034048 1.081435
 880500.000 1.145676 0.645885 1.015339 1.084927
 881000.000 1.138388 0.635165 1.009909 1.080974
 881500.000 1.182291 0.648033 1.057031 1.121767
 882000.000 1.135373 0.622126 1.012015 1.080245
 882500.000 1.166488 0.643629 1.034876 1.111828
 883000.000 1.140788 0.638070 1.026406 1.068713
 883500.000 1.155867 0.634419 1.047288 1.082939
 884000.000 1.145941 0.611105 1.035602 1.086481
 884500.000 1.138507 0.611404 1.034737 1.071401
 885000.000 1.135147 0.592318 1.043106 1.066869
 885500.000 1.146859 0.598799 1.052319 1.079182
 886000.000 1.138848 0.584024 1.041141 1.081152
 886500.000 1.130680 0.588081 1.036337 1.066322
 887000.000 1.139367 0.603970 1.038884 1.073431
 887500.000 1.151130 0.617738 1.051124 1.078768
 888000.000 1.140615 0.620287 1.024506 1.080573
 888500.000 1.174873 0.636189 1.056880 1.113068
 889000.000 1.134976 0.630579 1.031724 1.055584
 889500.000 1.128840 0.624630 1.025193 1.052319
 890000.000 1.139967 0.645483 1.044446 1.044765
 890500.000 1.149415 0.644597 1.051411 1.058933
 891000.000 1.137219 0.613776 1.052078 1.050210
 891500.000 1.148116 0.624311 1.067889 1.051755
 892000.000 1.143548 0.633265 1.050411 1.054048
 892500.000 1.151019 0.617279 1.058618 1.071438
 893000.000 1.148786 0.594458 1.057684 1.080436
 893500.000 1.134045 0.612813 1.042569 1.053388
 894000.000 1.125528 0.621128 1.027347 1.045171
 894500.000 1.163853 0.648560 1.068454 1.070927
 895000.000 1.150654 0.598617 1.064655 1.075257
 895500.000 1.135895 0.619359 1.033133 1.062801
 896000.000 1.125146 0.625222 1.019839 1.049254
 896500.000 1.112440 0.637806 1.009721 1.024066
 897000.000 1.117660 0.646186 1.020399 1.019587
 897500.000 1.094865 0.603636 0.982100 1.033711
 898000.000 1.122873 0.621014 1.011645 1.054801
 898500.000 1.087926 0.595844 0.992088 1.013854
 899000.000 1.089055 0.577596 0.998467 1.020552
 899500.000 1.145746 0.580877 1.054735 1.084244
 900000.000 1.139289 0.591537 1.039068 1.079991
 900500.000 1.124464 0.566100 1.032967 1.068339
 901000.000 1.123866 0.570298 1.026651 1.070931
 901500.000 1.114983 0.568663 1.038164 1.041736
 902000.000 1.118186 0.565139 1.031989 1.056549
 902500.000 1.129760 0.620224 1.028099 1.054062
 903000.000 1.110561 0.616037 0.994448 1.047979
 903500.000 1.128639 0.614192 1.024712 1.058483
 904000.000 1.131423 0.583418 1.050987 1.056070
 904500.000 1.117963 0.636346 1.021973 1.024849
 905000.000 1.112840 0.601570 1.023211 1.033430
 905500.000 1.121645 0.608233 1.041288 1.030508
 906000.000 1.107001 0.579082 1.021581 1.035345
 906500.000 1.100478 0.587498 1.010364 1.027674
 907000.000 1.087000 0.599174 0.987710 1.014180
 907500.000 1.109712 0.610695 1.003400 1.040749
 908000.000 1.088591 0.606713 0.975527 1.024845
 908500.000 1.089142 0.587218 0.993605 1.019992
 909000.000 1.102530 0.603316 1.002521 1.030586
 909500.000 1.080119 0.595901 0.977404 1.011385
 910000.000 1.092857 0.600327 0.992287 1.021590
 910500.000 1.134461 0.608692 1.035496 1.063601
 911000.000 1.101249 0.636968 0.965896 1.042503
 911500.000 1.120278 0.624256 1.009854 1.049069
 912000.000 1.132592 0.648328 1.005694 1.064792
 912500.000 1.102067 0.634169 0.979471 1.033234
 913000.000 1.113639 0.682142 0.969704 1.036698
 913500.000 1.130794 0.682622 0.987317 1.056704
 914000.000 1.106700 0.632891 0.974023 1.048950
 914500.000 1.137038 0.640694 1.007052 1.077528
 915000.000 1.114286 0.614024 0.986446 1.064503
 915500.000 1.142991 0.616442 1.027630 1.084819
 916000.000 1.135492 0.625192 1.027668 1.063823
 916500.000 1.097403 0.623032 0.982208 1.027465
 917000.000 1.118740 0.640176 0.986399 1.058465
 917500.000 1.109178 0.639908 0.985157 1.039489
 918000.000 1.121275 0.643361 1.010552 1.038934
 918500.000 1.105977 0.619899 0.993355 1.036987
 919000.000 1.111917 0.635058 1.003666 1.030571
 919500.000 1.115010 0.660317 1.000511 1.024427
 920000.000 1.064139 0.642305 0.948957 0.975557
 920500.000 1.097402 0.629736 0.990997 1.014860
 921000.000 1.155585 0.648267 1.044685 1.076633
 921500.000 1.102481 0.621680 1.002423 1.019603
 922000.000 1.081756 0.639674 0.965548 0.999465
 922500.000 1.103463 0.666286 0.968900 1.025943
 923000.000 1.102447 0.669549 0.961255 1.028820
 923500.000 1.089153 0.657162 0.963573 1.006070
 924000.000 1.128857 0.650429 1.017755 1.043913
 924500.000 1.120279 0.645016 1.009187 1.037086
 925000.000 1.151601 0.635601 1.059869 1.060688
 925500.000 1.150819 0.604506 1.058423 1.078462
 926000.000 1.117781 0.596598 1.022806 1.047285
 926500.000 1.130457 0.634379 1.047562 1.027639
 927000.000 1.112843 0.624664 1.016737 1.026100
 927500.000 1.142639 0.656314 1.040984 1.047308
 928000.000 1.137718 0.677108 1.008460 1.055149
 928500.000 1.104433 0.657634 0.979269 1.023765
 929000.000 1.147060 0.689046 1.008431 1.067603
 929500.000 1.117529 0.666566 0.978275 1.047096
 930000.000 1.097668 0.622941 0.984262 1.026121
 930500.000 1.091408 0.649038 0.958553 1.020917
 931000.000 1.096075 0.652072 0.979644 1.008891
 931500.000 1.104056 0.611004 0.994772 1.036814
 932000.000 1.119046 0.630805 0.999626 1.052312
 932500.000 1.133118 0.598295 1.037129 1.065046
 933000.000 1.128364 0.624347 1.024214 1.052419
 933500.000 1.121865 0.610993 1.023488 1.047054
 934000.000 1.124271 0.569776 1.056452 1.042706
 934500.000 1.137488 0.572503 1.065144 1.060880
 935000.000 1.094133 0.603933 0.990124 1.024291
 935500.000 1.115052 0.596184 1.011790 1.052392
 936000.000 1.101863 0.589757 1.010690 1.029026
 936500.000 1.115481 0.574778 1.026822 1.050649
 937000.000 1.145879 0.579504 1.059931 1.080184
 937500.000 1.120135 0.606464 1.021088 1.048325
 938000.000 1.125458 0.559473 1.044200 1.062989
 938500.000 1.118243 0.593057 1.032943 1.040311
 939000.000 1.100933 0.622178 0.990255 1.027811
 939500.000 1.129692 0.614019 1.023263 1.062224
 940000.000 1.123412 0.665629 1.000748 1.039016
 940500.000 1.145833 0.638941 1.038957 1.066860
 941000.000 1.116125 0.599474 1.019178 1.045647
 941500.000 1.124733 0.589628 1.026429 1.062464
 942000.000 1.146081 0.614167 1.044639 1.076350
 942500.000 1.133495 0.592264 1.044913 1.061604
 943000.000 1.154489 0.674587 1.039857 1.062695
 943500.000 1.119690 0.588638 1.031796 1.047050
 944000.000 1.147300 0.589345 1.056354 1.081380
 944500.000 1.115402 0.579462 1.020197 1.054355
 945000.000 1.156119 0.583918 1.065234 1.094321
 945500.000 1.167378 0.633808 1.053187 1.102102
 946000.000 1.161279 0.656950 1.048288 1.080114
 946500.000 1.177852 0.591834 1.103116 1.098880
 947000.000 1.177489 0.630590 1.076859 1.102583
 947500.000 1.186729 0.613176 1.092466 1.116775
 948000.000 1.167665 0.613412 1.071194 1.096883
 948500.000 1.177073 0.592905 1.087267 1.112348
 949000.000 1.163890 0.633094 1.070527 1.078167
 949500.000 1.208918 0.623587 1.120084 1.131157
 950000.000 1.222197 0.661285 1.118504 1.139817
 950500.000 1.152906 0.601638 1.051014 1.091688
 951000.000 1.172212 0.654238 1.052927 1.100674
 951500.000 1.132094 0.614697 1.024121 1.066112
 952000.000 1.158746 0.610079 1.068693 1.082166
 952500.000 1.147085 0.579188 1.063967 1.078946
 953000.000 1.141621 0.587069 1.062132 1.064811
 953500.000 1.137244 0.572017 1.048760 1.076822
 954000.000 1.101783 0.580183 0.995395 1.049013
 954500.000 1.116333 0.565740 1.031252 1.053023
 955000.000 1.079270 0.589919 0.982403 1.008230
 955500.000 1.114303 0.631294 1.004193 1.037501
 956000.000 1.081141 0.592722 0.985699 1.007377
 956500.000 1.156324 0.623324 1.044958 1.092567
 957000.000 1.178327 0.606115 1.084226 1.110850
 957500.000 1.140441 0.603410 1.043501 1.071548
 958000.000 1.162946 0.584072 1.083127 1.091138
 958500.000 1.140032 0.613381 1.059767 1.048809
 959000.000 1.118078 0.636740 1.026724 1.020095
 959500.000 1.143322 0.625100 1.040916 1.067761
 960000.000 1.164727 0.641778 1.054578 1.090487
 960500.000 1.136130 0.606450 1.038174 1.065830
 961000.000 1.143852 0.631356 1.035539 1.070440
 961500.000 1.121883 0.629743 0.991041 1.067006
 962000.000 1.143656 0.604907 1.030732 1.089759
 962500.000 1.125851 0.598610 1.021053 1.064987
 963000.000 1.134940 0.634162 1.003583 1.080202
 963500.000 1.146384 0.628212 1.019979 1.092421
 964000.000 1.178511 0.673452 1.032813 1.121398
 964500.000 1.141774 0.682206 0.986820 1.080777
 965000.000 1.157799 0.686688 0.997639 1.101896
 965500.000 1.134452 0.686076 0.976193 1.072526
 966000.000 1.153848 0.668772 1.012659 1.090868
 966500.000 1.133562 0.667248 0.980018 1.079014
 967000.000 1.108036 0.634088 0.976820 1.048447
 967500.000 1.131010 0.664507 0.981423 1.074060
 968000.000 1.121500 0.638669 0.981179 1.070006
 968500.000 1.129125 0.646370 0.988785 1.074410
 969000.000 1.116479 0.625647 0.987903 1.060973
 969500.000 1.112823 0.597058 1.001688 1.056833
 970000.000 1.137984 0.646453 1.013340 1.070165
 970500.000 1.100441 0.616940 0.985480 1.034483
 971000.000 1.127707 0.648892 0.998555 1.060789
 971500.000 1.105591 0.629341 0.969005 1.053386
 972000.000 1.117160 0.610420 0.995985 1.063717
 972500.000 1.117403 0.618459 0.986707 1.068222
 973000.000 1.128084 0.611413 1.007892 1.074929
 973500.000 1.132459 0.624052 0.999153 1.084980
 974000.000 1.170417 0.643866 1.031142 1.123358
 974500.000 1.150116 0.644183 1.004583 1.105159
 975000.000 1.137297 0.628496 1.000152 1.091593
 975500.000 1.146017 0.618639 1.015369 1.101372
 976000.000 1.145618 0.630250 1.010117 1.098786
 976500.000 1.130367 0.624102 1.003217 1.076807
 977000.000 1.177774 0.621428 1.061335 1.123255
 977500.000 1.168886 0.648321 1.029955 1.118688
 978000.000 1.126634 0.629308 1.000268 1.068663
 978500.000 1.156011 0.697349 0.992963 1.095651
 979000.000 1.117639 0.649079 0.982492 1.054343
 979500.000 1.140403 0.666491 1.008806 1.067305
 980000.000 1.137601 0.641265 1.014434 1.071437
 980500.000 1.160088 0.652982 1.031613 1.095901
 981000.000 1.122838 0.652488 0.985818 1.060166
 981500.000 1.121562 0.647487 0.984356 1.061888
 982000.000 1.146534 0.654774 1.001724 1.094029
 982500.000 1.144401 0.663770 0.999510 1.086138
 983000.000 1.178185 0.688105 1.033049 1.111558
 983500.000 1.122424 0.681650 0.957530 1.066846
 984000.000 1.137131 0.666123 0.990024 1.078086
 984500.000 1.159482 0.675665 1.004907 1.105640
 985000.000 1.146107 0.668766 0.998033 1.088027
 985500.000 1.149104 0.639485 1.017411 1.093990
 986000.000 1.167864 0.716520 1.009894 1.092944
 986500.000 1.179175 0.664210 1.045470 1.116568
 987000.000 1.185896 0.635211 1.062038 1.131937
 987500.000 1.160263 0.671059 1.025467 1.091107
 988000.000 1.170239 0.655304 1.031810 1.115736
 988500.000 1.175160 0.664932 1.036580 1.115961
 989000.000 1.184233 0.664546 1.048778 1.123947
 989500.000 1.206211 0.700300 1.040109 1.156565
 990000.000 1.203403 0.692903 1.042675 1.152854
 990500.000 1.188945 0.659573 1.046763 1.138609
 991000.000 1.158505 0.681298 0.996573 1.107675
 991500.000 1.128528 0.671519 0.979239 1.066446
 992000.000 1.171463 0.685458 1.018724 1.112204
 992500.000 1.140783 0.673300 0.990031 1.081331
 993000.000 1.151706 0.679975 1.003069 1.088273
 993500.000 1.152394 0.646897 1.014248 1.099476
 994000.000 1.141333 0.650282 1.005473 1.082330
 994500.000 1.158192 0.671901 1.004051 1.106006
 995000.000 1.105777 0.648475 0.964482 1.046299
 995500.000 1.155094 0.675260 1.002246 1.099095
 996000.000 1.153190 0.655371 1.007633 1.102208
 996500.000 1.156785 0.638161 1.020136 1.108322
 997000.000 1.202103 0.658159 1.071532 1.144006
 997500.000 1.131287 0.634809 0.997841 1.077474
 998000.000 1.159927 0.642579 1.030739 1.102512
 998500.000 1.160525 0.661254 1.011321 1.110680
 999000.000 1.167604 0.675937 1.015202 1.113136
 999500.000 1.194248 0.738466 1.020905 1.124668
1000000.000 1.225253 0.733409 1.064228 1.154133
