 750000.000   26.256
 750500.000   28.106
 751000.000   26.511
 751500.000   26.278
 752000.000   26.991
 752500.000   26.309
 753000.000   27.104
 753500.000   26.874
 754000.000   27.616
 754500.000   26.025
 755000.000   25.676
 755500.000   27.430
 756000.000   26.937
 756500.000   27.100
 757000.000   27.942
 757500.000   26.467
 758000.000   26.449
 758500.000   26.832
 759000.000   25.954
 759500.000   25.312
 760000.000   27.066
 760500.000   24.962
 761000.000   27.619
 761500.000   26.080
 762000.000   26.419
 762500.000   25.805
 763000.000   26.449
 763500.000   26.426
 764000.000   27.116
 764500.000   25.746
 765000.000   25.312
 765500.000   25.143
 766000.000   25.964
 766500.000   26.507
 767000.000   26.560
 767500.000   27.431
 768000.000   26.847
 768500.000   26.125
 769000.000   26.026
 769500.000   25.408
 770000.000   25.603
 770500.000   25.561
 771000.000   25.131
 771500.000   26.059
 772000.000   26.386
 772500.000   26.231
 773000.000   24.965
 773500.000   26.497
 774000.000   26.778
 774500.000   26.982
 775000.000   27.711
 775500.000   25.778
 776000.000   25.741
 776500.000   26.743
 777000.000   26.900
 777500.000   25.848
 778000.000   26.407
 778500.000   25.985
 779000.000   25.485
 779500.000   26.079
 780000.000   24.740
 780500.000   26.693
 781000.000   27.020
 781500.000   25.257
 782000.000   26.794
 782500.000   25.949
 783000.000   26.846
 783500.000   26.230
 784000.000   26.652
 784500.000   27.645
 785000.000   26.318
 785500.000   25.745
 786000.000   25.864
 786500.000   26.881
 787000.000   26.523
 787500.000   25.498
 788000.000   26.341
 788500.000   26.477
 789000.000   26.675
 789500.000   26.329
 790000.000   27.313
 790500.000   27.401
 791000.000   25.592
 791500.000   26.347
 792000.000   26.053
 792500.000   26.208
 793000.000   26.353
 793500.000   26.566
 794000.000   26.340
 794500.000   25.984
 795000.000   26.831
 795500.000   26.197
 796000.000   26.023
 796500.000   26.283
 797000.000   26.707
 797500.000   26.392
 798000.000   26.427
 798500.000   26.825
 799000.000   26.627
 799500.000   25.571
 800000.000   25.800
 800500.000   25.853
 801000.000   26.333
 801500.000   26.047
 802000.000   25.776
 802500.000   25.865
 803000.000   26.017
 803500.000   26.488
 804000.000   26.705
 804500.000   27.205
 805000.000   26.976
 805500.000   26.180
 806000.000   26.469
 806500.000   26.937
 807000.000   26.010
 807500.000   26.470
 808000.000   26.599
 808500.000   26.494
 809000.000   27.271
 809500.000   25.778
 810000.000   25.456
 810500.000   26.221
 811000.000   26.439
 811500.000   26.507
 812000.000   27.688
 812500.000   27.687
 813000.000   26.162
 813500.000   26.754
 814000.000   26.368
 814500.000   26.862
 815000.000   27.087
 815500.000   25.634
 816000.000   27.006
 816500.000   26.916
 817000.000   26.312
 817500.000   27.281
 818000.000   26.633
 818500.000   26.329
 819000.000   26.511
 819500.000   25.769
 820000.000   27.467
 820500.000   26.649
 821000.000   26.193
 821500.000   27.009
 822000.000   26.408
 822500.000   26.731
 823000.000   26.213
 823500.000   25.820
 824000.000   26.032
 824500.000   26.297
 825000.000   27.876
 825500.000   28.522
 826000.000   27.241
 826500.000   26.157
 827000.000   26.388
 827500.000   27.436
 828000.000   26.597
 828500.000   25.289
 829000.000   25.914
 829500.000   26.161
 830000.000   25.146
 830500.000   27.114
 831000.000   25.713
 831500.000   26.641
 832000.000   26.704
 832500.000   24.698
 833000.000   25.509
 833500.000   27.031
 834000.000   25.856
 834500.000   26.356
 835000.000   25.947
 835500.000   25.142
 836000.000   25.826
 836500.000   24.929
 837000.000   25.624
 837500.000   24.773
 838000.000   24.262
 838500.000   24.458
 839000.000   25.001
 839500.000   25.225
 840000.000   25.867
 840500.000   24.185
 841000.000   24.779
 841500.000   24.821
 842000.000   25.557
 842500.000   25.278
 843000.000   25.269
 843500.000   23.754
 844000.000   26.592
 844500.000   24.754
 845000.000   24.974
 845500.000   24.619
 846000.000   24.634
 846500.000   24.571
 847000.000   24.657
 847500.000   24.817
 848000.000   25.542
 848500.000   24.814
 849000.000   25.483
 849500.000   25.123
 850000.000   25.739
 850500.000   24.979
 851000.000   25.064
 851500.000   26.374
 852000.000   25.738
 852500.000   25.935
 853000.000   24.894
 853500.000   25.856
 854000.000   25.076
 854500.000   26.293
 855000.000   25.200
 855500.000   24.885
 856000.000   25.170
 856500.000   25.727
 857000.000   25.383
 857500.000   25.978
 858000.000   25.165
 858500.000   24.195
 859000.000   24.316
 859500.000   24.482
 860000.000   24.668
 860500.000   25.123
 861000.000   25.173
 861500.000   25.022
 862000.000   25.733
 862500.000   26.110
 863000.000   25.618
 863500.000   25.019
 864000.000   25.694
 864500.000   25.988
 865000.000   25.327
 865500.000   25.969
 866000.000   25.429
 866500.000   27.498
 867000.000   25.481
 867500.000   25.594
 868000.000   25.876
 868500.000   25.361
 869000.000   26.838
 869500.000   26.585
 870000.000   24.809
 870500.000   26.229
 871000.000   25.194
 871500.000   26.320
 872000.000   25.455
 872500.000   24.723
 873000.000   25.731
 873500.000   26.203
 874000.000   25.238
 874500.000   25.941
 875000.000   24.659
 875500.000   24.985
 876000.000   26.478
 876500.000   25.496
 877000.000   24.451
 877500.000   25.903
 878000.000   25.775
 878500.000   26.500
 879000.000   25.939
 879500.000   25.755
 880000.000   24.552
 880500.000   25.354
 881000.000   25.740
 881500.000   26.778
 882000.000   25.744
 882500.000   26.130
 883000.000   25.480
 883500.000   25.754
 884000.000   25.839
 884500.000   25.394
 885000.000   26.379
 885500.000   26.081
 886000.000   25.337
 886500.000   26.625
 887000.000   26.444
 887500.000   25.110
 888000.000   25.945
 888500.000   27.141
 889000.000   26.202
 889500.000   26.677
 890000.000   26.681
 890500.000   25.452
 891000.000   26.927
 891500.000   26.198
 892000.000   26.463
 892500.000   25.575
 893000.000   26.166
 893500.000   26.372
 894000.000   26.126
 894500.000   25.808
 895000.000   25.444
 895500.000   26.212
 896000.000   25.972
 896500.000   25.782
 897000.000   26.243
 897500.000   25.623
 898000.000   27.149
 898500.000   26.640
 899000.000   26.143
 899500.000   26.261
 900000.000   28.498
 900500.000   26.732
 901000.000   25.494
 901500.000   26.583
 902000.000   26.170
 902500.000   25.766
 903000.000   26.829
 903500.000   26.572
 904000.000   26.798
 904500.000   26.986
 905000.000   26.496
 905500.000   26.370
 906000.000   26.434
 906500.000   26.376
 907000.000   26.087
 907500.000   26.074
 908000.000   27.767
 908500.000   25.875
 909000.000   26.872
 909500.000   28.053
 910000.000   26.229
 910500.000   27.537
 911000.000   27.136
 911500.000   28.687
 912000.000   27.303
 912500.000   26.347
 913000.000   27.274
 913500.000   26.539
 914000.000   26.870
 914500.000   26.186
 915000.000   27.642
 915500.000   26.653
 916000.000   26.034
 916500.000   27.140
 917000.000   25.364
 917500.000   26.469
 918000.000   26.942
 918500.000   26.093
 919000.000   25.805
 919500.000   26.256
 920000.000   27.139
 920500.000   27.526
 921000.000   26.976
 921500.000   26.903
 922000.000   26.204
 922500.000   26.137
 923000.000   26.251
 923500.000   26.038
 924000.000   26.897
 924500.000   26.838
 925000.000   27.029
 925500.000   27.491
 926000.000   27.679
 926500.000   25.744
 927000.000   27.778
 927500.000   27.640
 928000.000   26.675
 928500.000   27.788
 929000.000   28.120
 929500.000   28.461
 930000.000   26.555
 930500.000   26.797
 931000.000   26.502
 931500.000   25.369
 932000.000   26.857
 932500.000   26.692
 933000.000   26.751
 933500.000   26.315
 934000.000   26.040
 934500.000   26.916
 935000.000   26.304
 935500.000   28.154
 936000.000   27.546
 936500.000   26.126
 937000.000   26.194
 937500.000   26.249
 938000.000   26.762
 938500.000   25.946
 939000.000   26.075
 939500.000   27.835
 940000.000   27.642
 940500.000   26.494
 941000.000   28.397
 941500.000   27.583
 942000.000   26.558
 942500.000   26.725
 943000.000   26.818
 943500.000   27.832
 944000.000   26.078
 944500.000   26.096
 945000.000   26.281
 945500.000   27.270
 946000.000   25.751
 946500.000   25.729
 947000.000   26.312
 947500.000   25.937
 948000.000   26.022
 948500.000   25.165
 949000.000   26.005
 949500.000   26.409
 950000.000   26.377
 950500.000   25.256
 951000.000   26.219
 951500.000   25.680
 952000.000   26.507
 952500.000   25.689
 953000.000   25.729
 953500.000   25.965
 954000.000   26.639
 954500.000   26.318
 955000.000   26.145
 955500.000   25.982
 956000.000   25.319
 956500.000   25.421
 957000.000   25.887
 957500.000   25.419
 958000.000   25.573
 958500.000   26.115
 959000.000   25.038
 959500.000   25.370
 960000.000   25.083
 960500.000   26.400
 961000.000   26.125
 961500.000   26.339
 962000.000   25.808
 962500.000   25.444
 963000.000   24.400
 963500.000   25.743
 964000.000   25.379
 964500.000   26.106
 965000.000   24.888
 965500.000   25.185
 966000.000   24.205
 966500.000   25.206
 967000.000   25.373
 967500.000   25.872
 968000.000   25.429
 968500.000   26.110
 969000.000   25.577
 969500.000   25.671
 970000.000   25.513
 970500.000   25.313
 971000.000   26.216
 971500.000   27.648
 972000.000   26.660
 972500.000   25.925
 973000.000   25.672
 973500.000   26.185
 974000.000   26.044
 974500.000   25.752
 975000.000   25.073
 975500.000   26.630
 976000.000   25.707
 976500.000   25.307
 977000.000   27.455
 977500.000   26.282
 978000.000   25.888
 978500.000   25.975
 979000.000   26.703
 979500.000   25.049
 980000.000   25.525
 980500.000   25.147
 981000.000   24.971
 981500.000   25.241
 982000.000   25.399
 982500.000   25.354
 983000.000   25.109
 983500.000   26.287
 984000.000   25.142
 984500.000   24.773
 985000.000   26.152
 985500.000   25.217
 986000.000   25.739
 986500.000   25.424
 987000.000   25.254
 987500.000   26.028
 988000.000   26.294
 988500.000   24.959
 989000.000   25.062
 989500.000   25.613
 990000.000   25.213
 990500.000   25.245
 991000.000   25.267
 991500.000   25.479
 992000.000   24.987
 992500.000   24.880
 993000.000   26.382
 993500.000   25.920
 994000.000   26.509
 994500.000   25.319
 995000.000   24.857
 995500.000   24.700
 996000.000   25.326
 996500.000   26.856
 997000.000   24.806
 997500.000   24.319
 998000.000   25.396
 998500.000   25.008
 999000.000   25.791
 999500.000   26.190
1000000.000   25.408
