69.809 60.562 -165.1805
58.49 47.808 -131.561
61.118 57.888 -146.0825
55.455 55.691 -132.5105
53.504 51.782 -121.0925
65.621 58.451 -154.2665
58.451 54.349 -136.946
70.43 62.837 -170.7645
63.082 55.445 -154.2635
60.913 56.219 -155.424
54.26 53.136 -140.0995
54.3 55.903 -131.89
51.896 56.076 -132.998
60.313 57.305 -150.5095
61.916 58.298 -153.6825
58.164 50.838 -131.308
45.756 41.194 -111.577
57.552 56.451 -137.834
64.2 58.521 -149.8375
60.964 64.229 -150.1105
67.793 64.055 -167.727
62.605 59.956 -156.4195
73.513 63.167 -165.9615
72.391 65.669 -170.6775
70.858 67.688 -177.5825
74.29 64.667 -164.0145
73.644 63.872 -161.639
58.179 56.416 -148.725
68.214 56.498 -146.6535
61.108 61.055 -149.901
68.326 69.293 -157.881
57.815 55.074 -130.2255
68.449 64.453 -159.6025
68.316 70.534 -169.9335
79.224 81.024 -185.1365
75.958 77.041 -180.4795
77.797 71.843 -186.2925
67.92 58.644 -158.433
80.114 78.062 -200.7445
74.528 72.994 -178.382
82.722 76.393 -194.9985
86.245 86.283 -206.602
82.698 76.796 -202.8585
84.88 89.476 -204.9375
82.585 82.425 -203.2545
82.518 82.71 -201.2705
87.13 82.594 -204.0645
78.043 74.685 -187.2045
79.801 79.237 -192.777
86.107 87.956 -210.447
73.599 80.056 -173.1525
83.731 77.528 -189.0675
81.027 76.837 -195.538
76.676 74.073 -194.7085
67.762 67.099 -169.1175
79.848 75.235 -190.1135
77.94 73.879 -190.402
77.609 76.309 -184.547
58.57 55.639 -150.859
63.43 62.09 -152.729
67.095 68.798 -174.9945
83.085 88.925 -213.7865
76.319 73.404 -176.393
87.194 78.869 -196.8295
87.235 80.026 -195.7155
79.381 73.025 -195.0245
79.858 78.676 -193.4875
68.064 65.603 -164.336
66.284 71.4 -172.452
65.642 60.516 -157.7575
79.782 73.528 -190.4065
68.972 65.128 -170.1755
70.305 73.056 -186.523
60.986 60.181 -150.3215
61.121 60.086 -150.791
65.305 61.839 -164.0565
73.371 70.7 -184.5445
76.495 65.744 -176.8935
71.911 68.053 -182.0355
96.613 82.593 -220.8085
79.969 78.614 -202.652
80.49 78.835 -204.8055
73.891 73.762 -195.8085
70.618 72.029 -174.6285
78.204 71.658 -191.817
78.791 73.956 -202.013
79.88 75.25 -200.728
75.163 72.64 -190.217
72.221 68.034 -176.473
70.887 72.237 -192.216
81.965 79.06 -200.5455
81.462 89.976 -197.9255
88.796 95.166 -219.841
91.711 99.472 -225.638
89.723 95.313 -228.668
79.168 79.92 -193.856
80.463 82.262 -199.1755
89.482 95.031 -212.9865
89.355 97.536 -220.9555
80.518 88.979 -199.8805
89.786 89.948 -210.826
