44.655 39.287 -96.9715
43.542 42.361 -104.126
40.411 47.372 -90.4725
43.68 50.227 -98.969
38.134 47.564 -94.96
36.477 43.391 -83.7485
32.442 32.53 -78.877
38.063 40.055 -87.9915
38.027 39.186 -88.635
32.21 30.664 -73.7
33.005 28.795 -69.902
35.381 34.21 -77.458
29.426 31.25 -67.6935
35.714 34.298 -82.426
30.289 32.91 -67.818
40.826 39.538 -83.6315
39.317 34.775 -93.6415
45.106 41.421 -103.3405
41.964 37.382 -101.75
42.538 41.864 -111.089
45.856 46.082 -113.886
47.689 45.806 -113.7915
45.865 47.585 -109.501
44.228 47.799 -111.175
42.955 43.051 -103.1475
40.901 51.099 -113.891
38.337 41.993 -91.1995
41.535 44.511 -101.06
40.115 43.306 -98.838
44.012 49.197 -101.6845
46.689 47.302 -123.7825
43.619 41.102 -104.411
38.243 36.909 -82.6625
45.95 43.911 -103.27
43.194 41.085 -99.6755
41.016 34.405 -87.4425
39.712 38.636 -93.2845
46.11 41.757 -103.433
40.471 37.927 -94.046
51.276 52.078 -118.126
44.24 40.84 -101.5315
40.755 42.776 -90.5495
49.131 44.48 -107.8795
38.495 35.129 -86.69
43.537 39.045 -100.9175
40.801 35.687 -99.388
47.022 47.322 -101.2725
34.297 36.388 -79.897
35.237 37.107 -86.2015
33.576 33.914 -91.2075
48.124 42.289 -105.9525
43.49 40.616 -115.14
52.449 47.984 -125.152
45.91 40.077 -112.477
43.6 37.921 -105.178
45.004 41.824 -115.737
45.327 43.414 -109.166
40.776 38.234 -105.197
46.131 43.079 -108.9235
49.765 56.136 -120.356
53.087 58.976 -129.7455
51.17 48.259 -106.4455
38.822 35.777 -86.9535
43.868 39.593 -93.866
46.908 46.363 -105.887
39.314 36.392 -91.147
43.712 46.857 -104.5785
39.036 35.052 -84.011
48.059 44.001 -104.799
38.982 37.952 -90.3365
34.421 30.805 -83.264
29.073 28.09 -63.7345
34.49 31.649 -79.849
49.605 47.216 -108.157
43.39 40.553 -105.056
40.738 35.344 -98.248
38.529 36.197 -86.956
35.791 35.748 -87.768
33.96 31.999 -81.0945
33.09 31.734 -79.376
36.372 33.835 -88.7395
36.424 34.869 -98.9635
38.11 39.855 -86.742
38.446 40.987 -93.342
33.449 39.363 -87.64
35.436 34.478 -92.185
37.263 40.288 -98.433
33.568 37.532 -89.402
42.568 44.322 -104.0975
39.819 43.083 -109.047
36.758 38.243 -91.565
44.036 40.469 -104.3075
33.204 36.94 -94.083
43.111 42.701 -101.883
42.291 42.881 -111.574
40.21 40.103 -107.0365
41.288 45.92 -106.2435
53.579 57.723 -142.012
45.674 48.732 -118.3005
47.186 50.48 -117.445
44.319 47.523 -122.155
