-19.417
-18.617
-12.8365
-16.918
-28.8525
-19.7105
-24.361
-20.2325
-21.4505
-20.4345
-21.863
-20.843
-6.4115
-7.657
-15.7385
-22.8505
-20.4575
-23.1355
-25.0485
-12.707
-3.59
-19.271
-15.2215
-17.1055
-28.6815
-25.6155
-32.6145
-31.269
-26.4445
-18.614
-29.53
-20.8245
-25.5185
-19.434
-19.008
-22.977
-15.493
-16.6935
-22.034
-25.0815
-15.292
-24.636
-31.813
-16.9585
-17.0185
-13.24
-24.9425
-14.0315
-30.2195
-21.511
-24.5585
-19.974
-10.363
-7.659
-3.123
-10.036
-17.3915
-14.6345
-12.395
-20.381
-14.8795
-14.6945
-16.1105
-19.4345
-4.6485
-5.892
-3.8025
0.68
-21.315
-14.0865
-12.8295
-22.78
-16.5115
-21.9615
-10.0545
-26.7975
-11.6705
-14.6625
-20.8685
-25.2935
-21.304
-9.6795
-17.1185
-6.2605
-12.1415
-14.97
-1.7005
-3.853
-12.969
-12.9175
-8.7995
-5.291
-0.2615
-16.7215
-15.251
-17.5165
-15.636
-17.0975
-13.399
-13.218
-22.5545
