-15.7965
-18.4895
-19.2915
-10.4195
-16.8605
-7.6295
-21.1455
-18.1845
-15.785
-16.735
-14.7085
-17.525
-25.8065
-18.7695
-12.95
-19.27
-18.439
-19.5485
-27.3795
-35.105
-41.7085
-30.9985
-29.848
-29.4195
-27.726
-11.715
-11.908
-15.6515
-23.1285
-21.326
-18.5205
-14.9425
-21.1265
-19.4935
-27.174
-16.536
-15.8805
-18.811
-18.6895
-21.0255
-25.153
-17.1865
-32.7165
-25.9095
-28.7305
-19.4905
-27.142
-29.6905
-32.1475
-32.905
-24.9385
-24.8385
-16.6655
-22.281
-18.6875
-21.04
-23.2075
-15.966
-21.0935
-29.5625
-31.164
-30.4135
-19.762
-14.2965
-9.763
-13.87
-19.5645
-11.586
-15.8495
-26.7845
-26.2715
-19.6345
-22.2665
-21.1975
-17.533
-11.5425
-10.787
-24.7255
-14.2525
-12.595
-15.2835
-20.1125
-3.2695
-22.0115
-15.653
-16.6535
-18.2875
-16.4645
-29.883
-26.192
-21.5145
-28.4575
-29.5625
-19.0665
-19.9995
-22.308
-28.5615
-30.6395
-20.3785
-24.1815
-27.567
