 750000.000 1.034699 0.910681 0.599066 0.976210
 750500.000 1.037559 0.928623 0.602359 0.963265
 751000.000 1.046444 0.919968 0.615439 0.982335
 751500.000 1.016657 0.906825 0.583513 0.950980
 752000.000 1.046715 0.958727 0.553222 0.982861
 752500.000 1.024209 0.930626 0.564079 0.955908
 753000.000 1.038513 0.934955 0.617272 0.949661
 753500.000 1.011762 0.915565 0.613914 0.912235
 754000.000 1.078052 0.975014 0.621436 0.993760
 754500.000 1.061968 0.949928 0.618289 0.985346
 755000.000 1.035256 0.945770 0.598005 0.944151
 755500.000 1.024571 0.911847 0.623986 0.937374
 756000.000 1.031362 0.923096 0.615610 0.946748
 756500.000 1.025696 0.925722 0.585478 0.950977
 757000.000 1.022941 0.915146 0.622831 0.931347
 757500.000 1.028632 0.881195 0.670391 0.943524
 758000.000 0.990045 0.869724 0.630679 0.897888
 758500.000 0.982909 0.873100 0.594498 0.903596
 759000.000 0.962842 0.884200 0.548266 0.878478
 759500.000 1.001005 0.910245 0.582742 0.914270
 760000.000 0.999144 0.899526 0.633099 0.886914
 760500.000 1.066702 0.979379 0.590737 0.983643
 761000.000 1.009162 0.912099 0.633052 0.896738
 761500.000 1.006866 0.895988 0.641523 0.901782
 762000.000 1.010454 0.894302 0.614913 0.929591
 762500.000 1.027580 0.939460 0.614205 0.923043
 763000.000 1.019447 0.928962 0.591760 0.930266
 763500.000 1.022256 0.902972 0.642206 0.928561
 764000.000 0.991628 0.864535 0.637631 0.901475
 764500.000 1.035008 0.943821 0.628558 0.925525
 765000.000 1.038690 0.945298 0.622657 0.936197
 765500.000 1.027942 0.906350 0.629539 0.946330
 766000.000 1.032947 0.928826 0.628534 0.936047
 766500.000 1.034465 0.916684 0.638528 0.944568
 767000.000 1.037380 0.914162 0.625417 0.962016
 767500.000 1.041696 0.937269 0.612972 0.957107
 768000.000 1.081342 0.957962 0.645031 1.002418
 768500.000 1.043281 0.938208 0.617868 0.956492
 769000.000 1.071317 0.963718 0.593839 1.006998
 769500.000 1.075692 0.980391 0.562132 1.018365
 770000.000 1.063939 0.988127 0.543345 0.996149
 770500.000 1.070033 0.984066 0.569598 0.998554
 771000.000 1.038483 0.947965 0.555912 0.974279
 771500.000 1.054659 0.972781 0.548602 0.988607
 772000.000 1.031005 0.914502 0.610215 0.957741
 772500.000 1.027677 0.908395 0.601136 0.962130
 773000.000 1.055414 0.953131 0.550566 1.008077
 773500.000 1.051190 0.941056 0.563469 1.003454
 774000.000 1.030927 0.895944 0.598058 0.982461
 774500.000 1.062434 0.966506 0.587265 0.989201
 775000.000 1.037772 0.916653 0.630606 0.957093
 775500.000 1.030005 0.905382 0.607206 0.966128
 776000.000 1.041683 0.926787 0.605463 0.971951
 776500.000 1.029002 0.912770 0.598505 0.962462
 777000.000 1.026394 0.900995 0.610905 0.960194
 777500.000 1.050082 0.928419 0.618431 0.980268
 778000.000 1.048034 0.939085 0.599578 0.977434
 778500.000 1.004849 0.898159 0.596507 0.925706
 779000.000 1.047229 0.935156 0.626786 0.962289
 779500.000 1.069773 0.983850 0.572214 0.996715
 780000.000 1.112413 1.019384 0.612720 1.029736
 780500.000 1.062989 0.953808 0.622935 0.980863
 781000.000 1.079328 0.976480 0.599867 1.008240
 781500.000 1.072364 0.983570 0.570934 1.003272
 782000.000 1.048046 0.920302 0.614148 0.986237
 782500.000 1.065986 0.960304 0.603507 0.993100
 783000.000 1.070517 0.946438 0.636555 0.995522
 783500.000 1.091064 1.003461 0.584954 1.015743
 784000.000 1.085864 0.994976 0.583122 1.013999
 784500.000 1.064499 0.988896 0.553050 0.991229
 785000.000 1.076173 1.000179 0.564096 0.998866
 785500.000 1.082296 1.002390 0.555354 1.014656
 786000.000 1.111179 1.032762 0.563361 1.041857
 786500.000 1.105588 1.013333 0.577512 1.041292
 787000.000 1.089703 0.992327 0.609127 1.009532
 787500.000 1.116904 0.983141 0.665058 1.042151
 788000.000 1.080979 0.931717 0.660288 1.016345
 788500.000 1.084050 0.939734 0.663905 1.013142
 789000.000 1.099607 0.982144 0.631836 1.026863
 789500.000 1.103844 0.984172 0.632707 1.033455
 790000.000 1.057083 0.939371 0.644461 0.968040
 790500.000 1.135830 1.026488 0.648855 1.051442
 791000.000 1.141454 1.025526 0.639188 1.070312
 791500.000 1.118762 1.021046 0.605464 1.046009
 792000.000 1.139367 1.015182 0.660101 1.063008
 792500.000 1.104093 1.015710 0.601522 1.022031
 793000.000 1.112128 1.029269 0.609973 1.020880
 793500.000 1.107113 1.003464 0.624316 1.026982
 794000.000 1.128703 1.038542 0.636381 1.031693
 794500.000 1.116005 1.012710 0.638267 1.028576
 795000.000 1.097145 0.991721 0.635447 1.010025
 795500.000 1.108118 0.996108 0.618347 1.039840
 796000.000 1.081307 0.990428 0.629282 0.980563
 796500.000 1.120179 1.009592 0.659999 1.026999
 797000.000 1.061990 0.966203 0.621084 0.967653
 797500.000 1.113812 1.013384 0.632121 1.026952
 798000.000 1.132244 1.021109 0.646960 1.050110
 798500.000 1.104443 0.999090 0.606289 1.036253
 799000.000 1.141937 1.018728 0.648143 1.072446
 799500.000 1.136274 1.030833 0.640793 1.053092
 800000.000 1.117364 0.998687 0.659786 1.031654
 800500.000 1.046306 0.936892 0.643675 0.947328
 801000.000 1.086757 0.985421 0.605144 1.012339
 801500.000 1.096591 0.991132 0.636599 1.008673
 802000.000 1.110919 1.000088 0.647029 1.024432
 802500.000 1.075954 0.975823 0.636385 0.978846
 803000.000 1.117576 1.007206 0.684032 1.007766
 803500.000 1.134561 1.038451 0.627175 1.050109
 804000.000 1.098588 0.977986 0.658197 1.011983
 804500.000 1.039624 0.955666 0.623553 0.927103
 805000.000 1.046725 0.946083 0.613125 0.959308
 805500.000 1.101724 0.974073 0.669547 1.015127
 806000.000 1.082213 0.979295 0.632338 0.991716
 806500.000 1.081064 0.997141 0.593396 0.995486
 807000.000 1.090991 1.001410 0.597382 1.010363
 807500.000 1.166680 1.077010 0.594214 1.099658
 808000.000 1.084565 0.959617 0.623190 1.021437
 808500.000 1.121727 1.012639 0.640433 1.039689
 809000.000 1.062530 0.980393 0.590415 0.973745
 809500.000 1.092005 0.971065 0.658368 1.004257
 810000.000 1.050355 0.960711 0.605864 0.957314
 810500.000 1.067625 0.970390 0.618274 0.977614
 811000.000 1.057899 0.959997 0.574994 0.993019
 811500.000 1.042025 0.953665 0.569422 0.968459
 812000.000 1.082269 0.948671 0.636167 1.018786
 812500.000 1.068655 0.938582 0.636969 0.998690
 813000.000 1.092023 0.982196 0.611983 1.022641
 813500.000 1.064861 0.928131 0.650436 0.991647
 814000.000 1.044913 0.898912 0.648024 0.977605
 814500.000 1.054803 0.891276 0.676059 0.986808
 815000.000 1.054351 0.890802 0.675181 0.986871
 815500.000 1.077053 0.922564 0.647745 1.024397
 816000.000 1.074726 0.912290 0.673763 1.011850
 816500.000 1.072209 0.928357 0.643492 1.011600
 817000.000 1.063197 0.945844 0.617429 0.992440
 817500.000 1.068466 0.937557 0.624244 1.007246
 818000.000 1.073574 0.937735 0.667168 0.990285
 818500.000 1.018541 0.880104 0.645602 0.939929
 819000.000 1.013610 0.889132 0.621685 0.936889
 819500.000 1.045435 0.925947 0.618603 0.972532
 820000.000 1.056491 0.936837 0.639344 0.972587
 820500.000 1.029517 0.906878 0.625437 0.951951
 821000.000 1.027858 0.895054 0.643442 0.947547
 821500.000 1.020731 0.863999 0.667889 0.944041
 822000.000 1.017222 0.866444 0.667737 0.934282
 822500.000 1.022512 0.882016 0.640632 0.950105
 823000.000 1.058915 0.932573 0.626604 0.990089
 823500.000 1.052844 0.910161 0.639802 0.989556
 824000.000 1.049677 0.912386 0.650776 0.973491
 824500.000 1.012417 0.894625 0.618047 0.931473
 825000.000 1.008223 0.878916 0.629014 0.929986
 825500.000 1.029920 0.930566 0.598522 0.947251
 826000.000 1.022650 0.921097 0.592438 0.944576
 826500.000 1.018741 0.899607 0.617770 0.940604
 827000.000 1.061107 0.960369 0.592031 0.989487
 827500.000 1.039918 0.948412 0.577395 0.964359
 828000.000 1.076771 0.979313 0.599669 1.000108
 828500.000 1.037035 0.940153 0.594720 0.955668
 829000.000 1.040324 0.925235 0.623494 0.959034
 829500.000 1.048442 0.938208 0.612133 0.971350
 830000.000 1.022572 0.884890 0.635696 0.950876
 830500.000 1.029874 0.884448 0.633500 0.968356
 831000.000 1.041164 0.916480 0.601139 0.983230
 831500.000 1.035853 0.928008 0.582419 0.972406
 832000.000 1.033587 0.934091 0.564708 0.972205
 832500.000 0.998597 0.893061 0.568848 0.934476
 833000.000 1.009819 0.908707 0.569600 0.943014
 833500.000 1.058823 0.951346 0.581580 0.999459
 834000.000 1.024213 0.958878 0.515975 0.955168
 834500.000 1.042450 0.962680 0.555567 0.968503
 835000.000 1.031415 0.949661 0.562129 0.953828
 835500.000 1.032769 0.940872 0.574332 0.958188
 836000.000 1.042526 0.954604 0.586041 0.958649
 836500.000 1.024506 0.923921 0.603467 0.938842
 837000.000 1.060997 0.975604 0.565621 0.989798
 837500.000 1.021734 0.911177 0.600338 0.947223
 838000.000 1.049857 0.949731 0.597355 0.972408
 838500.000 1.034772 0.957733 0.568506 0.949239
 839000.000 1.037466 0.956642 0.569693 0.955489
 839500.000 1.031393 0.943715 0.586365 0.945050
 840000.000 1.043054 0.924726 0.620989 0.967046
 840500.000 1.018385 0.920579 0.598409 0.932018
 841000.000 1.034201 0.955140 0.560929 0.955096
 841500.000 1.034145 0.942526 0.575375 0.958906
 842000.000 1.040644 0.930221 0.615137 0.960301
 842500.000 1.022123 0.928549 0.596782 0.933338
 843000.000 1.045324 0.973618 0.579868 0.949329
 843500.000 1.061644 0.984153 0.571962 0.979019
 844000.000 1.057444 0.962446 0.592225 0.979461
 844500.000 1.042254 0.956495 0.594786 0.950754
 845000.000 1.046260 0.951295 0.608956 0.955790
 845500.000 1.046411 0.964415 0.559348 0.973133
 846000.000 1.039170 0.962142 0.553042 0.963418
 846500.000 1.094149 0.973869 0.639902 1.018051
 847000.000 1.043043 0.944144 0.606267 0.957553
 847500.000 1.019619 0.924424 0.594141 0.933639
 848000.000 1.054476 0.965797 0.613135 0.956630
 848500.000 1.066771 0.974169 0.612321 0.975734
 849000.000 1.037785 0.942317 0.606112 0.947977
 849500.000 1.036128 0.953721 0.578949 0.949923
 850000.000 1.045915 0.963174 0.588887 0.955712
 850500.000 1.034145 0.954594 0.576548 0.946177
 851000.000 1.040772 0.968569 0.563589 0.954282
 851500.000 1.061041 0.971082 0.589512 0.980353
 852000.000 1.065881 0.983355 0.576604 0.986279
 852500.000 1.037376 0.951167 0.577284 0.956202
 853000.000 1.047144 0.955463 0.584165 0.968950
 853500.000 1.028523 0.939508 0.562156 0.957613
 854000.000 1.079977 0.994578 0.587112 0.999407
 854500.000 1.065383 0.962872 0.583236 1.001396
 855000.000 1.073672 0.991476 0.587265 0.988756
 855500.000 1.070549 0.962735 0.601315 1.001854
 856000.000 1.082015 0.971641 0.600506 1.018241
 856500.000 1.055590 0.951740 0.595851 0.983713
 857000.000 1.037019 0.960574 0.557215 0.957927
 857500.000 1.066224 0.983792 0.558251 0.997084
 858000.000 1.041474 0.954294 0.595340 0.950909
 858500.000 1.070914 1.002552 0.556426 0.989442
 859000.000 1.049699 0.992551 0.526448 0.970274
 859500.000 1.039022 0.973797 0.543867 0.956589
 860000.000 1.058974 0.968992 0.571032 0.988851
 860500.000 1.011396 0.912908 0.583674 0.933686
 861000.000 1.048679 0.931949 0.613062 0.977283
 861500.000 1.048709 0.968521 0.555807 0.976025
 862000.000 1.022655 0.927392 0.581603 0.945162
 862500.000 1.035327 0.955862 0.540561 0.968466
 863000.000 1.064911 0.979908 0.556452 0.999105
 863500.000 1.042784 0.963486 0.559039 0.966420
 864000.000 1.030835 0.942086 0.566613 0.957426
 864500.000 1.031380 0.935101 0.592172 0.949952
 865000.000 1.069610 0.959420 0.624611 0.988689
 865500.000 1.037845 0.933895 0.599541 0.960540
 866000.000 1.011404 0.893932 0.610848 0.934681
 866500.000 1.015269 0.904928 0.586585 0.947926
 867000.000 1.045152 0.942272 0.577379 0.981551
 867500.000 1.034410 0.925384 0.580903 0.972740
 868000.000 1.035376 0.930279 0.584576 0.967914
 868500.000 1.018473 0.917432 0.592912 0.938801
 869000.000 0.998348 0.890848 0.590008 0.922865
 869500.000 0.998585 0.920078 0.570977 0.906524
 870000.000 1.034283 0.951588 0.592576 0.939582
 870500.000 1.056704 0.959902 0.599513 0.975921
 871000.000 1.046720 0.956312 0.578953 0.970323
 871500.000 1.056253 0.970936 0.577063 0.977561
 872000.000 1.019384 0.902301 0.609427 0.944850
 872500.000 1.064669 0.922342 0.659603 0.990581
 873000.000 1.069742 0.883848 0.699101 1.009339
 873500.000 1.049896 0.876266 0.688622 0.981080
 874000.000 1.047758 0.867232 0.698192 0.977769
 874500.000 1.007251 0.831555 0.690813 0.927578
 875000.000 1.036090 0.874551 0.680949 0.958350
 875500.000 1.034031 0.864780 0.692807 0.954262
 876000.000 1.011767 0.857889 0.667958 0.930162
 876500.000 1.015750 0.859398 0.673954 0.933122
 877000.000 1.022409 0.863587 0.687387 0.933999
 877500.000 0.994070 0.853075 0.654551 0.905634
 878000.000 1.020892 0.869253 0.662442 0.943402
 878500.000 1.050647 0.870438 0.688315 0.988068
 879000.000 1.028547 0.901549 0.627375 0.953639
 879500.000 1.003672 0.851761 0.664514 0.920672
 880000.000 1.026750 0.881963 0.665716 0.942016
 880500.000 1.067829 0.926246 0.677017 0.981955
 881000.000 1.040958 0.931629 0.582504 0.979768
 881500.000 1.037309 0.906020 0.620570 0.972646
 882000.000 1.025493 0.900325 0.617143 0.954894
 882500.000 1.005373 0.896626 0.580115 0.938657
 883000.000 1.048124 0.921134 0.633720 0.973161
 883500.000 1.043579 0.930383 0.601934 0.974771
 884000.000 1.065473 0.936993 0.619556 1.004321
 884500.000 1.048290 0.937164 0.590958 0.985046
 885000.000 1.022575 0.883726 0.628552 0.956698
 885500.000 1.038976 0.924667 0.601371 0.970714
 886000.000 1.044695 0.941010 0.590307 0.974071
 886500.000 1.073047 0.950162 0.630685 1.001143
 887000.000 1.023389 0.892690 0.622637 0.953979
 887500.000 1.046111 0.910551 0.632697 0.979431
 888000.000 1.067035 0.917720 0.648988 1.006844
 888500.000 1.042681 0.899692 0.657739 0.965559
 889000.000 1.025119 0.861413 0.659741 0.961481
 889500.000 1.040792 0.863116 0.679491 0.979704
 890000.000 1.043432 0.880374 0.676243 0.972182
 890500.000 1.071972 0.943257 0.619334 1.012393
 891000.000 1.056905 0.921195 0.642207 0.986441
 891500.000 1.045569 0.908377 0.625435 0.984943
 892000.000 1.056900 0.912959 0.660363 0.982091
 892500.000 1.094583 0.950823 0.660514 1.027561
 893000.000 1.066030 0.962363 0.581322 1.004371
 893500.000 1.075270 0.942623 0.629600 1.013646
 894000.000 1.122039 1.002053 0.623434 1.060737
 894500.000 1.088166 0.976868 0.599343 1.026999
 895000.000 1.070410 0.940526 0.619665 1.011425
 895500.000 1.049451 0.923196 0.627977 0.977778
 896000.000 1.052137 0.924053 0.623805 0.985381
 896500.000 1.068823 0.946072 0.609360 1.009154
 897000.000 1.046683 0.926904 0.624674 0.970424
 897500.000 1.075860 0.956855 0.612541 1.012013
 898000.000 1.077753 0.952063 0.623390 1.013935
 898500.000 1.044843 0.911400 0.638872 0.971898
 899000.000 1.041331 0.879654 0.685879 0.961520
 899500.000 1.073678 0.910156 0.710080 0.986394
 900000.000 1.021702 0.877989 0.647776 0.947244
 900500.000 1.015076 0.900832 0.586978 0.951166
 901000.000 1.040141 0.883194 0.653508 0.978102
 901500.000 1.048093 0.895797 0.658482 0.980278
 902000.000 1.027513 0.899288 0.615384 0.961326
 902500.000 1.017137 0.882089 0.624889 0.948983
 903000.000 1.026861 0.901814 0.606916 0.962948
 903500.000 1.054906 0.917491 0.638841 0.987799
 904000.000 1.067300 0.968458 0.559005 1.013835
 904500.000 1.084783 0.979197 0.589068 1.023564
 905000.000 1.022026 0.907263 0.594176 0.955460
 905500.000 1.064680 0.979344 0.554833 1.000067
 906000.000 1.040661 0.964839 0.536944 0.973000
 906500.000 1.031730 0.947677 0.540970 0.968604
 907000.000 1.060843 0.984877 0.546752 0.990886
 907500.000 1.045635 0.972720 0.518896 0.985529
 908000.000 1.030108 0.948865 0.543939 0.962305
 908500.000 1.017562 0.934088 0.536071 0.954449
 909000.000 1.025594 0.934635 0.545533 0.965678
 909500.000 1.028568 0.959106 0.531019 0.956052
 910000.000 1.032212 0.954689 0.550148 0.957511
 910500.000 1.006535 0.912734 0.573539 0.929622
 911000.000 1.055270 0.990521 0.524331 0.985462
 911500.000 1.026709 0.971665 0.496282 0.958036
 912000.000 1.052226 0.993066 0.504405 0.986790
 912500.000 1.081010 1.010392 0.528624 1.018248
 913000.000 1.029805 0.972248 0.495902 0.964268
 913500.000 1.026993 0.965674 0.507257 0.958955
 914000.000 1.053067 0.984433 0.514465 0.992026
 914500.000 1.053372 0.993664 0.499367 0.991187
 915000.000 1.073468 1.008020 0.524660 1.006625
 915500.000 1.057139 0.988386 0.516770 0.995553
 916000.000 1.034135 0.958916 0.528899 0.969338
 916500.000 1.044543 0.964385 0.536049 0.982218
 917000.000 1.081250 0.993270 0.543109 1.027935
 917500.000 1.080112 0.993769 0.545837 1.023605
 918000.000 1.065267 0.956984 0.594961 0.999895
 918500.000 1.040515 0.935206 0.578134 0.978005
 919000.000 1.087143 0.982695 0.583081 1.028632
 919500.000 1.066324 0.963581 0.584327 1.002083
 920000.000 1.087897 0.991669 0.587364 1.019135
 920500.000 1.096127 0.989305 0.597609 1.033020
 921000.000 1.069843 0.949370 0.604715 1.011013
 921500.000 1.083000 0.997951 0.549771 1.023535
 922000.000 1.055665 0.961336 0.561904 0.994462
 922500.000 1.033637 0.952147 0.544868 0.966099
 923000.000 1.066025 0.974710 0.556544 1.006488
 923500.000 1.056744 0.972280 0.549808 0.992874
 924000.000 1.053997 0.972498 0.536470 0.994117
 924500.000 1.069597 0.987303 0.541536 1.009974
 925000.000 1.056178 0.962449 0.561256 0.994843
 925500.000 1.075644 0.986953 0.555597 1.015508
 926000.000 1.093387 1.005227 0.557362 1.034339
 926500.000 1.090156 1.005818 0.558555 1.026268
 927000.000 1.081434 0.994598 0.557976 1.019036
 927500.000 1.061909 0.939452 0.615235 0.997104
 928000.000 1.053934 0.938166 0.615573 0.981055
 928500.000 1.061288 0.953535 0.593311 0.995700
 929000.000 1.075025 0.998244 0.547912 1.007303
 929500.000 1.064642 0.984741 0.557733 0.993048
 930000.000 1.085043 0.987001 0.594253 1.013574
 930500.000 1.117154 1.018564 0.607522 1.043797
 931000.000 1.177623 1.091737 0.605526 1.102290
 931500.000 1.160912 1.085386 0.590837 1.080873
 932000.000 1.162515 1.026694 0.682560 1.087608
 932500.000 1.145389 1.038663 0.632159 1.070228
 933000.000 1.161262 1.062460 0.628885 1.082932
 933500.000 1.158209 1.020718 0.687267 1.081062
 934000.000 1.142627 1.006317 0.700349 1.052630
 934500.000 1.129156 0.989013 0.680941 1.052692
 935000.000 1.100562 0.940498 0.705453 1.019938
 935500.000 1.139187 1.003343 0.682590 1.059654
 936000.000 1.186406 1.062431 0.668375 1.113389
 936500.000 1.096996 0.951272 0.698930 1.006668
 937000.000 1.091709 0.955623 0.676798 1.006174
 937500.000 1.168067 1.036301 0.672827 1.096424
 938000.000 1.156223 1.042395 0.666234 1.069228
 938500.000 1.161522 1.029418 0.676509 1.086692
 939000.000 1.152847 1.050418 0.645049 1.067074
 939500.000 1.111620 1.015276 0.602644 1.037996
 940000.000 1.073731 0.963568 0.616933 0.998362
 940500.000 1.149250 1.036025 0.652318 1.068965
 941000.000 1.117140 1.013786 0.611985 1.045808
 941500.000 1.125947 1.032794 0.588839 1.059300
 942000.000 1.084973 0.998887 0.572372 1.014370
 942500.000 1.088163 0.994789 0.574790 1.023821
 943000.000 1.083284 0.973450 0.608685 1.014349
 943500.000 1.076779 0.984626 0.587552 1.002099
 944000.000 1.102677 1.023618 0.557667 1.035860
 944500.000 1.080329 0.983140 0.604377 1.001193
 945000.000 1.096961 0.965001 0.643277 1.030348
 945500.000 1.101598 0.988883 0.624576 1.029101
 946000.000 1.086015 0.982502 0.594259 1.020003
 946500.000 1.090267 0.977441 0.639183 1.006686
 947000.000 1.083997 0.961658 0.618638 1.021077
 947500.000 1.061779 0.955926 0.603326 0.988408
 948000.000 1.078772 0.972184 0.611286 1.004334
 948500.000 1.066640 0.976614 0.591502 0.985795
 949000.000 1.055081 0.966616 0.580144 0.977487
 949500.000 1.083991 0.973570 0.610070 1.014914
 950000.000 1.093491 1.011423 0.566156 1.023688
 950500.000 1.072773 0.961760 0.613966 0.999872
 951000.000 1.088907 0.986837 0.594921 1.021596
 951500.000 1.093645 0.992238 0.588247 1.030314
 952000.000 1.108910 1.002103 0.596473 1.048510
 952500.000 1.087172 0.983256 0.595984 1.020733
 953000.000 1.095349 1.007632 0.577546 1.025036
 953500.000 1.077837 0.993654 0.576336 1.001975
 954000.000 1.078715 0.963382 0.610745 1.012985
 954500.000 1.068896 0.967846 0.582508 1.004508
 955000.000 1.079938 0.976346 0.593756 1.013279
 955500.000 1.082184 0.963899 0.628115 1.009264
 956000.000 1.115348 1.005729 0.614496 1.048286
 956500.000 1.083266 0.983399 0.594223 1.013290
 957000.000 1.078607 0.980723 0.589349 1.008779
 957500.000 1.075789 0.955986 0.612899 1.012467
 958000.000 1.077204 0.976935 0.592700 1.007493
 958500.000 1.126499 1.026131 0.600011 1.060680
 959000.000 1.095208 1.006915 0.578241 1.025047
 959500.000 1.063616 0.970673 0.575381 0.994630
 960000.000 1.106043 0.999322 0.611784 1.036213
 960500.000 1.093823 0.999364 0.585638 1.025278
 961000.000 1.130130 1.014866 0.621352 1.066937
 961500.000 1.092309 0.975620 0.615739 1.027283
 962000.000 1.084072 0.978065 0.603221 1.014858
 962500.000 1.089201 1.010734 0.590525 1.001206
 963000.000 1.077977 1.000551 0.555082 1.007399
 963500.000 1.091405 1.009471 0.564226 1.022227
 964000.000 1.111005 1.035101 0.547481 1.047614
 964500.000 1.069217 0.998416 0.533123 1.002695
 965000.000 1.076392 1.002100 0.534180 1.013748
 965500.000 1.105755 1.037403 0.552295 1.031579
 966000.000 1.082249 1.011203 0.552078 1.007573
 966500.000 1.106540 1.036701 0.524622 1.048276
 967000.000 1.105620 1.051524 0.519936 1.033805
 967500.000 1.082861 1.021224 0.526895 1.012256
 968000.000 1.079823 1.022917 0.498356 1.018489
 968500.000 1.070286 1.009590 0.511989 1.004798
 969000.000 1.105108 1.041830 0.535659 1.034497
 969500.000 1.089766 1.027171 0.553283 1.006964
 970000.000 1.057483 0.990797 0.561984 0.969038
 970500.000 1.094334 1.021886 0.580945 1.006671
 971000.000 1.094743 1.019842 0.580474 1.009900
 971500.000 1.143116 1.052821 0.629235 1.053118
 972000.000 1.129255 1.042342 0.600985 1.050130
 972500.000 1.122466 1.023442 0.622990 1.041303
 973000.000 1.118513 1.017841 0.627122 1.035789
 973500.000 1.129651 1.028093 0.622481 1.052505
 974000.000 1.107553 1.015916 0.595986 1.032501
 974500.000 1.100239 1.007936 0.580368 1.033581
 975000.000 1.093031 0.990923 0.605843 1.020029
 975500.000 1.077241 0.998551 0.576469 0.995730
 976000.000 1.084474 0.976138 0.608391 1.014486
 976500.000 1.102804 1.000280 0.603739 1.033098
 977000.000 1.093868 1.029531 0.538132 1.021555
 977500.000 1.087372 1.008206 0.559387 1.017528
 978000.000 1.089720 1.013382 0.555440 1.019570
 978500.000 1.092846 1.003401 0.581532 1.021582
 979000.000 1.089360 1.006500 0.558806 1.023770
 979500.000 1.108506 1.000470 0.598695 1.047950
 980000.000 1.102540 1.000054 0.590551 1.040351
 980500.000 1.092755 0.985938 0.593388 1.031523
 981000.000 1.105696 1.006687 0.590033 1.040948
 981500.000 1.116470 1.019282 0.587481 1.053061
 982000.000 1.087456 0.986703 0.593522 1.019446
 982500.000 1.104538 1.008590 0.586374 1.038710
 983000.000 1.116126 1.026398 0.574457 1.052607
 983500.000 1.094323 1.010389 0.554247 1.032962
 984000.000 1.139150 1.054994 0.568260 1.076752
 984500.000 1.117130 1.028831 0.582331 1.048024
 985000.000 1.100797 1.013990 0.571856 1.033593
 985500.000 1.101080 1.011117 0.572003 1.036923
 986000.000 1.088040 1.003927 0.581058 1.011021
 986500.000 1.092409 1.003418 0.577412 1.022968
 987000.000 1.094906 1.029867 0.546011 1.019257
 987500.000 1.077991 1.005652 0.533443 1.014019
 988000.000 1.142823 1.061787 0.588253 1.067077
 988500.000 1.105434 1.031454 0.554898 1.035452
 989000.000 1.150137 1.078161 0.554692 1.084213
 989500.000 1.095993 1.014736 0.562876 1.027562
 990000.000 1.131513 1.058357 0.546804 1.068422
 990500.000 1.105294 1.034241 0.541775 1.039314
 991000.000 1.109143 1.015517 0.585898 1.042040
 991500.000 1.077306 0.978037 0.595963 1.004714
 992000.000 1.085866 0.999521 0.579161 1.011802
 992500.000 1.122042 1.030573 0.591440 1.051700
 993000.000 1.105709 1.006750 0.603703 1.033046
 993500.000 1.110206 1.006978 0.608069 1.039887
 994000.000 1.094764 0.996852 0.608689 1.016268
 994500.000 1.093767 0.995659 0.614998 1.011480
 995000.000 1.089949 0.978001 0.639480 1.005265
 995500.000 1.145984 1.045513 0.627800 1.067394
 996000.000 1.102517 0.988740 0.623734 1.031715
 996500.000 1.094353 0.987745 0.615368 1.020243
 997000.000 1.085442 0.983266 0.587638 1.021880
 997500.000 1.080903 0.969985 0.612487 1.010293
 998000.000 1.086164 0.967261 0.639174 1.007655
 998500.000 1.096374 0.979145 0.607812 1.037261
 999000.000 1.085721 0.969230 0.604764 1.025882
 999500.000 1.097769 0.995759 0.584866 1.037590
1000000.000 1.119227 1.006478 0.614932 1.055556
