68.055 71.789 -177.633
64.964 72.195 -174.5375
62.604 67.51 -169.7655
65.85 72.982 -171.1295
64.179 69.424 -162.8785
66.665 66.058 -162.9885
63.295 61.806 -152.3365
66.116 73.068 -176.9865
68.586 75.361 -180.116
72.64 80.721 -189.2615
71.852 84.096 -194.638
76.33 76.615 -189.75
69.305 78.358 -187.3025
76.802 83.85 -191.7415
61.185 65.059 -166.2265
63.061 68.225 -160.4045
71.673 78.872 -187.0965
63.285 59.989 -147.64
68.993 69.854 -167.667
71.957 71.032 -172.214
62.511 59.04 -153.333
71.84 72.197 -181.6775
71.485 72.135 -170.647
83.242 80.202 -194.739
69.251 72.743 -176.25
67.613 66.581 -161.7745
79.372 75.1 -192.038
72.907 64.368 -167.7745
64.227 66.311 -163.195
68.804 70.74 -162.4305
61.33 58.722 -150.9785
79.573 72.293 -197.194
77.417 70.982 -171.0325
69.497 68.199 -167.1165
80.225 73.309 -191.054
69.944 63.347 -168.821
70.266 73.316 -177.239
80.232 82.141 -200.19
77.443 73.673 -180.8115
73.518 67.482 -166.169
66.79 61.905 -155.22
72.969 67.725 -168.349
73.922 70.6 -178.297
66.762 58.335 -158.316
86.613 75.677 -207.263
79.22 68.214 -185.439
80.987 79.266 -203.077
70.901 68.591 -175.3985
71.979 66.467 -177.3465
85.005 80.495 -196.694
81.785 70.578 -189.59
78.942 70.529 -181.692
77.003 68.158 -190.4395
84.046 78.775 -190.7975
49.274 42.419 -111.109
65.493 61.091 -159.859
57.462 59.572 -137.5865
71.236 67.63 -162.8895
84.339 72.234 -189.462
75.431 65.788 -167.54
61.713 52.101 -133.691
62.068 50.054 -131.901
66.619 61.631 -145.025
68.679 60.323 -155.351
76.062 64.565 -171.085
73.156 61.399 -152.5065
80.691 71.474 -184.77
83.658 81.493 -193.881
70.312 71.732 -168.7315
76.545 69.479 -176.1605
77.396 70.234 -175.8485
67.566 59.918 -158.695
78.658 78.661 -186.35
81.269 73.824 -182.3695
89.145 79.967 -209.394
74.291 67.118 -173.557
75.329 67.633 -165.8945
71.27 54.348 -157.514
68.576 62.118 -149.366
75.634 64.52 -179.765
80.562 71.965 -186.419
81.934 69.96 -185.334
86.662 75.445 -202.218
78.204 63.293 -173.0765
86.732 75.208 -196.7545
109.025 88.466 -245.061
90.979 77.056 -207.1635
102.937 88.367 -223.141
93.763 84.834 -209.0465
90.951 81.805 -203.211
89.752 81.227 -216.7105
90.726 82.088 -217.4565
99.357 86.652 -219.0205
104.191 95.464 -242.3715
97.144 80.827 -219.26
99.488 79.252 -224.571
91.883 78.608 -213.3125
118.15 101.812 -263.9315
102.059 91.381 -239.2675
125.207 112.387 -290.5825
115.519 106.144 -266.116
